Diffusion in Zeolites. ZSM5 (Silicate) Crystal Structure, Si(96)O(192) +
         2         2       300     13334   1.0000000E-03   1.3334000E+01
       20.3183600000        0.0000000000        0.0000000000            
        0.0000000000       20.1714600000        0.0000000000            
        0.0000000000        0.0000000000       13.5858629500            
Si               1                                                      
     1.721690262        -1.018749910        -4.919316940                
     8.421048032         2.067805302        -2.638001455                
     9035.265997        -14463.68520         29292.13500                
Si               2                                                      
    -8.581751421        -8.630493863        -2.377515083                
    -2.641646336         4.216926119         4.000328369                
    -58341.80372        -3839.574570         1448.945947                
Si               3                                                      
    -8.402621666        -1.213550448        -2.115709658                
     3.302178750        -3.011770002        0.4552070195E-01            
     26054.25604         35716.54005        -20372.31913                
Si               4                                                      
     1.652903613        -8.877845538        -4.521482233                
     10.07302890        -1.967799222        -2.224337283                
    -7173.785322         9024.358679         21562.21560                
Si               5                                                      
     4.007744474       -0.6624844641        -2.794329943                
    -6.622105497         1.872267166        -9.168599790                
     7682.793192        -23331.15628         23648.73257                
Si               6                                                      
    -6.351201894        -9.414921807        -4.290667277                
    -3.105759930       -0.7834981041        -5.898879122                
     21899.06393        -38172.06828         24482.21741                
Si               7                                                      
    -6.108383124       -0.5145602090        -4.116574393                
    -3.921294176        -3.818604072        -3.573686291                
     6668.712690        -12803.07003         1703.432122                
Si               8                                                      
     3.896772364        -9.443297768        -2.486333805                
     1.280849819         3.879681220        -1.615735531                
     317.6664184         23838.99956         10530.48022                
Si               9                                                      
     5.821109961         1.370798360        -6.449233270                
    -1.246402514        -3.849956135        -1.683696310                
     9105.584321        -8491.479372        -17805.39166                
Si              10                                                      
    -4.461763641         8.970953916       -0.5935090127                
    0.3996416092        0.4702004810         4.350014287                
     30917.19255         12535.59110         34486.70713                
Si              11                                                      
    -4.293684955         1.341583350       -0.3286783919                
    -1.705171356         8.453661916       -0.3746513922E-01            
    -5145.956135         10770.55108        -2933.515474                
Si              12                                                      
     5.744901329         8.922616088        -6.266026546                
     1.927108947        -4.759763674       -0.5237374806E-01            
     14557.73033        -16307.58190        -27948.53107                
Si              13                                                      
     2.650281255         1.531349468        -6.616343030                
   -0.2894863116        -3.691531482         7.731920352                
    -13101.17969        -12853.36960        -19906.94280                
Si              14                                                      
    -7.604524484         9.090981315       -0.5854678989                
     6.258171527        0.9220515107        -4.667924976                
    -20383.19503        -10826.52943        -5193.960229                
Si              15                                                      
    -7.536879302         1.341931559       -0.2368786744                
    -8.331572119        -3.329547706       -0.4776269233E-01            
    -1373.001614        -8389.584972        -41653.75837                
Si              16                                                      
     2.602736603         8.895285593        -6.315653088                
    -1.061602941         2.358168136         4.634388160                
    -18210.04721         12892.59135        -30918.07666                
Si              17                                                      
     8.950712213       -0.6006012177        -2.523183023                
     1.994849226        -10.21130253         2.803606172                
     3462.701688         13016.45617        -14416.88390                
Si              18                                                      
    -1.429291087        -9.397682887        -4.477188143                
    -2.935014342        0.5666087314E-01   -0.3769087692                
     11344.98376        -7024.571680         18343.75806                
Si              19                                                      
    -1.267741019       -0.4996277559        -4.301001207                
    -7.204565136         2.704832264         1.397904159                
    -16113.80224         10834.01911         27853.01753                
Si              20                                                      
     8.662431895        -9.463696631        -2.511088177                
    -6.115332378         10.38824981         3.473206250                
     14178.84411        -22352.92860        -3525.356112                
Si              21                                                      
     6.614711063        -1.104778074        -4.513490009                
     1.978928081         2.512683144        -1.192951187                
    -3936.547154        -3880.192347        -34840.47822                
Si              22                                                      
    -3.772869114        -8.758274892        -2.554895563                
    -11.80724907        -8.065307661       -0.7264464887                
     21282.42539        -13166.52029         29387.97894                
Si              23                                                      
    -3.658660494        -1.019254520        -2.225486672                
    -2.168620582        -1.003273221         2.319379365                
     22308.98145        -34555.90799        -34100.68555                
Si              24                                                      
     6.291037002        -8.762327871        -4.454712190                
    -3.083450752         4.593407678         2.266064192                
    -8945.297421        -24241.83402         18412.36610                
Si              25                                                      
     1.798996163         3.599098960        -4.565064538                
    0.8799386184        -4.105563322         3.449568866                
    -1142.435899         17015.50757         29507.10868                
Si              26                                                      
    -8.636942738         6.739558731        -2.390135221                
   -0.7608004259        -2.890325660        0.4985673612                
    -10339.66016        -7000.076588         29817.16086                
Si              27                                                      
    -8.599201185         3.640501872        -2.052132031                
     4.991908450         2.232481938        -10.87667373                
    -24261.25803        -5131.175716         5367.489643                
Si              28                                                      
     1.516212166         6.783887351        -4.276141018                
     4.105933663         8.703921511         3.039475282                
    -18847.90577        -5447.406377        -19301.09160                
Si              29                                                      
     4.074743485         2.424673329        -2.757622793                
    -3.240589711         8.469624344        -1.165493933                
    -894.7423787         5860.377156         7842.073583                
Si              30                                                      
    -6.436461279         7.552009190        -4.396018998                
    -3.402643163        -7.790293450         3.211972082                
     1970.981623         5525.830690         18433.22869                
Si              31                                                      
    -6.355521137         2.666023581        -4.050911891                
     1.961620540        -1.104322203         1.617554998                
     11267.91251         5489.413746        -1910.662397                
Si              32                                                      
     3.857582300         7.566826368        -2.488431073                
    0.7919780710         6.753590778         2.410382258                
     12830.73788         25861.78482         9103.736534                
Si              33                                                      
     5.914464932        -3.420376519        -6.467755520                
     7.687818526        0.2936232890       -0.2780937401                
    -2349.635780        -2436.668247         31351.38390                
Si              34                                                      
    -4.438929859        -6.476171926       -0.5173791752                
    -3.739411010         3.078794887       -0.6186026774                
     9398.584655        -8218.971742        -24928.46817                
Si              35                                                      
    -4.429605714        -3.390415204       -0.3681773445                
     4.749875417        -7.085427812         5.485426633                
    -24041.75861        -24439.59669        -6489.349447                
Si              36                                                      
     5.813927134        -6.550151577        -6.492787728                
    -7.753225781        -11.06314727        -3.848023041                
    -26028.87018        -488.2619794         11696.14983                
Si              37                                                      
     2.734849503        -3.508976207        -6.668270674                
    0.4495037304        -7.362544972         5.403562725                
    -819.9942722         6529.966986         42740.59820                
Si              38                                                      
    -7.622273830        -6.522396116       -0.4761447251                
   -0.5078177358        -6.262172903         1.711883778                
     15316.08317         33972.31155         305.6087979                
Si              39                                                      
    -7.606061787        -3.463227287       -0.1657343638                
    -5.751510040         3.424969439         8.374091720                
    -9610.356392         10345.38192        -2962.384092                
Si              40                                                      
     2.539647434        -6.647047329        -6.436430407                
    -6.176488264         4.236222510         6.177005586                
     22345.96229         23315.24812        -16045.54190                
Si              41                                                      
     8.765458000         2.549885712        -2.336145878                
     3.694089087         1.309416780         2.253474836                
    -3947.364205         31438.48206        -8955.795577                
Si              42                                                      
    -1.513652808         7.592470849        -4.464855803                
    -11.97431027         3.301180158       -0.6414399162E-01            
    -15302.16776        -24286.88163         20407.14170                
Si              43                                                      
    -1.183463346         2.667717808        -4.038796159                
    -5.489671327        -1.608916255         2.902590857                
    -9803.756343         33518.93110        -28874.70184                
Si              44                                                      
     8.605251633         7.519975902        -2.398275808                
     9.089848072         5.707680887       -0.9992525346                
     4052.614043         5474.896733         23100.51668                
Si              45                                                      
     6.538161783         3.537073873        -4.411476037                
    0.1428232961       -0.8297620304         3.966017871                
     10187.88467        -14828.46030         1771.524853                
Si              46                                                      
    -3.971061965         6.723152228        -2.571532168                
    -2.814366038         1.864619295        -2.535979856                
     16868.60024        -41218.00003        -10660.34205                
Si              47                                                      
    -3.748812881         3.578563599        -2.419919839                
     1.780404455        -9.332123810         5.473659111                
     33933.17271         13670.76288        -17402.63397                
Si              48                                                      
     6.283183299         6.649303230        -4.255527303                
    -3.257288676         2.834499759        -8.184378719                
     14592.82129        -17827.17361        -18941.17717                
Si              49                                                      
     8.626007463         1.092389492         2.135492367                
    -3.395491868         8.215415000        -1.223166612                
    -16841.10105         24518.29074         41797.64876                
Si              50                                                      
    -1.577475056         8.745035660         4.432515784                
     1.547296698         2.717432496         5.504401538                
     12373.23450         2146.227468        -2407.585220                
Si              51                                                      
    -1.621282900         1.251693881         4.584931051                
     3.651799290        -2.612310114         2.073148835                
    -1390.615941         18710.36118         2872.149415                
Si              52                                                      
     8.562874086         8.692124709         2.349020503                
    0.9641729873         5.373327871        -6.474755570                
     18608.50921         16406.31336        -2912.061405                
Si              53                                                      
     6.232478981        0.5328146884         4.081144325                
     6.030997629       -0.6058229232        -3.138567798                
    -9946.503775         14823.97778        -1258.260650                
Si              54                                                      
    -3.648432678         9.651037131         2.390973487                
    -8.619940671         5.695989532         5.718854970                
    -11979.16821         4038.478313         1832.635291                
Si              55                                                      
    -3.932596412        0.5750813908         2.689519308                
     2.455126837        -2.903720595         7.366577249                
     2913.810068         43790.98493        -6999.931058                
Si              56                                                      
     6.289113625         9.445721258         4.232094443                
    -6.769390664       -0.5580907878E-01   -0.3439949579                
    -13659.94021        -22056.02180         22859.67327                
Si              57                                                      
     4.617427347        -1.253620936        0.2279147582                
    -3.784858517       -0.4768270231        -8.838159003                
     10370.33384        -30719.59643         17992.06299                
Si              58                                                      
    -5.621942132        -8.921605447         6.312501193                
    -5.636493921         2.929676142         4.638065465                
     6710.601710         16515.58194        -14522.42214                
Si              59                                                      
    -5.492985657        -1.348847204         6.484791384                
     1.842452567        -4.474716813        0.3785415394                
    -2318.783423         17950.91641        -2119.621284                
Si              60                                                      
     4.625010008        -8.843949962        0.4743771430                
     3.774540980        0.9619502780        0.1813754880                
    -27680.07818        -11871.15175         1611.475003                
Si              61                                                      
     7.843144239        -1.315281512        0.3030375937                
    -5.622086871         1.350771817        -3.417710195                
     7476.241034        -28594.74920         14942.93545                
Si              62                                                      
    -2.465892402        -8.844435366         6.185995141                
    -6.170978847        -6.205358215        0.5923861082                
     18709.57332         5837.940811         2228.691679                
Si              63                                                      
    -2.335791816        -1.261296690         6.408506033                
    -5.896156608        -5.550348148         3.804383494                
     9186.927648         8275.754056        -2424.977338                
Si              64                                                      
     7.753838481        -9.086470175        0.4091028515                
    -2.113977847       -0.6773764711        -1.833728053                
    -2556.113345        -5878.322650         20896.60492                
Si              65                                                      
     1.360909979        0.6586651851         4.163636575                
    -5.156201347        -1.354578598        -7.578163514                
     4319.882989         4916.893183         39955.95954                
Si              66                                                      
    -8.702379913         9.418906337         2.302784648                
    0.8840889453        -1.416511614        -3.126227925                
    -36635.71652         15988.54916         12795.03358                
Si              67                                                      
    -8.646867681        0.6765465406         2.573036201                
    -5.343410563         1.425607511        -1.655591834                
     9633.042045         15533.11700         26902.79256                
Si              68                                                      
     1.378486222         9.452233433         4.337899006                
    -2.885503616         1.012372085         3.018360365                
     37302.77815         8528.485246        -8902.896266                
Si              69                                                      
     3.640608425         1.077627335         2.175729144                
    -1.875852270         2.446200279         5.599103940                
     17526.25081         15311.09921        -14777.42556                
Si              70                                                      
    -6.224162898         8.935206728         4.088900102                
    -1.372024159        -4.525919542         2.529941778                
     19596.35187         16803.32867         16156.21413                
Si              71                                                      
    -6.346863288         1.152663058         4.686280422                
    -3.154533344       -0.4691302209       -0.4386608741                
     11336.41381        -14291.26253        -9388.687704                
Si              72                                                      
     3.698865377         8.951259867         2.379606394                
    0.4428387762        -10.11493756        -4.691410036                
     20344.02122         8269.375759        -22633.33167                
Si              73                                                      
     8.706909497        -3.598056021         2.276480463                
     2.551316728       -0.5231052072        -9.604585217                
     1490.823709         1881.783976        -9230.232883                
Si              74                                                      
    -1.486123116        -6.573310852         4.313749874                
    0.8173941863E-01    -4.212476797        -2.848168303                
     763.7674009         2631.985775        -20445.54632                
Si              75                                                      
    -1.348523235        -3.421726717         4.421255151                
     5.709961691       -0.9064114636        -2.610937750                
    -14670.36800        -14288.08758        -49941.16349                
Si              76                                                      
     8.666368738        -6.738323222         2.259861673                
     5.573335402         1.521638918        0.4908103214                
     710.0562160        -2377.161250        -4882.373702                
Si              77                                                      
     6.304403875        -2.655156027         4.216828547                
     2.461992995        -1.907043151         5.346281125                
     27885.59293        -5355.880906        -31160.88270                
Si              78                                                      
    -3.847654452        -7.398758652         2.401663072                
     5.226387048        -3.947692823         4.141938387                
     23487.46916         17730.30544         22697.85144                
Si              79                                                      
    -3.910315505        -2.511204634         2.572573770                
     1.906582585         5.210033356        -3.480552278                
     18678.82537        -32454.25033         9554.620606                
Si              80                                                      
     6.382788024        -7.587643109         4.283561290                
    -1.558686199         1.115337524        -10.87669217                
     20014.87125        -25067.11801        -27658.46828                
Si              81                                                      
     4.314768256         3.376256730        0.1320799214                
   -0.5970445650        0.5107172888        0.7642356870                
    -16180.38476         23784.65581         49668.65174                
Si              82                                                      
    -5.728940703         6.665931957         6.198119236                
     1.027736533         14.41379259         5.975903186                
    -724.0873394        -20327.84038         6327.380551                
Si              83                                                      
    -5.859277786         3.598526794         6.564611048                
     8.039374830        -4.976668825        -4.628811291                
     4195.192652        -36467.94321         18265.76373                
Si              84                                                      
     4.261159307         6.530524305        0.3810088608                
     7.144035413        -1.084024820        -2.125238207                
     29703.05095         3492.658660         30408.17513                
Si              85                                                      
     7.455560350         3.449587136        0.4800198968                
     3.892390387        0.6409441163       -0.4011185618                
    -10049.60058         18328.72398        -27683.16182                
Si              86                                                      
    -2.587692031         6.491463961         6.350926872                
    -2.657884429        -4.023532380        -2.265479104                
     32238.73277        -27167.09455        -5332.818950                
Si              87                                                      
    -2.659758512         3.427235180         6.704900365                
    -1.373332861       -0.8730146494        -2.464136985                
    -2719.664564        -1012.747657        -11117.62785                
Si              88                                                      
     7.496322370         6.582912572        0.4419370825                
   -0.2528898491         10.97437648       -0.9316268660                
    -31049.55816        -18280.20213        -5321.064389                
Si              89                                                      
     1.574212434        -2.555927014         4.111379579                
     3.488218009        -3.910470084         6.277552271                
     31624.40194         4521.942338         19247.96844                
Si              90                                                      
    -8.625186034        -7.576425184         2.249896230                
    0.3347868184        -4.954106486        -4.722023361                
    -8704.397317         9385.557407         15425.67097                
Si              91                                                      
    -8.664059278        -2.490459390         2.587483319                
    -8.751230041        -4.067171126         3.560503135                
    -18495.39401        -6785.778917         44424.67215                
Si              92                                                      
     1.461041948        -7.587983612         4.337655182                
    -4.487050905        0.2535489502         2.646935357                
     7040.717945         24057.76757        -17877.53278                
Si              93                                                      
     3.930794590        -3.523042729         2.303974042                
    -1.272927918        -5.152533006        -1.687073725                
    -614.1959124         10878.46732         1139.016172                
Si              94                                                      
    -6.328390411        -6.658149461         4.248488004                
     2.255583254        0.8694886593        -6.064530247                
     132.6526911        -24163.80418         6039.766445                
Si              95                                                      
    -6.284065475        -3.550740716         4.476034409                
    -3.546338494         2.770898870         1.810395278                
    -31920.99100         23933.60827        -27115.01324                
Si              96                                                      
     3.950226462        -6.657594086         2.536964590                
     2.811032332        0.6463750323         4.592719316                
    -18645.39815         9006.083258        -1741.353354                
O               97                                                      
     2.693447693       -0.9430489749        -3.559787357                
    -17.22569015        -6.258499345        -5.170768406                
    -6076.161211        -1973.441033        -33682.99918                
O               98                                                      
    -7.584839372        -8.882173687        -3.544160848                
    -1.408596148         7.629268835        -3.962037979                
    -686.7794067         20516.50180         522.2837157                
O               99                                                      
    -7.307743788        -1.185312692        -3.305749083                
     2.582631883        -2.476634832         8.568637344                
    -3466.732938         11243.72215         545.1596194                
O              100                                                      
     2.546855970        -9.056886546        -3.229740350                
     4.319631569        -9.161563868        -7.079296429                
     7827.485419        -4346.344393        -12231.39720                
O              101                                                      
     4.185865711        -1.177499757        -1.270256462                
     2.434396434        -16.54886832         8.332412041                
     1850.614879         4860.279971        -9909.382402                
O              102                                                      
    -6.030536922        -9.150549937        -5.757519625                
    -1.884601252        0.6134341280         14.62792300                
    -6331.595036         7806.824731        -26739.42265                
O              103                                                      
    -5.867135591        -1.084735821        -5.593033998                
    -3.302312157        -4.705793707        -1.294554735                
    -8923.641163         1938.954466         3124.214574                
O              104                                                      
     4.054724637        -8.913816487        -1.004663185                
    0.8328589688        -4.796005527         2.770092796                
     12237.60797         2496.602252        -2166.238669                
O              105                                                      
     4.206307481         1.549138138        -6.490156615                
    -4.907771156        -5.293494639         13.41025954                
     19024.33196        -17492.04501        -881.8914640                
O              106                                                      
    -6.009298707         9.003158996       -0.4936996529                
    -8.233062591         1.386358951         3.257592143                
    -22078.73487         8102.110088         1451.948113                
O              107                                                      
    -5.943005375         1.410553454       -0.3929367198                
    0.1732839174         12.69376802         1.633922842                
     12314.08514         3177.009133         10648.97879                
O              108                                                      
     4.162493789         8.953527970        -6.246881164                
     14.71785508        -4.040123191        -15.21549453                
    -1342.676458        -8464.217881        -4194.815792                
O              109                                                      
     8.529425058        -1.135105341        -1.115094805                
     1.848180417         11.92992172         2.957035079                
    -17177.20392         2757.878139         2957.018395                
O              110                                                      
    -1.994698241        -8.934508224        -5.880447359                
     1.055315208         3.045991466         2.126437790                
     13739.97191        -8477.365646        -36.80973873                
O              111                                                      
    -1.895890945       -0.8611843518        -5.695608958                
    -1.020998951         2.992295421         3.134112854                
     5319.909801        -7232.969047        -15839.30845                
O              112                                                      
     8.257859204        -9.163817936        -1.027829276                
   -0.8630498267         7.575876310         3.991703220                
     7391.590898         4361.535611        -20357.77213                
O              113                                                      
     7.894240085       -0.9459154843        -3.683258130                
     2.686335579         5.452768653        -3.698716829                
     20513.23983        -1470.008047         21348.10395                
O              114                                                      
    -2.356787948        -8.941173113        -3.289410071                
     2.002302007         5.116230638        -1.281989377                
    -25310.75075         328.8335136        -10066.62720                
O              115                                                      
    -2.303124990       -0.9612948182        -3.144828650                
     2.787154747        -7.640180428         1.472558907                
    -892.8294314         5164.420562         3418.720676                
O              116                                                      
     7.518549145        -9.075326355        -3.518702005                
     6.415573084       -0.8660815646        -8.826845245                
     16279.95920         13795.08370        -4337.505639                
O              117                                                      
     5.369615946        -1.035298435        -3.575384256                
    -3.464401076        -3.951859017        -5.369423629                
    -17495.90825         1245.984304         4020.504651                
O              118                                                      
    -5.012715374        -9.077201750        -3.433877187                
     6.529346417         13.45832303        -17.78125514                
    -15085.88338         9938.972691        -19993.91123                
O              119                                                      
    -4.799185784       -0.7806900683        -3.266891648                
    -1.598828574       -0.1073166822        -4.707447164                
    -5461.265060        -5728.016504        -4005.568486                
O              120                                                      
     5.087661512        -8.934901456        -3.453261075                
     6.034285509        -9.288707298         9.931248524                
    -15753.89218         92.98369135         9261.583723                
O              121                                                      
     2.943136425         3.003583589        -3.584899857                
     6.048173979         2.304294874         4.901540231                
    -32776.36103         15422.73636        -22078.87639                
O              122                                                      
    -7.643413871         7.056202345        -3.527014737                
    -7.071097716         7.325111115         8.824745722                
    -8944.985483        -6082.233836        -24267.68133                
O              123                                                      
    -7.559554364         3.206140794        -3.135509489                
   -0.2963922496        0.1591043472        -2.993039788                
     16744.43416        -9161.229821        -8962.243676                
O              124                                                      
     2.501931635         7.323142922        -3.212801094                
     5.031229776         12.21441175         1.449124814                
     3681.087412        -7245.493075         7731.271469                
O              125                                                      
     3.859725654         2.956769270        -1.256973136                
    0.9445857296         11.04342776         8.858930434                
     14079.39585        -4398.459950        -24404.45455                
O              126                                                      
    -6.292407629         7.149804832        -5.922747408                
    -5.190482621       -0.4594906699         2.965090092                
     5662.401796         455.1774258        -18370.29396                
O              127                                                      
    -6.398629185         3.215843018        -5.542727248                
     1.957793328         9.244917985        -8.545390610                
     1467.635774         2706.385052        -2077.851371                
O              128                                                      
     3.912069994         6.991896738        -1.048477761                
     2.025149523        0.2071030739        -6.000366652                
    -9043.938247        -1509.405581        -11020.95645                
O              129                                                      
     4.307066250        -3.228885804        -6.585585639                
     4.887532739         4.053815794         5.256106243                
     8755.972745        -12512.20839        -1285.785358                
O              130                                                      
    -6.011226598        -6.645917867       -0.6158195605                
    -3.874557427        -9.704593619        -2.170852696                
    -12909.29252        -6689.513564        -2071.170345                
O              131                                                      
    -6.072791231        -3.315724296       -0.2586724237                
    -2.166255438         2.325527695        -3.728773880                
     29463.89137        -1012.206867        -3631.864728                
O              132                                                      
     4.183079026        -6.821249002        -6.575084520                
    -2.634552379        -4.413699929         3.705876287                
    -2946.101091         20917.36022         919.3770553                
O              133                                                      
     8.090833202         3.031497093       -0.9692828218                
     3.941930309        -1.838148667         2.181450664                
     1960.153782         867.2939731         8953.513526                
O              134                                                      
    -1.908115398         6.973133796        -5.858931816                
   -0.9311484417         5.496673097        -2.796105050                
    -15048.87261         7918.886655        -17852.08217                
O              135                                                      
    -1.940880557         3.167696050        -5.533207873                
     1.228157497       -0.4460781445        -7.236656101                
     20216.48791        -21348.98348         27035.51207                
O              136                                                      
     8.000538657         7.155358358       -0.9310349567                
    -8.215366191         1.167526218         9.954230146                
     8327.634057        -15931.99637        -20305.97685                
O              137                                                      
     7.853473312         3.165565716        -3.540218245                
    0.9848629672        -4.169213086         2.482565261                
    -9389.162730        -5212.590023         4003.314559                
O              138                                                      
    -2.683821937         7.085218047        -3.411068759                
    -3.476046584        -1.001868486         2.897375969                
     13596.80951         16751.22593        -16492.43057                
O              139                                                      
    -2.278607068         3.316267940        -3.125433371                
    0.2676091866        -7.890616224        0.5764009887                
    -13501.64918        -12186.28603         10619.31492                
O              140                                                      
     7.566791236         7.033895906        -3.469320110                
     2.008074657       -0.6702144336        -7.583197404                
     11368.75459        -6715.029610         10662.73887                
O              141                                                      
     5.324771866         2.906864856        -3.591946222                
    -5.754044969        -5.253390449        -6.600644079                
     8547.054132         4438.746302         14636.19399                
O              142                                                      
    -5.227788351         7.019478978        -3.492517666                
     8.204811473        -9.038343075         3.844216463                
     4145.304651         5972.316155        -9214.750967                
O              143                                                      
    -4.983519365         3.194845099        -3.345575657                
    -2.638090705         4.188634578         11.19693108                
    -11860.54910        -9533.495694         4844.216571                
O              144                                                      
     5.070321973         6.966198013        -3.367754014                
    -5.979931154       -0.8817840494         8.089639910                
    -28522.15874         13541.63591         13071.76965                
O              145                                                      
     4.083803350        0.8733398705        -2.676737184                
     4.683525883        -6.578417123        -3.345671934                
     3343.647054         7503.244119        -1512.642341                
O              146                                                      
    -6.506919356         9.139965564        -4.178296273                
     1.181376936         4.166179620         2.991922925                
     7314.585431         5374.939826        -18449.21574                
O              147                                                      
    -6.229776240         1.061742393        -4.072043795                
    -1.105547538        -1.696164098         3.387284587                
    -13626.54337         11934.03382        -5978.624197                
O              148                                                      
     4.000974512         9.193861645        -2.359789968                
   -0.1787236493        0.9568095334        -1.897700897                
     167.2128187        -33014.14865        -13412.00169                
O              149                                                      
     8.807141408        0.9877807973        -2.362233799                
    -7.224939146         4.541028187         6.008393852                
     1426.492998        -8276.985020        -6288.046286                
O              150                                                      
    -1.524140425         9.160753092        -4.469401797                
     3.075902230         10.59498394         4.660407271                
    -1606.952370         9597.538858        -6103.836651                
O              151                                                      
    -1.158679211         1.120827244        -4.050006978                
    -1.850647464         1.461692078       -0.9380067946                
    -6917.143002        -24760.40430        -5444.154517                
O              152                                                      
     8.662614103         9.072108501        -2.452169903                
    -1.373306855        -2.731624127         1.383602015                
     6585.256948         25624.55733        -13120.98559                
O              153                                                      
     2.115690729        -2.393792571        -5.613585102                
     12.96875543        -4.165679667         3.844007266                
     2880.704852         2968.721336        -21001.05905                
O              154                                                      
    -8.412529821        -7.299594003        -1.511876073                
     2.712010240        -2.429172204        -1.020630930                
     8324.660067        -26913.14240        -31461.03402                
O              155                                                      
    -8.158142110        -2.395375189        -1.212157286                
     4.121823526        -7.358819611         7.458956741                
    -4605.706055        -24907.05173         16976.37604                
O              156                                                      
     2.072483342        -7.540472818        -5.279519452                
     1.658040091         4.456426603         4.378421825                
    -12239.95614        -10865.06716         3812.459554                
O              157                                                      
     2.050314134        0.2741145419        -5.791083713                
    -4.751847084         4.084826949        -6.254011940                
     8795.202333        -8873.827574         6186.788868                
O              158                                                      
    -8.190426034        -9.770473148        -1.364252722                
    -4.962518004        -5.200926664         2.611859347                
     22303.39738        -14425.60778         4311.916938                
O              159                                                      
    -8.036763877        0.9375320487E-01    -1.212505810                
     9.669869789        0.9065814263        -8.683923087                
     5063.617445         4810.049400         15467.29495                
O              160                                                      
     2.006554042        -10.01177853        -5.543465085                
    -14.22401688         2.038902474        -4.030261061                
     7742.097979        -7077.182535         165.4103807                
O              161                                                      
     2.182812259         2.793196640        -5.851097450                
     14.91283580         1.452859294         6.077268306                
    -11981.17028         13891.83239         1252.026695                
O              162                                                      
    -8.106972450         7.758540022        -1.310703951                
     3.514031902        -2.332161566        -9.253296571                
     5148.969031         18769.12026         2889.253378                
O              163                                                      
    -8.292138519         2.597599531       -0.8700850341                
   -0.7986287458        -6.097583010        -7.972229335                
     17838.05282         7921.749504        -1146.884710                
O              164                                                      
     2.086021337         7.680718093        -5.482105390                
    -8.307735544        -10.95666892         7.803964928                
    -5574.562958        -6218.011279        -1304.858356                
O              165                                                      
     6.481937417        -2.469517962        -5.376863360                
   -0.6928614921         3.175467882        -9.438870851                
    -1225.992322         16593.19126         9592.571813                
O              166                                                      
    -3.864227243        -7.430897030        -1.742787150                
    -4.452615256        -17.93683875        -8.518499748                
    -13621.57911         14265.13823         22650.08364                
O              167                                                      
    -3.904630550        -2.392879924        -1.413399359                
    0.4910021152        -3.372919529        0.7402352308                
     7881.812189         13757.79717        -8572.358479                
O              168                                                      
     6.208570705        -7.534915588        -5.351742384                
     10.27101473        -1.876834566        -4.248002490                
     12839.65677         21537.91701        -1828.438442                
O              169                                                      
     6.383907448        0.9869995729E-01    -5.587237292                
    -2.137719810        -10.50583762        -2.717576547                
    -15672.94495         1449.709016         910.8354159                
O              170                                                      
    -4.051343871        -9.914312091        -1.410714545                
    -1.089573591        -5.061400508         1.705253322                
     6822.707837         2073.408852        -13060.92377                
O              171                                                      
    -3.913803388        0.4473743282E-01    -1.189156500                
    -2.974116912         19.89939140        -8.040908865                
     4458.580843         30993.26657         30412.40938                
O              172                                                      
     6.095882117        -9.966889182        -5.455696218                
    -4.388973413        -3.835395236        -2.174636891                
     11217.77819        -4507.231434        -3953.118100                
O              173                                                      
     6.391973348         2.592269562        -5.683707615                
     8.527384423         2.373972565        0.1374205673                
     5455.975249         12308.34256         3074.514554                
O              174                                                      
    -4.065565945         7.648923605        -1.347130881                
    -2.449623085        -5.644023809        -1.759749297                
    -5640.114505         17700.16826         8168.809032                
O              175                                                      
    -3.739999480         2.572615089        -1.210088127                
     7.675024147         1.388436795        -3.330900131                
    -20312.80236        -9980.590567         10437.93043                
O              176                                                      
     6.247973550         7.619723616        -5.474530024                
     3.006639562        -4.718755017         1.271598213                
    -15905.44445         14697.01173        -5918.704990                
O              177                                                      
    -9.831309525       -0.9394193004        -2.651854086                
   -0.4058409183E-01    -1.940432209        -10.63431697                
    -18635.39070        -8009.255179        -347.6376240                
O              178                                                      
    0.1049223346        -9.052614745        -4.264451252                
    -2.567339665         1.350120826       -0.5450302767                
    -6101.974916         5906.491399        -14743.14986                
O              179                                                      
    0.2145295783       -0.9780024732        -4.464730885                
     7.715936373        -10.24178772        0.6776669587                
     303.0413527         2754.541359        -4925.851871                
O              180                                                      
    -10.14958562        -8.905747135        -2.778081954                
    -8.891423854         5.609843770        -8.588704048                
     1870.470083        -1092.345629         8609.983023                
O              181                                                      
    -10.10107462         3.217341168        -2.407420584                
    -2.629867511        0.3612686542        -4.987644932                
    -79.36594594        -5039.474284         4623.193958                
O              182                                                      
   -0.5596668366E-01     7.066494738        -4.233872717                
     6.586812480        -1.518152931         1.299341356                
     15269.36177         7119.116599         8659.901146                
O              183                                                      
    0.3474877526         3.129180506        -4.081792280                
     5.040137998         7.808260022         13.22504478                
    -6022.353397         2712.543405        -8779.041932                
O              184                                                      
     10.12319867         7.025858715        -2.488154483                
    0.2992148048        0.4567390740E-01     5.535275269                
    -4889.943587        -913.6760026        -11199.65747                
O              185                                                      
     1.728300984         5.234211183        -4.436224186                
    -5.738085737         4.994518657         2.612874610                
     5450.208309        -22721.58908        -7968.697814                
O              186                                                      
    -8.526459517         5.214518965        -1.964417899                
     8.704718606        -5.274138079         11.12288479                
     1080.710103        -6796.521208        -4827.267030                
O              187                                                      
     6.301925535         5.077915774        -4.522743543                
     3.393814929        -3.235390909        -7.314271366                
     7779.622164         3646.264301        -359.1151477                
O              188                                                      
    -3.847027936         5.139864585        -2.256453284                
     2.273343076        -3.894509885        -4.563670748                
    -11073.21330         9800.509350         2991.307621                
O              189                                                      
     6.074286802        -4.976033395        -6.220906313                
     5.499660544        -1.661304251         5.533765325                
    -7837.159581        -19128.55290        -15452.79298                
O              190                                                      
    -4.182926913        -4.956385656       -0.6076883043                
    -8.259278961         2.246417485        -6.000769953                
     1112.141454         19359.24649        -6611.547917                
O              191                                                      
     2.407658855        -5.028511109        -6.319685758                
     10.30899162         3.866286436        -5.658469007                
     10543.46866        -9744.055265        -3943.374717                
O              192                                                      
    -7.872308344        -4.963503576       -0.5112878162                
     4.917594228        0.7725776280        -1.421624777                
     1357.096651        -449.9907821         5992.853164                
O              193                                                      
     7.598615659        0.8618799763         3.368021666                
     3.109343652       -0.4659620034        -10.93599314                
     3415.806164         2760.676683        -6396.756791                
O              194                                                      
    -2.495589914         9.033267828         3.202795401                
    -3.987468558         4.400174419         2.934478240                
     7284.239839        -3431.590151         7537.168402                
O              195                                                      
    -2.599053688         1.006033099         3.364786754                
     3.111672469        -6.496408138         8.288276183                
     5063.988608         7705.706103         19516.45818                
O              196                                                      
     7.532458304         8.907102144         3.486926138                
     3.250802271        -2.319295675       -0.2353076016                
     9657.023037        -4437.164780         3578.848406                
O              197                                                      
     6.159601473         1.164154519         5.562079543                
    -3.318772568         4.312189000        -1.559500204                
    -8902.212199        -9549.581834         4996.620326                
O              198                                                      
    -3.807755825         9.210649704        0.9441252913                
     8.996762793         9.061330959        -2.123360208                
    -17136.80949        -8629.718282        -45681.08590                
O              199                                                      
    -3.903283144         1.211296045         1.209490770                
     2.213258444         5.068692169        -10.45934273                
    -19578.49588        -13450.06712        -10657.05866                
O              200                                                      
     6.179432459         8.876361541         5.751448123                
   -0.8192320438        0.7253749204        -10.92761065                
    -8533.141346         17383.82879         9122.169595                
O              201                                                      
     6.253123557        -1.350853975        0.3453149409                
     2.691191861         6.631721882         4.995749993                
    -4971.560072         13088.06463        -16823.06543                
O              202                                                      
    -3.994534460        -8.727380243         6.373774700                
    -2.234336907         6.714309369         13.20873656                
    -37446.68470        -24090.48395        -13320.85959                
O              203                                                      
    -3.896677065        -1.308819575         6.435085332                
     3.541400437         1.652089388         16.79919861                
    -3688.181550        -8583.439146        -5552.413195                
O              204                                                      
     6.186021228        -9.008489252        0.4158987002                
    -10.75525321         3.990534552        -1.479828501                
    -9549.216169        -2110.066420        -3226.323899                
O              205                                                      
     2.050938777         1.216082614         5.522411828                
    -4.727060529        -1.732761167        -2.456525385                
     4156.330950        -1243.261146         1266.791402                
O              206                                                      
    -8.288155550         9.144030581        0.8454570067                
    0.8604084265        0.5258719129        -5.330217833                
     19609.62990        -4193.747935        -7683.811101                
O              207                                                      
    -7.947117788         1.143532964         1.232128660                
    -12.04071820       -0.2622263380        0.9662565510                
    -7207.776660        -13031.55715         9102.045525                
O              208                                                      
     1.999537631         9.073918223         5.721206772                
     10.77260800        -1.988832089         5.433486854                
     10760.52941        -9908.447030         33853.45879                
O              209                                                      
     2.297217528         1.070613498         3.033562904                
    -1.356306034         7.064186340         5.485014811                
     21397.08228        -13358.90992        -22963.18812                
O              210                                                      
    -7.534757876         9.042934696         3.294329095                
   -0.3133694457        -4.319654213         1.218943355                
    -9763.729337         2412.191457        -5844.831635                
O              211                                                      
    -7.633440272         1.082126156         3.773011012                
    -1.406668422         14.38681052        -5.017887269                
    -9987.732646        -8674.179073        -9357.110431                
O              212                                                      
     2.399640961         9.034226201         3.188648127                
    -3.360267392        -3.340845984         6.691027583                
    -10874.12178        -3288.532049         13011.65595                
O              213                                                      
     4.913990976        0.9177089316         3.138394337                
     9.434397918         1.567768497       -0.6007978038                
     7983.203385        -4407.021870         16483.79680                
O              214                                                      
    -5.025716691         9.258034294         3.115287618                
   -0.2135473829        -1.980757749        -4.240005668                
     776.4757810        -4277.608910         6865.769891                
O              215                                                      
    -5.105327465         1.077796288         3.634308031                
    -9.618731694        -3.001124050         5.263621057                
    -8514.380608        -4623.090677        -2408.754875                
O              216                                                      
     4.979085163         9.116011308         3.393515434                
    0.9541042136         4.997512665        -5.841208303                
    -11194.60013        -1012.850051        -9132.364820                
O              217                                                      
     7.591431170        -3.245832170         3.327943154                
     5.694045115        -1.500078437        -2.735388172                
    -16009.49035         28868.52284         15566.18834                
O              218                                                      
    -2.567674498        -6.829194338         3.187864258                
    -10.35660310        -5.595752833        -3.130976979                
    -5762.237614         199.6762057        -4612.859085                
O              219                                                      
    -2.537599565        -3.065998822         3.281718152                
     5.469292012         6.941625358        -11.62789970                
    -743.1431056         15067.37647         19944.02750                
O              220                                                      
     7.651427148        -7.176775751         3.412553169                
    -2.292747716         6.931457492       -0.3025970680                
     4420.249796         5375.019985        -683.4948535                
O              221                                                      
     6.455239197        -3.046455178         5.733233741                
     5.980070957        -1.127077593         7.521927909                
    -10348.34404        -2440.906278        -22185.93646                
O              222                                                      
    -4.036928948        -6.846921352        0.9546278740                
     1.953446056        -1.225153249        -3.201688104                
    -854.9521293        -16501.99727        -6241.597672                
O              223                                                      
    -4.057899830        -3.041535907         1.081195307                
     3.880471743         4.424844277        0.5405356994                
     9314.672837         14564.64451         20235.34790                
O              224                                                      
     6.343537451        -7.096156709         5.721114926                
    -4.129656756        0.2517581069         4.345703427                
    -1887.019037         25169.69430         19122.88444                
O              225                                                      
     5.868712627         3.302297418        0.2194591483                
    -4.353238711        -1.333278763         1.151880793                
     20497.92314        -1691.882292         2645.248699                
O              226                                                      
    -4.128213249         6.641811877         6.422078023                
     1.986732691        -5.865054819        -1.411252939                
    -25569.33788         11637.45366        -8920.692895                
O              227                                                      
    -4.268683337         3.505423631         6.769261260                
    -3.556527747         5.257917794         6.097831870                
    -58.59472192        -7989.239456        -5516.753149                
O              228                                                      
     5.873373435         6.582878460        0.4528478434                
    -8.522563354        -8.426479442        0.2797665322                
     10581.33242         5715.143881        -3384.135507                
O              229                                                      
     2.249156992        -3.212850029         5.514590184                
    -7.423367538        -2.417182961       -0.8476212783                
    -24428.22048         20379.60671        -37767.75297                
O              230                                                      
    -8.022448833        -7.036317765        0.9031793558                
     3.610919291         6.045965553         2.167800400                
     494.2536033        -14039.95289         15458.75678                
O              231                                                      
    -8.102122251        -3.003678188         1.285515969                
    -2.418668681        0.2243637626        -2.436807651                
     15727.45510        -9563.616964        -37058.29869                
O              232                                                      
     1.827042991        -7.035197978         5.764951411                
    -5.056126047       -0.4277445525E-01     4.786642161                
     15507.55635        -622.1272741         17668.60588                
O              233                                                      
     2.565486054        -2.983205343         3.007071645                
     6.820424649         14.41499738         5.016302095                
     17023.12685        -2767.271507        -8709.957296                
O              234                                                      
    -7.548632283        -7.092168805         3.371335237                
     7.166859328        -12.07355898        -5.702332488                
    -15571.05211        -11140.13782        -9555.051592                
O              235                                                      
    -7.685626930        -2.997500650         3.741450115                
     1.865014612        -3.491772410         1.302883851                
     23394.99790        -10002.62987         4115.505272                
O              236                                                      
     2.580808400        -7.072980117         3.284604518                
     5.021783372        -1.708366235        -7.465655898                
     2198.373563         9338.808483         5095.142477                
O              237                                                      
     5.108768397        -3.271824474         3.355947738                
    -14.29259261         3.359924915         11.65871116                
     60.12995050         16786.44798         14640.14746                
O              238                                                      
    -5.080226676        -7.024275679         3.299903855                
     6.523468954         8.511583048        -5.397713558                
    -11432.62603         6706.258188         8654.686920                
O              239                                                      
    -5.100869805        -2.997225084         3.503243482                
    -5.548199586         4.535109713        -2.535672769                
    -5758.740727        -16857.24479         5817.835556                
O              240                                                      
     5.133863851        -7.099412175         3.467719237                
    -8.940619438        -4.308094417         4.032302773                
     940.2075332         10745.92200         12179.50908                
O              241                                                      
     6.168036186        -1.046664576         4.208563469                
     7.992310219         1.845276681         2.653636116                
     1001.962687        -15850.32904        -1485.322007                
O              242                                                      
    -3.633751427        -8.937965463         2.516104349                
   -0.1215803879       -0.9194494999         10.93974937                
    -3411.076384        -10950.31605        -13971.23193                
O              243                                                      
    -3.978459482       -0.9538879108         2.592194170                
    -6.360740985        -7.261333818        -4.825211466                
     542.3527717        -10725.37151        -6361.248543                
O              244                                                      
     6.408004724        -9.181935509         4.353501868                
     3.695852386        -3.026838320         3.233271681                
    -5352.877627         12044.90705        -1615.474139                
O              245                                                      
     1.498143166       -0.9727286666         4.274751611                
   -0.4383080756         3.398136326        -4.938857791                
    -5309.024728         14956.96066        -10655.66699                
O              246                                                      
    -8.881622720        -9.133434294         2.288099869                
     1.425058770         1.709734208        -11.17666697                
     24640.36352        -10307.23506         6755.084341                
O              247                                                      
    -8.739100286       -0.9051321224         2.632981840                
     9.075600909        0.3254226609        -11.59595007                
     479.2877788         7066.982933        -6817.371183                
O              248                                                      
     1.517165414        -9.103112497         4.281572025                
    0.3173067056       -0.2007405532         1.506283551                
    -14798.24269        -37075.66616         4183.297495                
O              249                                                      
     7.972388718         2.358735087         1.428271331                
    0.5051645603         1.204331495         8.091009886                
     18590.39689        -4175.860754         6092.653298                
O              250                                                      
    -2.029206579         7.453600553         5.174757143                
     3.316668048        -1.703471616         1.014897508                
    -10108.32726        -4081.384661         21438.00514                
O              251                                                      
    -2.164289445         2.377879310         5.594693775                
    -1.184707592         4.187813281        -11.24422620                
     2504.591118        -9108.269198        -2657.024703                
O              252                                                      
     8.122230002         7.481626728         1.488637921                
    -1.502323834         1.377797285        -1.517990198                
     15218.88027        -102.8713755         20119.21611                
O              253                                                      
     8.254787275       -0.1230073024         1.289538085                
     1.568936530         3.347873022         1.021869916                
     9425.742613        -17946.40704        -26301.81061                
O              254                                                      
    -1.874907248         10.06062682         5.333694590                
    -2.322730815         5.927728422        0.2158524865                
    -15719.68858        -2558.594613         12445.70868                
O              255                                                      
    -1.801865663       -0.9962221457E-01     5.382546469                
     13.22314402        0.6801958652       -0.2022308700                
    -7352.357704        -18329.78573         18621.66644                
O              256                                                      
     8.137059058         9.863585954         1.344094168                
     6.198908216         7.035468701        0.1750215159                
     11347.61429         2488.307415         1721.805109                
O              257                                                      
     8.483539364        -2.650792556        0.9704158778                
    -6.444333516         2.139980003         7.628729755                
    -18860.25516         7987.193614         11923.87466                
O              258                                                      
    -2.018249914        -7.571460838         5.404435199                
    -2.861630952         6.892909753        -1.911157617                
    -1297.729764         6902.555346         9227.389394                
O              259                                                      
    -1.775133648        -2.618039582         5.694002367                
    -3.290964307        -1.049737085       -0.4435862101                
    -4834.867416         15904.57782         6500.774392                
O              260                                                      
     8.292000944        -7.801223475         1.108216250                
     7.779457287        -4.835918802        -9.846198929                
     1146.155798         20422.83859         13801.27502                
O              261                                                      
     3.763192083         2.374088042         1.263732300                
     8.459857758        -14.23514190       -0.6994684549                
     2621.860586         1132.409478        -4767.452281                
O              262                                                      
    -6.008764615         7.626313847         4.932467661                
    -3.863305066        -3.582240201         11.32392791                
    -3251.633031        -14033.85499         24288.79197                
O              263                                                      
    -6.280675364         2.361030086         5.620018405                
   -0.1090229281        -1.047665201         2.493746932                
     2842.599223         33276.52921         7960.662200                
O              264                                                      
     3.846373481         7.661399486         1.449007343                
    -2.591644714         4.488277972        -2.151038995                
    -5775.613165        -10777.45378         1543.839810                
O              265                                                      
     4.007993399       -0.7783560094E-01     1.089821032                
   -0.8412461592         4.721392028        -2.265139332                
    -6850.470343        -1603.421947         8308.609642                
O              266                                                      
    -6.042500894         10.06940778         5.291810695                
     4.948631810        -6.588927617        -5.228078833                
     4865.142493        -4207.610754         1794.138466                
O              267                                                      
    -5.992250953       -0.8643469038E-01     5.621337552                
    -1.392602580        0.6340470160        -2.445553542                
    -5635.491153        -10611.25807         960.1751523                
O              268                                                      
     3.855710300        -9.976354987         1.342458379                
    -7.648148272        -5.009066133         5.774993825                
     20301.80393        -7956.846979         6177.037146                
O              269                                                      
     4.251895073        -2.631930585         1.059338925                
    -4.206452918        -2.804902975        -8.365390470                
    -6339.869425         21250.73216        -7717.401375                
O              270                                                      
    -6.176780891        -7.610420754         5.555369009                
   -0.7017459113        -3.302565231         4.028861219                
     5305.602845        -4210.201031        -5311.367867                
O              271                                                      
    -6.024427686        -2.620423254         5.703026476                
     8.826242269        -2.967269360         8.962066033                
     6678.644372        -6015.897791         12918.43016                
O              272                                                      
     4.312041855        -7.582017389         1.333562693                
     11.31635722         8.228434020        -13.00780750                
    -5868.781137         11963.68577        -7617.117937                
O              273                                                      
   -0.7524289104E-01     1.288967298         4.229790887                
    0.2469503885         1.171905785        -6.877556690                
    -11411.08384        -15821.15214        -3856.921454                
O              274                                                      
    -10.15324652         8.871954844         2.653758022                
    0.5538168385        -9.374142888        -2.877230256                
    -13387.86507        -7200.746929        -9630.041490                
O              275                                                      
    -10.14273237         1.215904202         2.509913053                
    -2.383156734         14.56000450         1.811277292                
    -4443.327405        -14585.90058        -9614.609633                
O              276                                                      
   -0.1238667470E-01     8.824617598         4.226142945                
     3.174996487         1.700581269         4.051299951                
    -22047.65583         5627.534250        -826.7368845                
O              277                                                      
    0.1273208791        -2.978802259         4.007540246                
    -2.611545897        -4.463905292        -2.870180078                
    -29620.70540        -5617.599587         11578.96940                
O              278                                                      
    -10.07308961        -6.974377353         2.352689318                
     7.782252830         8.839634846       -0.5953163431E-01            
    -8182.524636         2589.877023         10234.27229                
O              279                                                      
    -10.12473255        -3.140157549         2.610088964                
   -0.1362915032         6.228823084        -7.899942473                
    -2179.027879         3153.876091         6698.756430                
O              280                                                      
   -0.4503380825E-01    -7.142046703         4.191602847                
     4.123688110        -1.172412961         3.783031310                
     11688.18156         769.8934345        -11143.32770                
O              281                                                      
     8.520092983        -5.152550343         2.156424633                
     4.235617634         10.42533409         3.725849313                
     9633.441802        -12789.98998        -9341.301109                
O              282                                                      
    -1.292986553        -5.001739803         4.379902569                
     12.93714376        -5.344602321         11.81735619                
    -11840.28563         3982.778522         23992.15055                
O              283                                                      
     3.899614554        -5.045337913         2.246198780                
     1.697368352        -5.696862466        -1.046670133                
    -4107.082280        -41907.34627        -786.1638023                
O              284                                                      
    -6.377557082        -5.133533518         4.522678489                
     12.24798673        -3.343725413         1.194498592                
     11979.70696         20399.65756         5274.228356                
O              285                                                      
     4.094016578         4.971624285        0.4620779851                
    -2.910795219         3.051759074        0.9116249112                
    -16925.34224        -17511.04364        -6841.142250                
O              286                                                      
    -6.094928058         5.038220724         6.110539333                
    -5.673041077        -11.00768011        0.2072175287                
    -653.6076567         46990.30776        -2385.818138                
O              287                                                      
     7.765358740         5.020632798        0.7260763583                
    -3.806552144         8.140952928        0.3904518132                
    -3049.362434        -13674.13279        -13130.07821                
O              288                                                      
    -2.373013299         4.882016941         6.197579848                
     6.920244758        -2.931813829         2.337573696                
    -760.9239182         32705.81154         6348.220936                
C              289                                                      
   -0.5413091588         1.072376239        0.8798414123                
    -3.318293984        -1.119329035        -1.592742670                
     257.3400224        -273.3038067        -308.5047314                
C              290                                                      
    0.1713397201         1.273786965       -0.3082154268                
    -2.065281494       -0.6413660704       -0.7601016878                
    -52.14815699        -134.7428437        -54.97282830                
C              291                                                      
    0.5714777685        0.1758498167        -1.079204116                
     1.090284418       -0.4500348140        0.6051482908                
    -102.9325552         38.06541736         93.83569182                
C              292                                                      
    0.2589669383        -1.123498057       -0.6621359666                
     2.992837841       -0.7366665225         1.137757288                
    -87.81952345         99.51629479         110.7305105                
C              293                                                      
   -0.4536819417        -1.324908782        0.5259208743                
     1.739825347        -1.214629488        0.3051163033                
    -127.2681037         116.2245707         108.4632962                
C              294                                                      
   -0.8538199898       -0.2269716343         1.296909563                
    -1.415740563        -1.405960744        -1.060133675                
     618.0408542        -577.3174030        -512.3569510                
H              295                                                      
   -0.8499870823         1.919356326         1.474604116                
    -5.752587690        -1.266927433        -2.645935512                
    -121.6850259         157.3114161        -33.47311743                
H              296                                                      
    0.4124279595         2.276153418       -0.6299669535                
    -3.532970920       -0.4202438741        -1.170969010                
     138.8655411         114.0232909         12.53531040                
H              297                                                      
     1.121243932        0.3312361836        -1.995718347                
     2.056888697       -0.8131421945E-01     1.247473811                
    -188.8081048         239.4951990         220.2420160                
H              298                                                      
    0.5676448614        -1.970478143        -1.256898670                
     5.427131545       -0.5890681247         2.190950129                
     161.5952791        -26.31393898        -212.3565599                
H              299                                                      
   -0.6947701805        -2.327275235        0.8476723999                
     3.207514775        -1.435751684        0.7159836269                
     30.76686534        -231.1111356         138.3591564                
H              300                                                      
    -1.403586153       -0.3823580019         2.213423793                
    -2.382344840        -1.774681339        -1.702459193                
     4188.625737        -4306.570918        -3894.622841                
