Diffusion in Zeolites. ZSM5 (Silicate) Crystal Structure, Si(96)O(192) +
         2         2       300     13334   1.0000000E-03   1.3334000E+01
       20.3183600000        0.0000000000        0.0000000000            
        0.0000000000       20.1714600000        0.0000000000            
        0.0000000000        0.0000000000       13.5858629500            
Si               1                                                      
     1.710525389        -1.080665519        -4.771349101                
     4.699402948        -4.080127631        0.8668946399                
    -30225.64578        -14337.47820         10015.12799                
Si               2                                                      
    -8.447921059        -9.049269561        -1.959015560                
     2.121675566       -0.8962712996         4.883486658                
     11143.56098         15968.84316        -10085.04002                
Si               3                                                      
    -8.591797343        -1.141480550        -2.316598616                
    -5.632585873        -10.94164651        0.9527472684                
    -17174.28436        -11668.31491        -14660.90797                
Si               4                                                      
     1.681939015        -8.747344583        -4.638128334                
     1.959445734        -1.111724671        -2.837947159                
     22206.05136        -31607.09570         18607.61184                
Si               5                                                      
     3.926225627       -0.5545352992        -2.695521588                
     8.933045892        0.9493707616         3.069285337                
    -32419.27664        -5492.035499         18176.54805                
Si               6                                                      
    -6.141925743        -9.555858791        -4.004255348                
   -0.8960080608         4.995146058        -3.296377744                
     12094.77313         20846.75431        -15277.96618                
Si               7                                                      
    -6.175583626       -0.8501659304        -4.162339815                
     2.698320152        0.2316847649E-01    -2.770491721                
     33949.79972         14205.11051         3666.883706                
Si               8                                                      
     4.124045173        -9.506886191        -2.745015266                
     1.575531597         3.461804364        -1.667941849                
    -4612.748288         11307.32353         26481.16739                
Si               9                                                      
     5.773673809         1.238939248        -6.639115379                
     1.883096580        -3.003065799        -2.680533590                
     7303.480947        -6571.268716        -22022.13253                
Si              10                                                      
    -4.462972222         8.562449609       -0.1964675981                
     4.227027470         9.979679532         2.051881882                
     1116.492476        -35963.54413         6798.614766                
Si              11                                                      
    -4.271502771        0.9903039613       -0.4843923708                
     3.184755345         11.65433639        -6.450173889                
    -13861.55405         6642.413336        -14110.96086                
Si              12                                                      
     5.683598517         8.806355275        -6.323133827                
   -0.6143257909         7.902215835        -6.264080242                
     6778.413296         24937.77877        -25986.04350                
Si              13                                                      
     2.644003510         1.370779037        -6.602192284                
    -7.952793225        0.2124988734         1.756426897                
    -30443.64321        -15665.99682        -1973.319547                
Si              14                                                      
    -7.585252673         8.571249796       -0.1054919284                
    -3.670100781        -7.793860681        0.1865497543                
    -17818.84955         20604.58384        -12837.29072                
Si              15                                                      
    -7.543979604         1.076876567       -0.3568315315                
    -6.535953897        -1.587513233        -1.839660566                
     51507.18876         56354.74123        -18878.36045                
Si              16                                                      
     2.495045711         8.858146239        -6.356527724                
     4.922302694       -0.6391727738        -6.073890636                
    -928.8202404         473.4225416        -11979.87496                
Si              17                                                      
     8.557303739       -0.5868081400        -2.670015269                
    -5.014801023         5.629294095         1.789014286                
     50855.76818         6924.247654        -11105.69857                
Si              18                                                      
    -1.319107939        -9.511018178        -4.116241525                
     2.181860358         1.233776087        0.5795651229                
    -20399.51217        -22264.56159        -2708.743725                
Si              19                                                      
    -1.323944889       -0.4705815961        -4.428753457                
     5.391823492         4.812727220        -1.791252396                
     13690.71664         3000.111654         22186.48173                
Si              20                                                      
     8.831022699        -9.595076301        -2.546788647                
    -8.226466101       -0.3643140707        -11.36232984                
    -8281.353375         9938.051952         12773.41546                
Si              21                                                      
     6.227809613        -1.207507099        -4.632533298                
     10.96005333        -1.777911943         6.630727603                
     5228.738742        -11117.30392        -17468.94840                
Si              22                                                      
    -3.652777001        -9.216143194        -2.071231834                
     3.421016293         3.089631540       -0.8595754713                
     1572.117358         26222.39359        -1628.677706                
Si              23                                                      
    -3.575451859        -1.427817064        -2.374053683                
    0.2861533614        -9.729640171         3.543517055                
    -7375.606714         20992.69626        -11612.14171                
Si              24                                                      
     6.572702622        -8.864479065        -4.522771427                
    -5.252796974        0.4361874501         2.522024991                
    -3217.234967        -494.2938181        -17273.53436                
Si              25                                                      
     1.699090179         3.566596168        -4.492473632                
    -3.286130759         11.16241266        -5.937651021                
     2171.337280        -48368.19386        -23480.78508                
Si              26                                                      
    -8.554639007         6.589601666        -2.307642932                
     4.669742832         1.229104686         4.806664045                
    -29413.06362        -18280.41119         30306.90741                
Si              27                                                      
    -8.508022959         3.460493340        -2.210921260                
     2.493736513         7.290763182         2.275663164                
    -9268.464004        -9182.300295         22002.30167                
Si              28                                                      
     1.591568171         6.608454343        -4.388740793                
    -1.646041283         3.502497113        -4.148348077                
     13318.24741         4092.883213        -20473.20004                
Si              29                                                      
     4.177117815         2.616942607        -2.747876059                
     1.030714290         5.194354568         4.384523207                
     6480.680880        -9864.256046        -20922.02974                
Si              30                                                      
    -6.183541056         7.423928191        -4.169146767                
     2.836348902        -3.557343982         4.279355861                
    -1209.388007         1321.696047         22456.38264                
Si              31                                                      
    -6.190683286         2.460514286        -4.137540108                
    -1.262813801       -0.3619616469E-01    -8.020913520                
     14418.15299        -25088.03660         24001.55838                
Si              32                                                      
     4.071152940         7.509443362        -2.693712415                
    -9.178865369        -5.088775769        -9.184623838                
     4622.786529        -39123.08939         29393.35690                
Si              33                                                      
     5.500005107        -3.412846275         6.773404781                
    -3.663045130       -0.4676732487        -3.465529132                
     17000.05424         2698.959380         2721.940145                
Si              34                                                      
    -4.447869455        -6.713067341       -0.3064798023                
     12.10292565        -3.352682747        -5.955657116                
     20552.52898         4560.973396        -6272.328358                
Si              35                                                      
    -4.231718118        -3.649365672       -0.4167323921                
    -1.341668837       -0.9879203448         2.301282137                
    -34664.69545        -5336.912593        -2660.158655                
Si              36                                                      
     5.717926837        -6.534701415        -6.422287407                
     5.739382463         1.380843793         1.872000039                
    -19360.15026        -13358.64645        -11552.13213                
Si              37                                                      
     2.342266507        -3.411632188         6.775023096                
     2.293697956        -2.441587936        0.7721348807                
     3532.807446         16564.30115         18009.39645                
Si              38                                                      
    -7.638099862        -6.555649951       -0.2723748460                
    -2.592236115        0.4871119655       -0.6178325439E-01            
     5428.870613        -3529.342732        -1852.636068                
Si              39                                                      
    -7.431127966        -3.402076618       -0.4658217973                
    -1.696915366         1.991342539         2.185957805                
     6461.079909         20887.60524         7334.764204                
Si              40                                                      
     2.546114122        -6.545326625        -6.583182814                
     7.783844512        -7.876713016        -1.809161080                
    -14394.11162         11803.02909        -15630.43760                
Si              41                                                      
     8.836758399         2.566458427        -2.748169047                
    0.5304140283        -3.853720541        -3.344944242                
     7003.903923        -2285.404051        -13506.90221                
Si              42                                                      
    -1.369138330         7.443187379        -4.169167224                
    -3.290913122        -1.169705794        -10.28856631                
    -688.5125719        -5118.963607        -10149.86084                
Si              43                                                      
    -1.334546877         2.632545571        -4.280622679                
    -3.046013750       -0.6132298207         3.354871868                
     15010.76160         5091.180566        -3464.923591                
Si              44                                                      
     8.709304207         7.460044975        -2.501892297                
     5.637200002         2.381402045        -1.081313073                
    -4682.685828        -25561.65544         22058.73367                
Si              45                                                      
     6.674847929         3.422034658        -4.646227674                
     2.194244992        -7.239322810         7.472984799                
    -15790.52871        -1451.400272        -9819.931653                
Si              46                                                      
    -3.687963643         6.435322078        -2.361403100                
     1.342374499         2.681637508         3.049607898                
    -28166.17041        -15773.05699         391.1320085                
Si              47                                                      
    -3.674684202         3.389264328        -2.320964437                
    -7.707960907        -4.716893622        -9.247937390                
    -28105.52571        -31536.11371         7530.020579                
Si              48                                                      
     6.505328004         6.519116390        -4.483969832                
    -1.251412579         2.101226840         11.53497096                
     6828.946016        -24760.87000         7877.467155                
Si              49                                                      
     8.689910623         1.149995245         2.013545014                
     3.270494192        -5.050608945         1.986189056                
     17615.62922         6919.595785        -14961.78327                
Si              50                                                      
    -1.570355682         8.819721749         4.781730474                
    -3.353829506        -6.680490971         7.502132576                
    -10127.10293         7708.139462        -1761.938824                
Si              51                                                      
    -1.736890202         1.260495746         4.365240156                
    -1.866941768        0.8859989152E-01    -2.188917192                
    -5703.095314         8515.449327         38356.37386                
Si              52                                                      
     8.552970822         8.625408828         2.255181306                
    -4.296592346         1.765093819        -3.018772294                
     8350.210113         8305.212253        -10458.57982                
Si              53                                                      
     6.290577423        0.6880740221         3.815728141                
     1.014590641        -4.304526201        -5.661326761                
     26230.12202        -10099.18333         32875.01363                
Si              54                                                      
    -3.938946575         9.604519170         2.767549584                
     5.045059056        -1.982520361        -3.283389412                
    -8317.180645        -34684.21803        -2410.008033                
Si              55                                                      
    -3.968154056        0.3194976603         2.503854241                
    -4.064973367         8.377504756        0.5646723013E-01            
    -10882.43438         28672.65397        -6045.117817                
Si              56                                                      
     6.221181986         9.417461901         4.191459138                
    -2.192449511         2.639216625         8.983087991                
     18809.19216         6966.495283       -0.9886301991                
Si              57                                                      
     4.475187898        -1.383048202        0.3080896044                
    -5.083960376         1.557443061        -6.415964529                
    -15074.89788         27407.54273         2595.680996                
Si              58                                                      
    -5.719812055        -8.771773535         6.578410610                
    -3.221293380        -3.950397004        -1.382860964                
    -2954.024047         4800.839193         32786.89666                
Si              59                                                      
    -5.484889418        -1.528552669         6.494023618                
    -1.437939425        0.6379644729         4.390097254                
    -32746.86582        -23142.55693        -8949.775758                
Si              60                                                      
     4.401727572        -8.897272630        0.3453712719                
     5.909845803        -9.342185769        0.2180064618                
     9247.451041         12643.67713        -21300.47437                
Si              61                                                      
     7.559859294        -1.351928921        0.2325501093                
     5.346899756         11.16484103        -4.610150113                
     33159.95428         42495.20849        -3011.544454                
Si              62                                                      
    -2.546486557        -8.867820484         6.619415277                
    -3.236393002         4.704257046       -0.5097909223E-01            
    -12472.94663        -19850.83761         24994.36149                
Si              63                                                      
    -2.384134991        -1.256020408         6.321540629                
     5.395831169        -12.83824803        -4.838382729                
     6029.778552         31041.47443        -4860.317507                
Si              64                                                      
     7.632516830        -9.055377901        0.3310841132                
     6.949861065        -1.838928650        -3.351319726                
    -17297.24495        -7278.191394         30975.68009                
Si              65                                                      
     1.353212733        0.7650719580         4.128564839                
   -0.6689564609        -9.513465416         4.443289587                
    -1536.138515        -32225.95025         17220.58875                
Si              66                                                      
    -8.720787603         9.244014409         2.702634449                
     1.588715038        -2.760119014         3.749580103                
    -7578.786417         31444.91569         11196.33053                
Si              67                                                      
    -8.638674137        0.5761978853         2.524774254                
     1.279301478        0.3218456828        -1.987952069                
     8662.774030        -8796.267004         2766.279135                
Si              68                                                      
     1.506980588         9.305032153         4.277900155                
     7.015665172         6.282830670         6.166147365                
    -9897.336354        -1280.355235        -6453.282068                
Si              69                                                      
     3.701406262         1.157214742         2.097273157                
    0.4634604807         8.016997216        -4.828624270                
     6255.951891        -26709.68930         7607.712076                
Si              70                                                      
    -6.333443545         8.987498100         4.704522558                
    -6.985490895        -5.808346094        0.9967095624                
    -11776.26893         14699.13443         5163.100149                
Si              71                                                      
    -6.330336829        0.9602413957         4.625633114                
    -1.126762708         2.436834539         5.452584344                
    -5986.807889        -27897.45394        -33309.97757                
Si              72                                                      
     3.809654219         8.807879227         2.265870206                
    0.8670575776       -0.3826581564        -5.965497402                
     16040.65296         7430.280708        -7110.091128                
Si              73                                                      
     8.574203512        -3.642025586         2.024127659                
    -2.548832640        -3.590026979         6.037264162                
     15244.29926         42403.29285         8617.288492                
Si              74                                                      
    -1.545172464        -6.696653461         4.653946253                
   -0.8346178622       -0.7944165224         5.095529603                
    -31128.65299         1063.409039        -26340.27682                
Si              75                                                      
    -1.551281757        -3.563253788         4.409373935                
    -7.771628790         1.581610096         1.592159827                
     23491.86235        -1564.653853        -1012.951374                
Si              76                                                      
     8.638439202        -6.778321414         2.218542890                
   -0.3708175117         4.227535836        -1.023604120                
    -13987.67491         24239.40481         9408.142598                
Si              77                                                      
     6.253222601        -2.486956405         3.894178689                
   -0.4076664247        -8.679114181        -2.536943311                
     16338.24718         3930.150678        -16612.61013                
Si              78                                                      
    -4.014352981        -7.422377787         2.697460941                
    -8.955862030         2.612568757        -7.068914571                
     36779.65381        -9074.290536        -14462.18876                
Si              79                                                      
    -3.988021426        -2.834116211         2.580380542                
   -0.5498050031         1.571010970        -4.523229962                
    -12227.03915         1846.598337        -188.6112188                
Si              80                                                      
     6.207908078        -7.583999240         4.125786197                
     2.071667935        -3.317864185         1.368232419                
     4978.536498         30740.26050         8343.002930                
Si              81                                                      
     4.618211288         3.427715172        0.2747400203                
     2.711959620        0.2035189939         6.762541523                
     6726.753960         43758.10082        -31160.82833                
Si              82                                                      
    -5.728791184         6.484290348         6.456404805                
    -1.102588829        -5.914694210        -4.559978782                
     16217.47155        -14779.74465        -8195.418994                
Si              83                                                      
    -5.754107428         3.394577128         6.415752842                
    0.5202728375         7.589073536        0.4159325215                
     15101.83891        -2351.989819         10894.62136                
Si              84                                                      
     4.496332620         6.485985139        0.3849157797                
     2.731435702        -5.362221218         7.977480183                
     7859.745841         11116.68187        -31542.12142                
Si              85                                                      
     7.728479882         3.374712983       -0.1284444452E-01            
     3.333187033         2.622219326        -5.407283785                
     24763.21451         34806.17214         26967.45920                
Si              86                                                      
    -2.512464217         6.480808375         6.626860259                
   -0.7658133095        -3.276422058         10.97241983                
    -25819.85775         12322.52209        -13777.10862                
Si              87                                                      
    -2.591464863         3.398391328         6.484141444                
    0.6826893117E-01    -1.723878966       -0.5091053671                
    -3734.500578         10705.61770        -1893.589507                
Si              88                                                      
     7.620114108         6.434609657        0.3093966988                
    0.4280472114        -5.527381879        -4.564939486                
     7173.167905         9157.907701        -2125.206331                
Si              89                                                      
     1.264185290        -2.398790490         4.021861555                
    -4.210015499        -1.486716471        -1.215742267                
     23544.24101        -760.1974827        -7176.568672                
Si              90                                                      
    -8.774723514        -7.667085467         2.508086995                
    -7.635327620        0.7280557097         3.682595271                
     15326.26241        -36665.37359         4559.931115                
Si              91                                                      
    -8.735681514        -2.607331174         2.309960783                
     6.298245178         6.041835430       -0.7805741908E-01            
     16786.43111         9713.532120         4485.655466                
Si              92                                                      
     1.339485807        -7.681100028         4.280519567                
    -8.085972832        -1.916325777        -5.623623276                
     12091.12714        -8837.075544        -13136.26158                
Si              93                                                      
     3.721728977        -3.506946530         2.317473383                
     1.994571001        -4.810491008        -5.211802450                
     2012.872898        -16018.46920        -15994.56988                
Si              94                                                      
    -6.523647242        -6.680698968         4.427134247                
   -0.7259712565        -4.052841773         1.262856483                
    -3155.835561        -12648.31781         8290.846744                
Si              95                                                      
    -6.559448229        -3.581309099         4.377291001                
    -2.152924628         2.380701228         4.137436975                
    -13446.99232         2173.197434        -2843.325932                
Si              96                                                      
     3.674437811        -6.730700978         2.435134733                
     3.207490004        -1.603515142        -3.090927675                
     4464.573306         43151.58025        -21473.73189                
O               97                                                      
     2.614470291        -1.027780574        -3.494547191                
     3.587664489        -3.811618532         2.778703129                
     17378.48589         8318.813441         1354.000104                
O               98                                                      
    -7.396748305        -9.199269715        -3.153608767                
    -3.841233571        -4.640204838         4.613468519                
    -455.8386631        -2094.534476         10571.05671                
O               99                                                      
    -7.550350879        -1.077912879        -3.522564497                
    -1.904966832        -2.702618637        0.5025430574                
    -16011.27195        -2949.733921         9461.996921                
O              100                                                      
     2.908861598        -8.905403949        -3.523232873                
     11.43319942        -6.092169693         7.925300201                
    -27625.00947        -3.277735577        -19997.83962                
O              101                                                      
     4.104480031       -0.9929955155        -1.178163240                
    -7.584643204        -7.612853798       -0.9166837410                
     457.7140061        -9062.430497        -5551.317897                
O              102                                                      
    -6.147429939        -8.834156508        -5.461889640                
     1.419955207        0.9384353891        -4.327367058                
     8473.818586        -16662.57963         7804.860555                
O              103                                                      
    -5.896500746        -1.518983512        -5.572537988                
     4.299253296       -0.9816575473E-01    -7.719160716                
    -4413.592059         25521.92822        -10927.29061                
O              104                                                      
     4.062257974        -9.001557024        -1.217592208                
    -5.581786239        -1.993189204        -8.318820449                
    -3340.727363        -14618.69014         5788.220382                
O              105                                                      
     4.203017981         1.307907807        -6.704381177                
    -6.636857423         6.299493551         2.681822871                
    -5414.974619         9666.296625         50.12609784                
O              106                                                      
    -6.059241562         8.452077541       -0.1501076258                
    -4.912522641         7.362294814        -2.185709641                
     26367.13677         8187.413707        -3693.951597                
O              107                                                      
    -5.856359283        0.9569789621       -0.4733453576                
    0.9276314580       -0.3921752689        -5.087722226                
    -37544.55947        -4464.944632         9141.833950                
O              108                                                      
     4.103079523         8.877153450        -6.237497074                
    -2.680183847       -0.4702020790        -2.273620982                
    -8063.468801        -14026.33266        -7476.485451                
O              109                                                      
     8.003569023       -0.9876950436        -1.310235911                
    -1.312070478        -1.177900696       -0.2450969559                
    -11494.67854        -9092.445559         41893.88005                
O              110                                                      
    -2.076869020        -9.043066887        -5.420229762                
    -10.80901435         4.850933542         7.964202076                
     9899.313285         11424.07410        -18024.21612                
O              111                                                      
    -1.884402571       -0.7693281495        -5.845624095                
   -0.1602122811         3.639295841         1.325685728                
     721.4295228        -21946.39004        -9221.847771                
O              112                                                      
     8.222113663        -9.262349200        -1.051226476                
     1.109587854       -0.9672938305         7.949595254                
     25584.30337         2320.201543        -38649.70836                
O              113                                                      
     7.575794201        -1.093486958        -3.695761766                
     2.980028305         10.28263803         2.632676154                
    -37596.69849        -10242.96553        -42450.36920                
O              114                                                      
    -2.312105689        -9.290381400        -2.876536551                
     1.042532423         6.936397806       -0.6439179536E-01            
     18927.36869         646.2805955        -1455.187738                
O              115                                                      
    -2.352774331        -1.100594514        -3.365441590                
    -7.821571583        -2.420212674       -0.4233837061                
    -4795.766586         437.9616943         1295.791922                
O              116                                                      
     7.888000253        -9.022867077        -3.691573052                
     3.609780396        -4.563622270         2.773169849                
     13576.80884        -1547.301980         1531.377744                
O              117                                                      
     5.065683923        -1.102470423        -3.561468623                
    -8.130417296         1.414449288        -7.863393539                
     22445.46966        -4417.936808        -14130.61086                
O              118                                                      
    -4.775124001        -9.244769872        -3.156690759                
     1.266993869        -3.307312831         7.656430781                
    -26387.25341        -7274.240471        -7035.967566                
O              119                                                      
    -4.936170187        -1.395873774        -3.312752578                
     3.916904858        -11.70324332        -4.682113889                
     15192.99225         6239.795274         15592.16220                
O              120                                                      
     5.462355577        -9.099856464        -3.450582414                
    -2.489465547        -3.601310861         2.158569529                
    -8253.602359        -4056.980544        -1508.282377                
O              121                                                      
     2.877725996         3.176959534        -3.498412349                
     3.717316662         6.131054065        0.4601534373                
     1565.791460         2928.742226         8198.973985                
O              122                                                      
    -7.537288678         7.014763961        -3.388923962                
     2.015313649         5.786030424        -7.583898755                
     13109.14912        -634.8346134        -12253.81505                
O              123                                                      
    -7.489729086         2.980303831        -3.273858243                
    0.5153401278         2.440007606         10.37878629                
     22056.97180        -948.8108410        -40715.16945                
O              124                                                      
     2.725605424         6.958801891        -3.384977371                
    0.2061034901        -8.809532551        -8.192519515                
     13458.38954         12184.94450         11292.92397                
O              125                                                      
     4.325135343         3.108576836        -1.261094980                
     4.127345901        -1.980896638        -4.171115011                
    -8124.846591        -959.0707215        -2360.724745                
O              126                                                      
    -6.114454090         6.869456287        -5.618795156                
    0.1570757857         2.727437442         4.939592434                
    -2552.829658        -2635.609327        -12425.53026                
O              127                                                      
    -6.058867183         2.952197090        -5.640960782                
    0.6462647339        -5.877863753        -3.140335807                
    -12069.50638         9782.828193        -3092.200169                
O              128                                                      
     4.314711981         6.974957947        -1.140071251                
    -5.569024606        -2.376097852        0.5810086705                
    -17316.61092         6914.505240        -17794.04765                
O              129                                                      
     3.978378929        -3.244891647         6.602906352                
    -4.477853236        -9.018971548         4.726501925                
    -38672.90364        -7737.342946         9529.998174                
O              130                                                      
    -6.000784821        -6.750384526       -0.2481601419                
    -2.171529090       -0.9708180612         1.346532558                
    -33033.43587        -1008.296708         854.4105311                
O              131                                                      
    -5.825345422        -3.243437148       -0.6086864257                
     7.066115480        -7.092680055        -6.622651926                
    -3891.875452        -18314.85461         6688.509255                
O              132                                                      
     4.080766545        -6.687051424        -6.429465911                
    -6.117140067       -0.1230621354         1.673320898                
     16278.81090         25.60862499         6514.271555                
O              133                                                      
     8.104763901         3.126729210        -1.481090073                
     19.87082663         5.990718499         1.255216034                
     2676.948145        -18654.25276         819.6887585                
O              134                                                      
    -1.969718550         6.862116230        -5.514889122                
   -0.4999477897        -10.26892182         4.391830745                
     3486.321514         7069.750759        -13221.30686                
O              135                                                      
    -1.978296599         2.875979357        -5.709569780                
    -5.015297289         3.384264191        -2.108768999                
    -5492.955998         19511.21294        -7734.904677                
O              136                                                      
     8.030754174         7.053030576        -1.064096787                
    -7.906974275         1.541797537         8.875469043                
     12000.64768         8831.527661        -30509.86492                
O              137                                                      
     8.023655482         3.079228855        -3.949792117                
    -16.59123727         3.411455893        -2.467106920                
    -7580.404255         8523.357402        -11178.30149                
O              138                                                      
    -2.397137534         6.809447735        -3.173038687                
    -4.136620361         2.982605969         4.702296151                
    -2121.880274         7438.352517         11512.14540                
O              139                                                      
    -2.370051096         3.162306960        -3.180804832                
    0.3215211080        -5.748998654        -4.118528530                
     7929.226740        -4298.982859        -6441.018350                
O              140                                                      
     7.840536131         6.767858160        -3.623693315                
     7.555535357         4.182234317        -1.761651284                
    -14671.96209         11725.33097        -7439.433923                
O              141                                                      
     5.505845411         2.919832906        -3.672598033                
    -4.497745499        -8.919341462        -2.963694778                
    -16916.61952         3311.778200         15923.59331                
O              142                                                      
    -5.013107758         6.783469517        -3.243769633                
   -0.3390382609         4.762440228        -4.213164031                
     4975.927244         14745.16796        -14131.14707                
O              143                                                      
    -4.931882611         2.904860176        -3.247497544                
    -6.063733873        -3.478068772         3.928720001                
     5634.728200         13010.60253        -6328.394133                
O              144                                                      
     5.254971157         6.925755056        -3.575835060                
   -0.5818160695        -2.231093396         3.999012867                
     4894.745609         8886.667809        -2494.241452                
O              145                                                      
     3.970372938         1.008853732        -2.762607994                
     1.012444055         5.481485815        -5.357334360                
     7732.632734         17960.48671         5287.599448                
O              146                                                      
    -6.132318959         9.042746055        -4.157172816                
     11.37715171        -1.801874182         2.055288610                
     3376.693109        -16532.38724        -2931.717426                
O              147                                                      
    -6.020805652        0.8199750611        -4.179967140                
     2.158410192         2.563346607         1.344090870                
    -19374.64938        -8578.194239        -9717.023502                
O              148                                                      
     4.055454081         9.043405459        -2.695101533                
    -2.160743213         7.577978368       -0.5498971657                
    -161.9367923         25204.58394        -5135.291043                
O              149                                                      
     8.655246662        0.9975437804        -2.846645855                
     2.483377441        -10.23479584        -11.88770740                
     2220.258867        -5164.712646         14538.20653                
O              150                                                      
    -1.363572706         9.019746554        -4.219995077                
   -0.7540089659       -0.3384716135        0.2930412457                
     9339.124686         10413.18753         12831.57850                
O              151                                                      
    -1.111956214         1.107536303        -4.282559421                
     1.867982052        -1.324961429        -5.720939477                
    -20452.83188        -22779.08278         12777.06829                
O              152                                                      
     8.566124950         9.017551132        -2.651807350                
    -1.549647832         10.96254027        -10.96749841                
     18908.37858         4477.351064        -4571.143515                
O              153                                                      
     1.875521638        -2.428697012        -5.605117821                
    -11.09849399         4.630111394        -1.332290094                
     15606.02666        -4984.128680        -16347.01350                
O              154                                                      
    -8.230847625        -7.619218540        -1.314242281                
    0.7132202428        -4.859840591         2.847538347                
     7222.783696         11856.87592         7021.669781                
O              155                                                      
    -8.193584558        -2.409798725        -1.452911586                
    -5.119042187         1.533388942         8.844095062                
     1332.425643        -7388.270920        -4011.181987                
O              156                                                      
     1.862756619        -7.539180490        -5.555780302                
    -2.391351212         6.747191322         4.898875756                
     4053.806080         18250.63867        -1158.918333                
O              157                                                      
     2.086543628        0.1264696770        -5.723745948                
    -5.544935703         10.69795120        -4.503330644                
     13195.58122        -15.04015028         239.3155291                
O              158                                                      
    -8.023339351         10.02730818       -0.9244847339                
     5.850155789        -7.314920639         3.281638719                
     2224.344949        -35433.75980         11489.36505                
O              159                                                      
    -8.075864872        0.7033399721E-02    -1.359755765                
     1.722068308         5.201821917        -1.785036746                
    -18219.18139         1920.217091         6434.610304                
O              160                                                      
     2.066648247        -10.03470088        -5.544461017                
     4.237993108         9.052970875         6.062502523                
    -8534.506048         9688.085147        -908.3361903                
O              161                                                      
     2.122881841         2.599532822        -5.775262744                
    0.8745982744        0.4200609078       -0.5122404599                
     1794.564878         17421.20369         11307.30835                
O              162                                                      
    -8.134005157         7.421192792        -1.016144625                
    -4.539754270        -1.701316877         3.402386655                
    -778.3288693         7171.842863        -6764.256229                
O              163                                                      
    -7.902241792         2.569666237        -1.052780208                
     1.932927273        -2.507441197         3.170435262                
    -14066.25449        -31952.45291         10635.09473                
O              164                                                      
     1.898502405         7.643597143        -5.576397698                
     2.285022370        -1.746582508         11.08729375                
     4257.579566        -8008.363698         5777.337600                
O              165                                                      
     6.015369616        -2.418577965        -5.690425606                
     6.552554625         1.472006795        -5.120647388                
     6484.752667         1564.574065         17194.40653                
O              166                                                      
    -3.843763484        -7.797473873        -1.267474390                
     1.286612549         8.924055670        -2.448608069                
    -1912.937355        -26496.30890         2214.394349                
O              167                                                      
    -3.585355773        -2.639005899        -1.367426128                
    -7.067164194        -3.171722847        0.1573562771                
     14023.37916        -338.6176867        -17666.84500                
O              168                                                      
     6.333047227        -7.537040154        -5.328678749                
    -10.31704953        -1.429826878        -1.811016024                
    -619.3418504         17445.34072        -10348.85763                
O              169                                                      
     5.992037024       -0.1678130421E-01    -5.682880490                
    0.1639379983E-01    -3.049431112         5.139805072                
     17281.62238         3840.122015         10775.81013                
O              170                                                      
    -3.974410591         9.724726088        -1.115044992                
     16.22381255         4.654653865         6.896256566                
     4119.860698         16009.94802         1203.304814                
O              171                                                      
    -3.702298026       -0.1745545293        -1.367140678                
    -1.452794277        -11.61707331        -4.329254289                
    -809.2810387        -12995.27053        -16319.09637                
O              172                                                      
     6.187350477        -10.01571988        -5.609135724                
     7.907239037         4.052296297        -7.561298137                
     11551.60513        -11510.16494         17290.86977                
O              173                                                      
     6.372057249         2.506119305        -5.894463871                
     9.372025101        -2.228956058       -0.6556550883                
     1168.552483        -6923.653896        -4480.671578                
O              174                                                      
    -3.886320763         7.298908674        -1.114812417                
     9.274204233         1.206195529        -1.739807867                
    -5429.848223         34094.88958         30955.42085                
O              175                                                      
    -3.829908471         2.343689626        -1.120588146                
    -5.036548955         2.124927437         8.895044553                
     13695.76646         13023.31854        -14136.03029                
O              176                                                      
     6.275510302         7.495688827        -5.675333697                
    -6.084488651         6.225488647        -1.496577359                
    -2705.172374         16051.59990         3048.965159                
O              177                                                      
     10.15594368        -1.026849981        -2.716045460                
     4.847923050        -5.910346143         1.838758520                
     1770.691326         6113.085935         13845.04862                
O              178                                                      
    0.1913525180        -9.025465473        -4.198596843                
    -3.108180578        -8.533953833         1.675781418                
    -5752.316105         4127.016414         7778.114613                
O              179                                                      
    0.1629893455       -0.9937954722        -4.341920671                
   -0.9661950182        -4.077087702         3.138795009                
     3885.040107         1079.579610        -11505.40780                
O              180                                                      
    -9.913333149        -9.218630697        -2.479212403                
    -3.090433752        0.5430952098E-01     4.769774114                
    -29864.66959        -13709.06300         4326.866211                
O              181                                                      
    -10.01312308         3.010664125        -2.604043534                
    0.1972583933        -8.070672972        -4.194698652                
     20441.61214        -4926.596701         5932.004079                
O              182                                                      
    0.1306145746         6.923618662        -4.027279160                
     6.170043403         2.246367855         2.292369304                
    -16867.49379         5835.062715         6187.410965                
O              183                                                      
    0.1718549427         3.166406993        -4.214711455                
     10.00884645         11.42774941        -5.504705140                
     4068.760962         17116.69999         4399.022991                
O              184                                                      
    -10.07509473         7.017386940        -2.519390296                
     9.301142027        -1.624785274         3.815511618                
    -4987.664334         12647.87221        -6833.750099                
O              185                                                      
     1.757938689         5.079332073        -4.701688514                
     3.960457363         1.323747475        -4.623584755                
    -7784.018529         14154.43120         3909.861535                
O              186                                                      
    -8.658831016         4.999213466        -2.017712714                
   -0.8830562210        -9.989805673        -3.540323532                
     20064.34246         19454.97060        -18940.02481                
O              187                                                      
     6.482583258         4.977830148        -4.807874200                
    -1.460367868       -0.3292175107        0.4734285192                
     5009.382807         1794.648207         1408.412702                
O              188                                                      
    -3.810666691         4.888030706        -2.037041177                
    -2.102423656       -0.6694241230E-01     6.276513512                
     14941.84718         15515.52521        -8353.119735                
O              189                                                      
     5.751175295        -4.955426427        -6.387601915                
    -7.626235386        -3.204782583        -2.308526043                
     11715.53739         5413.659521        -6057.464449                
O              190                                                      
    -4.223649968        -5.214909067       -0.7227919658                
     9.910386224        0.2220702804         3.410694810                
     11769.68443         16027.43796         9908.649094                
O              191                                                      
     2.198154902        -4.965598321        -6.547073055                
    -5.283188361         9.756313876         8.470508205                
     5896.617460        -9160.238197        -1908.256095                
O              192                                                      
    -7.811370235        -4.932707125       -0.4504439340                
    -3.378188533         2.173393283         1.190687271                
     8923.385395        -31443.51443        -4135.450961                
O              193                                                      
     7.613625723         1.284641817         3.111897512                
     1.398197330        -3.548199259        -2.138956902                
    -23049.36873        -7145.910638         3724.220374                
O              194                                                      
    -2.699970420         9.085554958         3.626509975                
     4.063025531        -12.54564675        -4.370896848                
     21415.94413         13754.45055         3354.388391                
O              195                                                      
    -2.701913824        0.9692569745         3.210475664                
    -8.811004050        -3.121228443        0.5687652031                
    -5333.691803        -6642.816510        -5030.154993                
O              196                                                      
     7.504735189         8.844447234         3.374957426                
    -8.029420201        -1.634769803        -11.71205138                
    -17631.46589        -203.7730280         21252.48500                
O              197                                                      
     6.195083999         1.061979978         5.384918343                
     8.567537564       -0.9490580558        -1.609717459                
    -5373.975578         3011.116317         5542.328616                
O              198                                                      
    -4.117699115         8.875161930         1.336895218                
   -0.2477645540         3.735959149        0.9670223442                
     9794.903204         9093.053545        -9385.031094                
O              199                                                      
    -3.941876582        0.7620031867        0.9812986567                
    -3.977007377        -12.15713071        -1.901920584                
     751.5116444        -5382.352242         33096.64692                
O              200                                                      
     6.071687706         8.973580177         5.703498698                
    -1.374829037        -4.850971842        -6.253775128                
    -4555.658159        -4067.070599         2945.307643                
O              201                                                      
     6.041451710        -1.324473244        0.4096538097                
   -0.9173142281         3.501806416        -6.049406427                
    -9911.255440        -13464.61167        -11973.09766                
O              202                                                      
    -4.153746998        -8.862066728         6.580577119                
   -0.9114208665        -5.250025244        -7.142624378                
     24957.98297        -537.3914589        -689.2999243                
O              203                                                      
    -3.931368605        -1.436476835         6.374710278                
     5.733970324         3.813109551        -4.758205910                
    -9599.260090        -20649.52545         1791.939095                
O              204                                                      
     6.025666580        -8.977962090        0.1959868377                
    -12.20707279        -14.96638479         5.362827675                
    -4073.256241         2754.986245         20448.31940                
O              205                                                      
     1.947961322         1.138961764         5.538790005                
     3.451809811       -0.6441767236         8.734641766                
     9507.830073         13796.70713         4621.616949                
O              206                                                      
    -8.121462469         8.719987550         1.349728934                
     2.052493602        -4.605040246        -8.374767763                
    -6513.390296        -2582.991378        -3332.045399                
O              207                                                      
    -8.099813683         1.114783676         1.100520122                
     8.530457132         3.616934710         4.085440353                
     1551.533887        -22069.87251         5080.986278                
O              208                                                      
     1.959986419         8.851072838         5.677287701                
     4.849037395         1.396703049        -4.466219270                
     23548.58008         5666.630967         35955.78347                
O              209                                                      
     2.373105417         1.087086196         3.021751007                
    0.9401299401         5.553667326         6.414830803                
     21949.00661         20168.79671        -27289.08454                
O              210                                                      
    -7.668630795         9.025223781         3.833351837                
     7.302528405        -6.708393390         1.712272194                
     5468.974168        -10304.40122         9797.818527                
O              211                                                      
    -7.692841903        0.8319719131         3.740988311                
     1.822662289         4.994994901         4.128028792                
     14176.08192         7866.471688         12091.78938                
O              212                                                      
     2.619592978         8.873667547         3.219213649                
    -2.411966125        -1.286501784        -5.566461197                
    -33786.53076         1933.570120         7823.265281                
O              213                                                      
     4.979849763        0.9847927198         3.055933665                
     6.113057186        -5.112093367        -6.231847189                
    -12506.12154         16030.49113        -2563.614931                
O              214                                                      
    -5.152269330         9.198798263         3.711331484                
     3.715474398         2.247746922         10.37359439                
     2437.174748         9210.973027        -4572.839950                
O              215                                                      
    -5.259250770        0.8077620066         3.397505027                
     4.627598875         2.799959580        -4.464056795                
     11528.60421        -7165.986600         7317.907820                
O              216                                                      
     5.005660062         9.086589838         3.287849241                
     6.443873741        -2.750179555         2.333027625                
    -7056.928646        -17316.31034        -8202.026135                
O              217                                                      
     7.454400575        -3.154175192         3.095212573                
    -2.638104154         1.576658076         4.001887197                
     15532.89542        -8807.265611        -10941.84728                
O              218                                                      
    -2.690825196        -7.049786910         3.529485116                
     2.693409874         7.459914607         7.868469541                
    -1681.571584         1810.691523         13282.34184                
O              219                                                      
    -2.752267466        -3.296995030         3.458092405                
     3.967429471         5.304045487        0.5463421996                
    -9128.411749        -663.4089104        -3682.038672                
O              220                                                      
     7.474082727        -7.081280018         3.216518156                
     7.207910728         1.543919382         5.570925192                
    -14974.91498        -4432.950483         30372.33839                
O              221                                                      
     6.041314900        -3.000629110         5.328909082                
     1.393864032        -10.62778326        -4.051728950                
     3909.845378        -9717.430230         22536.29235                
O              222                                                      
    -3.911816628        -6.896890080         1.199491877                
     12.68997048        -8.145431214         7.630095429                
    -17163.60452        -2873.372428        -2345.011955                
O              223                                                      
    -3.989685669        -3.399940772         1.121393432                
    -2.197825643         9.822475560        -3.474175147                
     5973.225109        -2733.406662        -3456.705795                
O              224                                                      
     6.070106979        -7.053551617         5.677837511                
    -4.641895132        -12.15326025        -3.354733944                
     12934.15058         892.5745022        -7317.922614                
O              225                                                      
     6.183465882         3.327384071        0.2136549156                
     2.080498491         3.011661656        0.4174817732                
     110.3264264        -9318.911671         10482.44143                
O              226                                                      
    -4.147609088         6.525249576         6.489807103                
     8.838707329        0.4977132669        -4.524009004                
     12574.14576         10011.09289         10962.37653                
O              227                                                      
    -4.155998728         3.374300364         6.378266903                
    -4.203353871        -2.252728284       -0.7608734376                
    -14098.91064        -9500.377337         7759.580144                
O              228                                                      
     6.055815904         6.516697073        0.5507772574                
   -0.5985824460         10.35780929         1.503208755                
     11657.92795         4942.807711         4098.584008                
O              229                                                      
     1.638116553        -2.900600790         5.471741003                
    -1.683833774         4.833002969         5.704890532                
     8043.808730        -13713.24267         4599.384590                
O              230                                                      
    -8.229244016        -7.179865676         1.077395290                
    -6.057522268        -2.353690233         7.472042313                
    -1375.182350         16050.39746         5453.625198                
O              231                                                      
    -7.933844732        -2.947539473        0.9804091544                
    0.6188687831         4.105833026        -2.452260785                
    -6939.878675        -4326.675004        -7585.786446                
O              232                                                      
     1.989615741        -7.055462845         5.576231647                
     2.391306844         2.607580526         7.093204318                
     726.6119697        -3698.833662         11746.50581                
O              233                                                      
     2.426033894        -2.970924598         3.055015683                
    -6.399679983         1.525590230         2.706904141                
    -6997.065589        -9508.489706         3293.173220                
O              234                                                      
    -7.810452602        -7.096916298         3.621931179                
    -2.603039515         5.521695788         2.240020725                
     2491.507879        -3783.907504        -4688.924491                
O              235                                                      
    -7.787535320        -3.169252414         3.459502838                
    0.1425702213         2.226514176        -7.357135285                
    -2479.332593         3982.680962         10959.10989                
O              236                                                      
     2.316041889        -7.142528778         3.148974011                
    -1.760612198         8.814794015         2.441731980                
     8911.624362        -525.9974313         1776.038674                
O              237                                                      
     4.980455779        -2.960155462         3.086497178                
    -3.197743786        -2.443666615        -16.33648105                
    -4406.827419         2479.463438         3386.376976                
O              238                                                      
    -5.280424634        -7.062395003         3.476906219                
    -5.531025840        -2.557165260         8.712041613                
    -13787.49264         18975.03308         7882.834276                
O              239                                                      
    -5.324740169        -3.283311797         3.365945253                
     13.23707364        -2.601564083         1.740498705                
     13334.39653         6445.059413         14350.40611                
O              240                                                      
     4.934370419        -6.979770076         3.359598500                
    -3.875661769         6.293871447         7.532397466                
    -2890.657526        -21227.52357         2992.042636                
O              241                                                      
     6.480339809       -0.9174884456         3.862838468                
     5.153308588        0.6193866313        -2.545180129                
    -11889.38772         7220.116969        -3194.108475                
O              242                                                      
    -4.037598449        -9.024156669         2.555101629                
     3.839060066        -3.233164823         2.598724925                
     9395.586381         6001.856982         4029.988623                
O              243                                                      
    -3.910252901        -1.232504453         2.475660321                
    -4.364558261        0.7747850018        -7.726058921                
    -5091.882124        -18979.20639         11599.00751                
O              244                                                      
     6.212265711        -9.137404485         4.158473396                
    -7.045946163        -6.097070826        0.1896856160                
     4533.136255        -10798.19377         1774.658585                
O              245                                                      
     1.359370708       -0.8752996926         4.037792894                
    -10.20156311         7.931855370        -7.313811588                
    -7828.972367         33955.56944        -3516.547214                
O              246                                                      
    -8.747560736        -9.300771527         2.604798428                
    -2.017214680        -2.200112031        -7.618105243                
     465.7381760         8149.223153        -5090.194068                
O              247                                                      
    -8.703197075        -1.016806051         2.407345460                
    -3.122577333         1.432853491         5.085545382                
     855.4827465         518.2140919        -2119.444928                
O              248                                                      
     1.379008281        -9.291647523         4.236211455                
    -5.596968209         8.182967429         4.516350915                
     9499.769266         18090.41968         1140.260855                
O              249                                                      
     8.559647925         2.442963888        0.9974517176                
     2.070542831         2.074278761         7.850694343                
    -19623.19417        -22961.25407        -1973.358229                
O              250                                                      
    -1.921284648         7.494483860         5.535226033                
    -10.77368944         8.092023003         4.536306791                
     4150.114225        -3298.364480         11450.99662                
O              251                                                      
    -2.125517385         2.573076219         5.262966734                
    -5.075574272        -1.426200397         7.245112605                
     21827.55018        -23742.98343        -17752.44448                
O              252                                                      
     8.380562820         7.294882360         1.364085008                
    -6.627723352        -4.813839482        -1.276053511                
    -2802.642458         24240.23531         23586.86765                
O              253                                                      
     8.153271868       -0.1440944722         1.169034681                
     5.562954454        -2.195014985       -0.1895323510                
     3397.792590         14853.83126        -7182.950709                
O              254                                                      
    -1.932201877         9.988720933         5.885537747                
    -3.178053247        -1.587017792       -0.6311779851                
    -1282.333609         12396.02226        -17068.19067                
O              255                                                      
    -2.227182793        0.5973775292E-01     5.417338063                
   -0.9314831735         5.285877987         2.809947974                
     25050.12409         70.99727851        -22045.89393                
O              256                                                      
     8.044972309         9.839605894         1.279036061                
    0.7989450740         6.757601527        -9.517755030                
     8624.130754         5259.103881        -5542.071808                
O              257                                                      
     8.221925952        -2.582966419        0.8242066027                
     11.58374906        0.7641488456        -4.053053490                
    -884.6971370        -40689.25031         11861.68719                
O              258                                                      
    -2.072007405        -7.558268322         5.862906404                
    -8.955418281        -3.590996066         2.808673962                
     9035.067815        -9970.728669         2306.508021                
O              259                                                      
    -1.770216345        -2.543164137         5.590749282                
     1.126036959         5.923745564         7.326350637                
    -13274.74879         6181.052242         11411.90046                
O              260                                                      
     8.202381806        -7.739672597         1.120867097                
     2.633863012         2.837717936         20.82741052                
    -7193.308569        -27131.96811        -33973.51482                
O              261                                                      
     4.014394288         2.405093890         1.179883959                
    -1.659940987         2.099014579         1.115835631                
    -22956.61095        -14913.43801         28204.23140                
O              262                                                      
    -6.133328088         7.661676351         5.494709472                
    -7.680951641       -0.8966369434         2.779847043                
    -11245.14532        -11335.41909         7882.721770                
O              263                                                      
    -6.277527574         2.228886031         5.492665738                
     4.505819062         3.035705399         5.323284984                
     2951.564747         12424.66538         2561.882853                
O              264                                                      
     3.909514993         7.502858503         1.354681013                
    -4.101663962         1.369023789         2.705436614                
    -6478.662187         26553.06566         21942.61521                
O              265                                                      
     4.006171658       -0.9405609755E-01     1.172874023                
    -8.372047246        -3.577401586        -1.074484218                
    -15308.59269        -7803.276791        -1838.689597                
O              266                                                      
    -6.250253150        -9.964404607         5.794662154                
     8.713267505         6.929714935         2.294188918                
    -5975.241683        -40467.72884        -23147.51049                
O              267                                                      
    -5.976438367       -0.3018041919         5.567405216                
    -3.585780372         10.73202955        -7.333446547                
    -4931.283467         608.2934659         5310.765685                
O              268                                                      
     3.926085470        -10.08101773         1.311255638                
   -0.3795113350        0.8578361032        -1.802220310                
     942.0465435        -2370.643427        -11026.48258                
O              269                                                      
     3.925489621        -2.688158840        0.9598435941                
    -5.232442466       -0.3826251747         1.091782415                
    -2026.866716         2838.455629         3535.948747                
O              270                                                      
    -6.147806503        -7.634013641         5.667820446                
     3.313924572         10.71815609        0.1622731199                
    -14991.97173         40232.80292        -17431.28884                
O              271                                                      
    -6.272734425        -2.835355718         5.761073531                
     2.221373008        -3.504388910        -7.869682929                
     27788.56817         28215.27836        -15814.19025                
O              272                                                      
     3.884338767        -7.586015280         1.122940260                
   -0.7176373127        -2.812933996       -0.8495565279                
     8811.705581        -18781.71060         5989.164542                
O              273                                                      
   -0.1623391856         1.163137495         4.086861531                
     13.22507997         6.480173766        -3.943348170                
    -14450.98452         3625.565972        -844.0418850                
O              274                                                      
     10.06199145         8.854832845         2.780208709                
   -0.2576856480         2.312134831        -5.530079477                
    -5111.758011        -9000.588622        -13988.42557                
O              275                                                      
    -10.12961418        0.9611612839         2.524141680                
     1.043402012        -12.88586062        0.8909175406                
    -24354.21289         8420.037891        -6772.687158                
O              276                                                      
   -0.3220133256E-01     8.952782376         4.328399927                
     4.271351303        -1.605624522         7.767122719                
    -20447.95300        -9027.667093        -7515.052907                
O              277                                                      
   -0.1653213531        -2.928593993         3.869353949                
    -3.706328799        -10.55060617        -3.622953886                
    -23387.59978        -22290.67186        -4523.167395                
O              278                                                      
     10.06801763        -7.225477219         2.645599300                
    0.4448476671         12.77015073         7.359146026                
    -1238.281310         11242.91185        -5588.277341                
O              279                                                      
     10.12546141        -3.153888120         2.317878341                
    -12.49466686         7.326359074         12.30633615                
    -22350.87301        -13080.55370        -2998.371435                
O              280                                                      
   -0.1395134341        -7.199125319         4.259906352                
     1.483170345        -1.552865450         4.170970899                
     5296.028486        -5623.609221         5759.643962                
O              281                                                      
     8.631586654        -5.167730079         1.913166346                
    0.2808546535        -8.275941864        -7.490443605                
    -904.1564199        -25486.19336         1442.912770                
O              282                                                      
    -1.473468402        -5.145094921         4.696834660                
    -1.763289593       -0.5249593725        -1.059877240                
    -2503.474293         22915.53437         3476.076020                
O              283                                                      
     3.800023214        -5.099673019         2.141339005                
     2.282227457         2.567772316        -7.317337912                
    -20623.28664        -7926.388622         17186.30216                
O              284                                                      
    -6.648417004        -5.128216300         4.601265664                
     5.461119769         4.979246448         3.837569940                
     13077.90840        -8815.759404         1822.575691                
O              285                                                      
     4.233660906         5.006770845        0.5464572664                
    -10.26569948        -5.305294560         4.174192220                
    -2033.179574        -51749.34050        -633.3659539                
O              286                                                      
    -6.040826340         4.911610613         6.135277447                
     3.136194949         6.874099504        -13.53944391                
    -11990.13090         18499.56644         12618.12339                
O              287                                                      
     7.987216272         4.959004179        0.2496733822                
     4.420645396        -2.595033765         16.25016652                
    -5828.299093        -36211.31197         150.6636137                
O              288                                                      
    -2.332161629         4.987713534         6.402222323                
    -1.398261597        -7.204231832         5.001055650                
     18161.37028        -29230.96227         6257.470770                
C              289                                                      
    0.7883582929         7.369544027       -0.6752165026E-01            
    -4.319298096         6.006743746        -3.098862487                
     121.2857391         100.6275411        -82.22572592                
C              290                                                      
     1.288043573         6.215636218       -0.6829281400                
   -0.3913834730         7.263986391        -2.266926165                
    -238.7491948        -39.97054970         221.9505452                
C              291                                                      
     1.546964818         5.071186508        0.8074367882E-01            
     2.741181860         8.435574120        -1.573257097                
    -2589.819340         138.1221594        -592.1942363                
C              292                                                      
     1.306200784         5.080644606         1.459821988                
     1.945832573         8.349919205        -1.711524350                
    -364.9720173         1.940750018         91.20335213                
C              293                                                      
    0.8065155038         6.234552417         2.075228478                
    -1.982082057         7.092676558        -2.543460674                
     14.43878345         89.00449218        -1.889568071                
C              294                                                      
    0.5475942584         7.379002126         1.311556659                
    -5.114647388         5.921088830        -3.237129742                
    -73.52774891         79.41180111        -136.1933169                
H              295                                                      
    0.5886190460         8.252405233       -0.6566399111                
    -6.735848499         5.102947497        -3.633978627                
     14.50197262        -72.92205581        -13.44614805                
H              296                                                      
     1.473781935         6.208330375        -1.746805001                
    0.2222106520         7.330074117        -2.160254852                
    -3026.080131        -1969.472646         4664.988097                
H              297                                                      
     1.932442428         4.181019458       -0.3940149222                
     5.771326391         9.405458096       -0.9314696443                
    -570.3454312         109.7929851        -233.5472411                
H              298                                                      
     1.505940031         4.197783401         2.048940248                
     4.362382973         9.253715454        -1.176408212                
     26.75318179         107.9934563        -48.33996046                
H              299                                                      
    0.6207771418         6.241858259         3.139105339                
    -2.595676178         7.026588834        -2.650131986                
    -104.0731841        -123.8342608         54.11733426                
H              300                                                      
    0.1621166491         8.269169175         1.786315260                
    -8.144791915         4.951204855        -3.878917194                
    -268.4080006        -246.0654735        -365.0175626                
