Diffusion in Zeolites. ZSM5 (Silicate) Crystal Structure, Si(96)O(192) +
         2         2       300    133340   1.0000000E-03   1.3334000E+02
       20.3183600000        0.0000000000        0.0000000000            
        0.0000000000       20.1714600000        0.0000000000            
        0.0000000000        0.0000000000       13.5858629500            
Si               1                                                      
     1.534095009        -1.199838162        -4.602427790                
     1.729240195        -4.001171896        -1.088766721                
     26498.68990        -6177.170953         1871.185725                
Si               2                                                      
    -8.428946828        -9.011874200        -2.428376575                
     3.827301101         3.618372795         1.984679667                
     1155.099672        -10285.16159         1554.304050                
Si               3                                                      
    -8.613424626        -1.306165304        -2.116378724                
     2.008504793         1.099313926       -0.7332261332                
     911.4109264         2607.829675         540.5850054                
Si               4                                                      
     1.775888563        -8.910486999        -4.577138364                
     1.429206983       -0.7236975319       -0.9145287907E-01            
     5695.999579        -1096.036256        -15386.55255                
Si               5                                                      
     3.827333521       -0.5359647532        -2.521392557                
   -0.5784451700        -1.175678398         4.237738272                
    -31270.21705        -657.9883044        -24590.23466                
Si               6                                                      
    -6.072626702        -9.508422431        -4.336445444                
    -5.677641422        -2.222654595        -3.255173469                
    -4881.000566        -2299.488266        -10103.61068                
Si               7                                                      
    -6.344569476       -0.6920610421        -4.099017089                
    -1.240680591         3.406728319         1.167907672                
    -3045.920371        -3008.739241        -994.9245833                
Si               8                                                      
     4.134205291        -9.514613929        -2.634536318                
    -1.387882687        -1.294654848        -3.927086198                
     9616.494931         2557.437946         2675.574048                
Si               9                                                      
     5.615288523         1.225655976        -6.389944158                
    0.7574063639       -0.3580075042         2.647016420                
     4889.222042         8770.166577        -3376.003838                
Si              10                                                      
    -4.343301159         8.762348205       -0.5828946566                
     1.199379945       -0.7810409164         1.933395466                
     463.2448580        -14118.87904         8931.803042                
Si              11                                                      
    -4.557525278         1.278590281       -0.3722961270                
     1.689321533         4.799444892        -1.697400397                
    -13728.50081        -11514.74912         3820.928418                
Si              12                                                      
     5.778329395         8.867474144        -6.469123432                
   -0.5793001795       -0.8283209198        -1.887647317                
    -4458.396446        -11418.07201        -7942.490384                
Si              13                                                      
     2.464570007         1.308107239        -6.363386962                
     5.653165983        0.4321965802         2.853467873                
    -10298.31941        -13686.85230        -15879.73594                
Si              14                                                      
    -7.529176164         8.771214647       -0.5010167265                
    0.3827064076        0.8948116199         4.604714711                
    -9338.724241         7036.288904        -3262.130245                
Si              15                                                      
    -7.788054501         1.299904444       -0.4583597791                
    -1.274464715         1.585455799        0.1593331908E-01            
     8055.904691        -9108.873352         1474.790294                
Si              16                                                      
     2.622831707         8.892110933        -6.525655269                
     1.141926407         2.246903354       -0.1810526266                
    -15608.72529         2905.608566        -5076.863624                
Si              17                                                      
     8.671078853       -0.6031389396        -2.536388800                
    -1.731496136        -1.556628350         5.023445324                
     31240.09370        -21943.66855         13806.03364                
Si              18                                                      
    -1.219145617        -9.508226644        -4.276626818                
   -0.1438053096         2.296316684         2.558649056                
    -8525.078849        -5715.512290        -14983.50832                
Si              19                                                      
    -1.444292926       -0.5956519667        -4.280500518                
    -2.540366296        -1.660544516         5.260290356                
    -1010.652837         24810.66564         11614.72093                
Si              20                                                      
     8.861905757        -9.456577130        -2.494644211                
     2.346054424         1.898724945       -0.5534279966                
    -3461.068743        -7752.651923        -13199.30401                
Si              21                                                      
     6.279943419        -1.135897560        -4.413659456                
     2.180490021        -4.242027263        0.2845820100                
    -3766.480540        -23850.94068        -21724.61038                
Si              22                                                      
    -3.652778957        -8.947862720        -2.417004512                
    -5.110690824        -1.149494153        -4.092087963                
     22191.26512        -356.2872472        -13204.86741                
Si              23                                                      
    -3.835063936        -1.189844250        -2.275978772                
     2.159025997        -5.824978740        -2.707566059                
     27307.18457         11086.38817        -3626.860236                
Si              24                                                      
     6.599788093        -8.955966808        -4.562325303                
    -4.081140867        0.5415438865        -2.343212499                
    -17453.29615         10334.56319         11768.84891                
Si              25                                                      
     1.650082541         3.626128614        -4.512126673                
     3.939389191        -2.707719058        -1.375171015                
    -4369.611766         6300.081276         2093.608354                
Si              26                                                      
    -8.621085745         6.639206193        -2.432659708                
    -1.876985702        -3.699905190        0.9839962060                
    -8919.500112        -16334.64358        -12390.07323                
Si              27                                                      
    -8.738777603         3.462661257        -2.490826985                
     4.321969752        -3.413288806         4.609385996                
     7200.692590         15643.43877        -22655.74801                
Si              28                                                      
     1.664370938         6.734626377        -4.515050384                
    0.1796508173        0.1907205102        -5.074562930                
    -8505.360281        -300.2010854        -17085.84998                
Si              29                                                      
     3.864236597         2.662711545        -2.534669223                
     2.425945172        -2.211089687         1.822030018                
    -10725.27474        -11492.35120         3196.528183                
Si              30                                                      
    -6.245907878         7.508977017        -4.337314944                
    0.5757979215        -1.834895873        -3.401773413                
     3508.112153        -17027.29551        -1675.596109                
Si              31                                                      
    -6.270843011         2.462651289        -4.270445022                
    0.6793878899        -2.155657569         3.487303360                
    -2421.639392         10765.18495        -15049.72549                
Si              32                                                      
     3.933433880         7.480380306        -2.552289293                
    -3.688233774        -3.396326750        -5.558857023                
     8002.111810         8717.197223        -4980.125416                
Si              33                                                      
     5.740985853        -3.572596363        -6.363126511                
   -0.5358431597         2.250574493       -0.3667708137                
     3204.368053         13514.22294         10155.28704                
Si              34                                                      
    -4.242377795        -6.715857647       -0.4601572384                
    -4.975795973       -0.3850977605        -4.910848460                
     8649.502852         47608.77747         20387.74066                
Si              35                                                      
    -4.316308319        -3.609786791       -0.3695306966                
    0.2295247354        -1.245770832         7.752492523                
     2357.644701        -2844.343537         1797.352537                
Si              36                                                      
     5.801757474        -6.654342324        -6.447751204                
     2.861442986         3.051026150         9.199834584                
    -1758.582750         21626.71632        -8830.618024                
Si              37                                                      
     2.563586838        -3.547751919        -6.435307015                
   -0.4480440341         2.966388339        -1.018554378                
    -4770.814574         19444.39808        -80.15938070                
Si              38                                                      
    -7.416362694        -6.781913352       -0.4784087298                
    -4.360726962        0.9628580984         4.684271862                
    -1045.702002         11025.14184         4863.581161                
Si              39                                                      
    -7.513993986        -3.639264733       -0.3305751024                
    -6.955422570        -1.615277567       -0.8581823415                
     13032.82869        -8636.371704         4119.072473                
Si              40                                                      
     2.633667279        -6.630523658        -6.512235177                
     5.690488726         3.217964530        0.3757507992                
    -16536.30764        -3862.926076         11450.92733                
Si              41                                                      
     8.656612230         2.473571083        -2.649918824                
     1.226857734        -1.478949684         2.653192854                
    -9981.708572         20161.42376        -19007.73218                
Si              42                                                      
    -1.325216473         7.504675358        -4.428875703                
     3.050615501        0.5467334920        -1.108286882                
    -6012.495006         8519.921741         992.2893959                
Si              43                                                      
    -1.294546574         2.635406926        -4.252069792                
    -1.206042004       -0.2188615244        -4.279763952                
    -17104.09512        -9448.128373        -8645.397110                
Si              44                                                      
     8.694518271         7.566422173        -2.596268507                
     1.051472975        -4.563006753        -3.142942564                
     8569.664277        -4128.620518         33211.62639                
Si              45                                                      
     6.222730619         3.584268959        -4.407478233                
    0.8032397748         1.821347159        -1.693112616                
     10521.10680        -7813.988854        -4172.736955                
Si              46                                                      
    -3.722163136         6.533415733        -2.685219749                
     2.192372558         3.896206763         1.546430414                
    -9134.758871        -10357.42625        -11840.16457                
Si              47                                                      
    -3.793387869         3.362138656        -2.460313956                
     3.455123649        -1.536838857       -0.8486500442                
    -5075.147505         18052.65355        -9340.735825                
Si              48                                                      
     6.361769252         6.618241684        -4.447083421                
     2.355281507        -2.505976311         2.368565688                
     7685.538893         43205.71755         3862.553215                
Si              49                                                      
     8.541830781         1.197939247         2.255385270                
    -5.356183371        -1.473292270        0.6765622870                
     4234.982118        -23493.63532         6563.656622                
Si              50                                                      
    -1.510951287         8.793599144         4.429965905                
    -1.407662266        0.2043210543        0.1066590770                
     10584.93053         3405.493321        -4290.743806                
Si              51                                                      
    -1.691766878         1.070649691         4.536943921                
    -2.517844346         3.020498620         5.221253661                
     11745.35982         4031.067058         11055.22290                
Si              52                                                      
     8.627593166         8.769885570         2.061244906                
     1.928749848        -5.786523535         5.728901192                
    -12402.71401        -2849.116870        -3766.558317                
Si              53                                                      
     6.227078440        0.5379893799         4.265222549                
     2.089812795       -0.4987161428       -0.4748826037                
     19040.20413        -8883.517074        -21788.21857                
Si              54                                                      
    -3.889492617         9.395676678         2.481141061                
   -0.7562693703         2.012064200         3.947083562                
     15336.36262        -6574.075242        -3512.481053                
Si              55                                                      
    -4.020973612        0.5636768551         2.616775501                
    -5.625360948        -1.771460261         1.976352136                
    -4333.374469        -10063.62331        -696.5585785                
Si              56                                                      
     6.385344979         9.374804973         4.087643247                
    -1.500150585         1.369207674        -5.401018799                
    -27957.23264        -1506.048213         6267.938557                
Si              57                                                      
     4.317414215        -1.310137193        0.3903091212                
    -1.985707657        -3.611044737         1.891492318                
    -6857.081025         4116.975666         16499.94518                
Si              58                                                      
    -5.533429596        -8.900167842         6.213033606                
     1.258138296         4.026938979        -5.605591542                
    -12689.62870         10527.65962         15054.73101                
Si              59                                                      
    -5.726803681        -1.298120859         6.544821172                
     3.619403163         2.445158443       -0.5940016244                
    -5437.255430         5471.426340        -23358.30057                
Si              60                                                      
     4.509002478        -8.891970520        0.4205306466                
   -0.6550595123       -0.5955602845        0.8872348665                
     32776.16990        -9610.501016        -16468.06900                
Si              61                                                      
     7.549134504        -1.258821792        0.3934258100                
    -3.507423966        -7.306239633         1.433023690                
    -6868.010988         5770.546713         1666.884844                
Si              62                                                      
    -2.367313750        -8.926991600         6.321772329                
    -2.078486171         3.352037509         1.490291996                
     10073.04693        -7257.421737         12750.43622                
Si              63                                                      
    -2.545281323        -1.353472481         6.456822285                
     2.714427984        -2.695043708        0.9735821975                
    -3181.532360         18302.81686         19698.64311                
Si              64                                                      
     7.745787311        -8.861588144        0.3495787831                
    -3.564411963        0.7475761099        0.3792082048                
    -12239.22876        -1576.013404         2753.414097                
Si              65                                                      
     1.387650012        0.6429335618         4.335343155                
    -1.066643775         4.708493498         3.598396756                
    -5436.153362         8613.448182         2577.369768                
Si              66                                                      
    -8.653811873         9.371781625         2.395010607                
     1.134026787        -1.068104536       -0.7399475030E-01            
    -5552.579631         12126.04733        -1113.626801                
Si              67                                                      
    -8.769743479        0.5102820544         2.440322968                
   -0.7970952382        -2.685181405        -3.520307045                
     8138.411406         2753.750397        -7534.623705                
Si              68                                                      
     1.544030416         9.440278096         4.160522173                
    0.1198705097         3.023418637        -2.703781282                
    -6326.678021        -11042.72241        -7937.765468                
Si              69                                                      
     3.772102598         1.130838226         2.371867996                
    0.3219084004        -2.394577628        -4.934427188                
    -1953.344419        -11033.37050         880.2474325                
Si              70                                                      
    -6.340103851         8.844657405         4.322928331                
    -1.866221357         2.430120033         5.434837988                
    -7150.919168        -17832.57573         21150.42228                
Si              71                                                      
    -6.445611448         1.125124933         4.507582224                
   -0.9331064571         3.542678779         1.406379755                
    -18509.59203        -13002.99983         22085.41810                
Si              72                                                      
     3.839216761         8.760287060         2.230565171                
     4.639186214         3.601040460        -5.068511240                
     21101.03170         19344.71045        -1626.307176                
Si              73                                                      
     8.604254675        -3.444020078         2.371514856                
    -1.939001498       -0.5992364367       -0.1146740406                
     5774.905380        -16605.70697        -5223.851597                
Si              74                                                      
    -1.451380487        -6.625538578         4.325634618                
    0.5306403598         1.550084998        -1.983312726                
    -13539.28009         3079.320279        -198.5543859                
Si              75                                                      
    -1.534129462        -3.488617328         4.550377154                
    -2.561766672       -0.9140242960         1.996540863                
     16612.67953        -15147.48817        -7607.410526                
Si              76                                                      
     8.686681125        -6.594929008         2.338179280                
     5.985206049         2.154432750        0.7683070939E-01            
     10172.97998        -27042.04409        -400.7816106                
Si              77                                                      
     6.271547013        -2.642157277         4.258232760                
     1.968698747       -0.8205237366         3.529419349                
     8945.166322        -8562.611887         5752.804392                
Si              78                                                      
    -3.816332723        -7.597648165         2.530730256                
    0.8217589455       -0.2362282486       -0.7978409369E-01            
     11531.22935         3527.338714        -2262.774077                
Si              79                                                      
    -3.790184505        -2.598324599         2.596631032                
   -0.6901483335         2.876325280       -0.9898533945                
    -16672.43510        -11913.79058        -19046.10648                
Si              80                                                      
     6.467584185        -7.641986555         4.222457470                
    -2.654994205       -0.2464381687         4.632797627                
    -16141.65444        -18571.97419         9589.566750                
Si              81                                                      
     4.479719546         3.414855280        0.3940732522                
    -5.381906762         2.335302605        -1.257203461                
     8030.218727         4633.519358         8479.101172                
Si              82                                                      
    -5.735043971         6.564545395         6.323505285                
   -0.1290330079         3.197379060        0.9720289105                
     14392.84201        -13575.64262         16384.89040                
Si              83                                                      
    -5.625113503         3.433760784         6.363715019                
     5.188964811        -6.975141941        -7.886299769                
     6540.457360        -4372.681056         22265.73582                
Si              84                                                      
     4.561963103         6.475805214        0.3039470390                
     2.280340913        0.4554270812       -0.8825391908                
    -16102.69363        -12031.32529         34.60405630                
Si              85                                                      
     7.671267837         3.346909207        0.2273005160                
     1.641985910        -3.254864383        0.2222901980                
    -15268.66542        -11427.66346         1651.258930                
Si              86                                                      
    -2.517629177         6.586081316         6.359665833                
    -7.460431885        0.1552485143         3.256977925                
    -14014.50215        -20183.43684         16338.67576                
Si              87                                                      
    -2.480823783         3.386126819         6.476187656                
     2.450972855         1.845370934         2.491859481                
     1789.810762         22537.88631         532.2332749                
Si              88                                                      
     7.671047758         6.419649564        0.2412269720                
     1.359977939        -2.803993501        0.8798584942                
     1272.676098         7776.601082        -10062.24217                
Si              89                                                      
     1.468533175        -2.526745757         4.309508076                
   -0.7439691079       -0.3137875644        0.3014818526                
    -11869.93596        -10965.46975         5309.623680                
Si              90                                                      
    -8.604116085        -7.603907482         2.360262075                
    -5.506394589        -1.281204120         4.337709659                
    -12300.18683        -11183.46389         6889.357166                
Si              91                                                      
    -8.706491395        -2.637855590         2.420334587                
    -1.417729962       -0.5532264255       -0.6359963579                
     13399.12455        -4498.591569         7883.601411                
Si              92                                                      
     1.561572723        -7.576336949         4.243100404                
    -1.948303225        -1.913348494        0.3553325407                
    -27828.74945         6033.664911         4851.899393                
Si              93                                                      
     3.783427273        -3.548403095         2.457057692                
    -5.302136943       -0.2271989398E-01   -0.3352202143                
     17981.15066         8575.244831        -10128.31757                
Si              94                                                      
    -6.344985498        -6.601335858         4.248714346                
     2.410290730        -1.868065299        0.3629103682                
     28535.70175         1692.674867         26243.53175                
Si              95                                                      
    -6.322345842        -3.474941391         4.323627152                
    -1.592862272         1.902193991        -1.861870553                
     4957.462470         13110.70653         4262.263971                
Si              96                                                      
     3.976631731        -6.678461681         2.482555197                
     4.204193312       -0.1108334116         1.477731663                
    -6672.053669         17752.19901         11931.17064                
O               97                                                      
     2.588996708        -1.043198762        -3.407452528                
    -1.357118120         1.157532839        -3.196246296                
    -2116.045108         7964.421847        -555.8736832                
O               98                                                      
    -7.381674457        -9.088912808        -3.597866610                
     7.677970925        0.8256761018E-02     1.921970727                
    -6720.955014         1505.816345         7893.486223                
O               99                                                      
    -7.599778366        -1.203071204        -3.297783121                
    -1.793819746        -1.004381502         2.712940056                
     5972.104921         7264.399423        -5437.387860                
O              100                                                      
     2.821652573        -9.071882235        -3.454306662                
    -1.709652077        -8.339666605        0.6890603008                
     18954.84735        -7127.895312         20377.33436                
O              101                                                      
     3.777091353        -1.039229822        -1.062467877                
    -2.191959229        -7.595321743        -4.739507428                
     17191.63112        -5909.060372         9487.228730                
O              102                                                      
    -6.025425856        -9.062553946        -5.843796626                
     3.298570142        -1.733538403         3.239609172                
     8818.878713        -7623.229049        -9346.802289                
O              103                                                      
    -6.161761801        -1.200036216        -5.554377488                
    0.1248288950         9.769275694        -4.325949862                
    -3765.890789        -7184.606753        -5098.555390                
O              104                                                      
     4.230477997        -8.956602286        -1.138620788                
    0.9953481735         5.567824401         3.582842118                
    -13329.68105        -5554.980535        -3518.150661                
O              105                                                      
     4.037060153         1.148673715        -6.463070185                
   -0.8199385093        -2.525716338        -7.188074161                
     1080.245044         3237.367369         5300.173562                
O              106                                                      
    -5.949083734         8.813998068       -0.5393538399                
     10.65440443        -1.580666148         1.093302187                
     5188.353319         1225.034700         4887.545751                
O              107                                                      
    -6.174005282         1.292625323       -0.5008458945                
     1.034480662         4.316148990        -1.640578333                
    -2182.766471         1266.154642         6485.958879                
O              108                                                      
     4.196633247         8.868005308        -6.499349877                
    -1.459472947         3.975646407        0.9240680809                
    -4587.398426        -427.5800115         2117.618044                
O              109                                                      
     8.129621643        -1.081298582        -1.077477513                
    -3.137737294         4.821796859         1.250169436                
    -4145.766183         7388.864277        -8069.629294                
O              110                                                      
    -1.814785090        -9.119173653        -5.735070207                
    -1.355358467         5.774995440        -3.609831674                
    -354.1410735         4028.947978        -12058.46281                
O              111                                                      
    -1.968951433        -1.051713754        -5.669447942                
    -4.104915886         2.749012918         2.866439440                
    -7184.232640        -5894.224716        -14559.34659                
O              112                                                      
     8.382279819        -9.000285657        -1.093624421                
     6.156495354         6.925090652         2.776911767                
    -7623.238945         10710.51794         6859.638602                
O              113                                                      
     7.634238904        -1.019668604        -3.613739865                
     5.018010772         2.944285328        -1.401988893                
    -11235.39720        -1539.178847         1140.680604                
O              114                                                      
    -2.291483144        -9.085242521        -3.200911815                
     1.858856136        -8.123431663        0.3382015374                
     1715.020130         3156.091070        -2173.712139                
O              115                                                      
    -2.486726098       -0.9849002970        -3.182910700                
     3.294409889         3.746785978        -7.477822501                
    -19794.46919        -7172.809079         12512.09660                
O              116                                                      
     7.868447222        -9.070009591        -3.680317951                
    0.2515948120         2.278827964        -4.572625258                
     10344.35326         1445.220901         2008.345175                
O              117                                                      
     5.062496536       -0.9399889984        -3.401664057                
    0.5050547678        -1.175367604        0.2826002731                
     20233.93108        -1233.536291         920.5106434                
O              118                                                      
    -4.825872378        -9.084579585        -3.489736097                
   -0.8087120923         2.634901032       -0.2659865130                
     6469.811353         11097.54844         12845.86784                
O              119                                                      
    -5.091212986        -1.074545225        -3.204382924                
    0.3606567769         1.354128687        -5.717783208                
    -2228.615722         3346.027552        -3287.142885                
O              120                                                      
     5.407945206        -9.098510365        -3.491291140                
    -1.998782603        -1.163889082         8.190345611                
    -4530.976034         136.5027123        -3868.764273                
O              121                                                      
     2.605771087         3.236334497        -3.307196770                
    0.7589615020        -6.195316902        -4.771554879                
     5017.626387        -3589.464935        -3183.406685                
O              122                                                      
    -7.462108592         6.961716984        -3.460261250                
    -3.965901606         2.316298722        -4.471649217                
    -30.95313686         7436.571066        -13505.60856                
O              123                                                      
    -7.560022315         3.075657864        -3.503624279                
     3.100905188         3.083280098        -2.577214499                
     4398.368204        -9577.118680        -1371.898500                
O              124                                                      
     2.625968256         7.080665522        -3.318901687                
   -0.1070492560        0.5863431566       -0.3006325849                
     452.2876478         1301.118523        -8466.166320                
O              125                                                      
     3.962623512         2.980642741        -1.012095121                
    0.9722835892       -0.4466869812         1.726270646                
    -3415.927809         3764.416770        -2672.944391                
O              126                                                      
    -6.295739725         7.059725252        -5.876768705                
    0.3376895401         5.201260593         3.634314129                
    -888.3111571         8001.565348         11665.46708                
O              127                                                      
    -6.043401920         2.980924297        -5.767791344                
    -2.552869833         4.630469372        -1.615718166                
    -12066.90508        -1967.614140         12785.35273                
O              128                                                      
     4.014793094         6.880377897        -1.127697475                
    -2.592823910        -2.419903877        -1.218635232                
     560.6799985         4786.519608         11323.98742                
O              129                                                      
     4.157922862        -3.445565786        -6.286716105                
    0.3963279032        -2.504845162        -1.914072707                
    -8555.315071        -1468.030158        -14306.24152                
O              130                                                      
    -5.837864676        -6.867515627       -0.5525237869                
     5.461019024        -4.506215818         1.659988573                
     8187.636900        -5789.165019        -5856.534144                
O              131                                                      
    -5.923135453        -3.589611301       -0.3697157769                
     4.233717192        -3.423770291        -6.701924089                
     5385.447561         10423.59537        -8257.548579                
O              132                                                      
     4.200833412        -6.677179205        -6.472773049                
   -0.5936632290        -5.246515290        -1.974223691                
     7832.359844        -8196.788313        -1224.212423                
O              133                                                      
     8.229781948         2.759047121        -1.168253850                
     2.393219639         5.486274012         3.046636684                
     272.4926237         17487.61880         19864.54782                
O              134                                                      
    -1.909244422         7.042972989        -5.829417082                
     2.031595153         1.897792840       -0.5703461103                
     2707.899000         7901.191294        -5238.685163                
O              135                                                      
    -1.829491985         3.081774122        -5.719027134                
     7.218295034        -7.832767310        -3.303824473                
     1131.465569        -10190.80013         15180.08986                
O              136                                                      
     8.289141322         6.995300240        -1.108046985                
   -0.9799714067         2.765300872         6.331115731                
    -5511.154519        -6695.345641        -11546.06918                
O              137                                                      
     7.467384512         3.119829005        -3.539931337                
     8.584456020        0.5600620750         3.188608290                
     13012.46894        -8281.067608        -3406.834975                
O              138                                                      
    -2.384553607         6.945724589        -3.414044979                
    0.4304408736        -1.874024815        -10.00270921                
    -638.9231511        -3928.693106         8968.787290                
O              139                                                      
    -2.434345362         3.067066017        -3.198517828                
    -5.298978724         2.651957516         1.736255654                
     12605.46452        -3255.195979        -2709.281210                
O              140                                                      
     7.662608790         7.044728269        -3.632058700                
    -4.269919610        0.5426432733        0.6556043296                
    -5298.103807        -4834.018777        -41.23979450                
O              141                                                      
     5.040515178         3.258403913        -3.413936983                
     1.014843007         2.458359402        -2.563604924                
    -5097.565339        -786.7205580        -1517.276867                
O              142                                                      
    -4.890970819         6.912968106        -3.749163139                
    0.5491990603         5.137256840         6.914619967                
    -485.8447355         1758.267521         17173.51066                
O              143                                                      
    -4.976330581         2.850537467        -3.436742812                
   -0.3171447465         1.175442820        -3.408357051                
     952.2754620         2445.536304         12967.32935                
O              144                                                      
     5.127829293         7.039999756        -3.483386025                
     3.064920444         5.972480958        -5.168368564                
     9379.987663        -20321.86632        -12265.11272                
O              145                                                      
     3.857226552         1.048994700        -2.520987533                
    -4.157255987        -1.529002343         4.419543761                
     2936.849572         10235.52699        -6046.747995                
O              146                                                      
    -6.140335269         9.076066414        -4.190667579                
     2.057753851        -5.028480122         1.610389012                
    -1769.288670         82.56933002        -12922.61590                
O              147                                                      
    -6.394031108        0.8783618515        -4.319338804                
     5.684668484       -0.7438868306        -6.714034189                
    -490.5008796         3069.857682         15156.04161                
O              148                                                      
     4.142825877         9.044789316        -2.538464353                
     1.007457487        -1.293664807        -1.146244523                
    -14534.39052         17319.69774         4799.926136                
O              149                                                      
     8.749552213        0.9380922936        -2.705527578                
     4.546546696         1.546956394         3.815569836                
    -9209.994003        -5979.094218        -691.5277551                
O              150                                                      
    -1.221268135         9.079274750        -4.220144971                
   -0.6082176658         1.892202587        0.8910321505                
    -6897.143532         876.0371827        -5852.049098                
O              151                                                      
    -1.335574463         1.024371354        -4.192106546                
     4.071340052        -3.301202766       -0.6364078913                
     2163.251432         3906.651984        -3313.494544                
O              152                                                      
     8.748199350         9.134213187        -2.487899855                
    -1.527014313         2.668349149        -6.218230611                
    -996.1803476         606.6843998        -9835.008691                
O              153                                                      
     1.930788560        -2.551723748        -5.380812369                
     1.843159027         1.465726288        -2.153107801                
    -3970.936325         9544.681464        -2092.847471                
O              154                                                      
    -8.012542529        -7.762937245        -1.583686796                
     1.394598933         1.224510586        -2.866484033                
     3111.232762         12938.27711         13552.03550                
O              155                                                      
    -8.179758608        -2.613394183        -1.332559943                
    -4.280453769         10.03124717        -8.935653549                
    -4533.419507         169.1969802         5937.979172                
O              156                                                      
     2.046206251        -7.594163966        -5.375079964                
    -11.12931069        -2.887713375        -4.748266722                
     11264.01265         11111.21606        -12510.27433                
O              157                                                      
     1.850159592        0.9413498055E-01    -5.520588645                
    -7.700023146        -4.018476522        -3.767020219                
     9260.444502        -4113.973782        -231.6944873                
O              158                                                      
    -8.178417417         9.891973160        -1.441943082                
     1.849625756        -4.213842659        0.1731862893                
     12375.59793         16713.25447        -188.6792877                
O              159                                                      
    -8.285699568       -0.1324758379E-01    -1.224047844                
    -3.355736584        -4.023815203        -1.082711934                
     4845.055561         83.77577692         131.3512437                
O              160                                                      
     2.101295665         10.04787110        -5.566882928                
     2.994881143         1.302824365         3.005682407                
     11151.74839         5122.020299        -5107.068884                
O              161                                                      
     2.097077499         2.629695837        -5.647677228                
   -0.9427133067         2.265802233        0.6125513937                
     4538.754843         5830.812509         7834.560765                
O              162                                                      
    -8.104255432         7.545991593        -1.294854880                
     9.887821868        -6.531337442        0.8657628543                
     4587.479241        -5902.426085         23430.02010                
O              163                                                      
    -8.356824121         2.537300979        -1.267122803                
    -1.155134977        -1.311769035       -0.7414930673                
    -2517.872112        -823.0323093         3668.839212                
O              164                                                      
     2.060449244         7.643989436        -5.774667213                
     5.623328918         7.906550919       -0.2895793209                
     10292.23702        -13818.75403         14203.70126                
O              165                                                      
     6.184236667        -2.528536830        -5.249272087                
    0.5094412345         2.228904341        -4.547386216                
     4444.104370         14401.66786         2399.516334                
O              166                                                      
    -3.607819287        -7.614639473        -1.525753069                
    -2.929651942         10.84925569        -6.223623609                
    -15974.74457        -24384.49419        -10711.13640                
O              167                                                      
    -3.839923512        -2.528659273        -1.464307632                
    -1.036764806        0.7425757603       -0.7490025420                
    -7964.106706        -6491.305043         12051.18533                
O              168                                                      
     6.384158485        -7.579372769        -5.371659011                
    -2.525578379         5.763286407        -3.078086616                
     5450.683255        -25542.75909         7184.851400                
O              169                                                      
     6.111735845        0.2899038746E-01    -5.502303194                
     1.889731619        0.8648102531        -2.195992820                
     225.0035532        -2920.429919         13429.53991                
O              170                                                      
    -3.878712252         9.976493464        -1.467203527                
    -3.851720797         5.729084461        -9.705573559                
    -2754.437487         9888.239808         7088.260766                
O              171                                                      
    -4.030800104        0.4933318687E-01    -1.256360345                
   -0.4034031946         1.924877504       -0.7630515408                
    -2091.515499        -3791.822165         1488.144934                
O              172                                                      
     6.246673851         10.03653805        -5.563290231                
    -6.870063618        -1.791337651         1.899459478                
     13309.26036         18767.60825         1080.920626                
O              173                                                      
     5.961407352         2.588666134        -5.625094484                
    -5.657139288         1.891444850         1.680705249                
     2983.525597        -4459.753428         4849.546195                
O              174                                                      
    -3.979715045         7.460362290        -1.430117895                
    0.2629163022        -4.040466633       -0.1660070853                
     1332.541924         7946.656682         4829.326105                
O              175                                                      
    -4.071731561         2.544987045        -1.125619948                
    0.7277321835        -5.133324029        -2.563276223                
     8261.624261         7339.776898        -9833.040155                
O              176                                                      
     6.290280533         7.605155385        -5.673594061                
     1.597920897        -2.751455128       -0.7839612892                
    -9025.507318        -5972.187313        -2169.989945                
O              177                                                      
    -10.09364044        -1.081201195        -2.527533309                
     3.031166551        -6.734296568        -2.641080860                
    -25840.08061        -6208.262796         832.3788665                
O              178                                                      
    0.2944865058        -9.069255408        -4.283935238                
     3.892474392        -4.291969399        -3.662679916                
    -27895.49669         3183.084157         17170.97477                
O              179                                                      
    0.5077915439E-01    -1.054440752        -4.245591928                
    -2.822840555        -6.112527411         2.023334687                
    -7715.135725        -7800.027020         6515.629907                
O              180                                                      
    -9.955804616        -9.061708061        -2.715325273                
    -4.796423361       -0.7997319280        0.6903417769                
    -3141.343656         2354.068307        -1749.261860                
O              181                                                      
     10.09106661         3.053606222        -2.945756931                
     4.248063766        -4.219949773        -6.289075028                
     8458.012776         3445.912274         16869.04258                
O              182                                                      
    0.1632232800         7.082774146        -4.308455944                
    -3.041943117       -0.3865225755         6.896036957                
     990.4133066        -9563.002860         5955.570140                
O              183                                                      
    0.1647804497         3.227829557        -4.229192163                
    -6.192424091        0.9836071803        -2.779714791                
    -9153.870283        -4764.007729         8706.499417                
O              184                                                      
    -10.14123934         7.055075146        -2.694467351                
   -0.8175417942       -0.5489924747        -2.753912911                
     10665.04478        -70.88724675        -10041.42271                
O              185                                                      
     1.732677600         5.170863173        -4.751498363                
    -8.591039693        -3.660043545        -3.313361267                
     6759.283692         2532.045655         4904.502694                
O              186                                                      
    -8.686903393         5.050064319        -2.313942267                
   -0.2714930083        -2.632670866        0.3936343592                
    -1293.497250        -7432.829278         6745.023210                
O              187                                                      
     6.372402650         5.131065571        -4.727085415                
     5.909391393        0.5981791447         9.277038659                
    -10930.19170        -29347.65349         4000.468746                
O              188                                                      
    -3.821227503         4.974620821        -2.388256491                
    0.8212787449        -3.388943340         5.013800246                
     1577.434255        -6506.930239         1890.361582                
O              189                                                      
     6.044970483        -5.090941145        -6.227945691                
    -3.336217238        0.1298016997         3.205305099                
     3313.352747        -12706.87746        -3569.614284                
O              190                                                      
    -3.883983130        -5.116652228       -0.5276247579                
   -0.7809467881         5.003106140        -1.072033621                
    -16141.38208        -15190.32746        -11135.43359                
O              191                                                      
     2.318342019        -5.080733038        -6.367050499                
     4.717639026         6.708545096         10.44597331                
    -208.1892477        -10892.97751        -2882.373767                
O              192                                                      
    -7.655790788        -5.187851336       -0.5196156669                
     7.731238196         3.172489858        -2.781668941                
    -13295.52780        -20647.12525        -8670.933800                
O              193                                                      
     7.538227887         1.010509880         3.435790223                
    -7.907892571        0.1105158722        -1.314852312                
    -11796.88914        -5124.205856         13875.92811                
O              194                                                      
    -2.607634705         8.956745862         3.293418249                
     4.472540719        -4.816113866         1.598826283                
     6622.453716        -2055.220907         1417.084946                
O              195                                                      
    -2.726478921        0.9690504411         3.353418746                
     3.514406770        -3.523396976         4.402767599                
     13071.88640         3019.069104         7814.947861                
O              196                                                      
     7.633894969         8.907159013         3.286551637                
    -9.501593917        -1.560305966         4.587370374                
     5333.646776        -2675.983286        -292.1333314                
O              197                                                      
     6.142868784         1.046156827         5.720533461                
    -1.072743461        -2.769697794        0.1631374846                
    -6337.115512         4295.287271         8230.793720                
O              198                                                      
    -3.883590082         8.913583210        0.9662230667                
   -0.8618995182         1.533245139        -1.884942361                
    -13138.81491         1596.723367        -13165.14817                
O              199                                                      
    -4.228260473         1.083413085         1.175958352                
    -1.357974020         1.857515535         1.046413770                
    -2396.826923         3858.544309        -20155.70291                
O              200                                                      
     6.128914725         8.975586462         5.599001486                
    -6.160965674         2.810044713         5.428276468                
     14382.88313        -7282.491029        -3699.035571                
O              201                                                      
     5.913803197        -1.192455222        0.3593907187                
   -0.6149886144       -0.6420929805       -0.9260808760                
     14113.22653        -8734.201670        -7617.514472                
O              202                                                      
    -3.956178229        -8.940134042         6.366214002                
     2.992296361        -2.263724309        0.4736487523                
     1631.145070        -1238.371472        -7480.103967                
O              203                                                      
    -4.137547128        -1.362299732         6.586547490                
     4.457478023         2.595472991       -0.8505727626                
     5877.739774        -3.522483223        -7584.399373                
O              204                                                      
     6.149243668        -8.947378485        0.3949487718                
     1.996416551         5.343059046        -1.007958829                
    -5795.784485         7443.597690        -107.6317376                
O              205                                                      
     1.899235660         1.196511443         5.747673568                
    -6.545197098         2.555160037        -3.665955789                
     1882.671516        -10758.48242        -6995.558438                
O              206                                                      
    -8.000878426         8.972291752         1.013239777                
     10.55552463        -3.766279499       -0.7662577679                
    -107.0167369        -3970.724099        -10856.92305                
O              207                                                      
    -8.281606845         1.090698070         1.029052911                
   -0.2638226601        0.2181306723         2.045143807                
     4387.061657         1436.620309         771.7359650                
O              208                                                      
     2.041808014         9.068282733         5.589487144                
    -4.643874040        0.7458009625         2.285996487                
     11969.35185        -414.2145551         11224.26208                
O              209                                                      
     2.426593758         1.079303578         3.219527647                
   -0.8241508771         3.118508939        -4.263878298                
     5899.738974        -5517.331843         1341.181894                
O              210                                                      
    -7.694636486         8.963436471         3.535410590                
     5.321711311        -3.656118299         9.106202525                
     11183.34996        -4961.982530         6016.745924                
O              211                                                      
    -7.746954921        0.8436692774         3.565764600                
     6.120023007         2.557893351         2.673306418                
     20174.38855         12629.06643         16803.03244                
O              212                                                      
     2.562012762         8.931276090         3.054454618                
     2.547650833         6.040951275        0.3567602913                
    -17062.65724         802.0225816         7190.330504                
O              213                                                      
     5.002230653        0.9318348129         3.351984059                
     2.788615963        0.7775737556        -8.941514658                
    -4536.976072        -254.1530997         7988.335587                
O              214                                                      
    -5.152317867         8.947145818         3.324965351                
     2.367354563        0.6238077928        -3.938187593                
     3932.779655         330.0708182        -13538.88286                
O              215                                                      
    -5.228479071        0.9983997434         3.555670014                
     1.183818488        0.7122374178         3.459173169                
     6308.027181        -8090.857353        -12240.62481                
O              216                                                      
     5.020023616         9.069963172         3.253628098                
    0.2686693984        -2.311323968         3.680169999                
     15953.65250        -4659.548531         207.1532397                
O              217                                                      
     7.612347927        -3.114770215         3.520996388                
    -1.744292603        -2.963613753        -2.070008316                
    -11785.23416         6845.682041         604.0490917                
O              218                                                      
    -2.452873087        -7.081402032         3.181034988                
    -2.684935579        -2.796306837         2.878637580                
    -8856.069080        -1265.714232         3372.742975                
O              219                                                      
    -2.564242169        -2.963300397         3.464193275                
     4.076891247         10.06746733         2.933563193                
     16980.73161        -4356.920053        -139.9323015                
O              220                                                      
     7.710122607        -7.105777783         3.510656776                
     7.320467011         1.071325089        0.9328904539                
     15078.39629         14947.16533        -18935.58676                
O              221                                                      
     6.189195392        -3.159828342         5.739363794                
     3.611550751        -1.385824549         1.586575569                
    -8183.528358        -1731.007200         9207.009244                
O              222                                                      
    -3.945905355        -7.078958137         1.039368539                
     2.820695164         7.581084987        -2.736134848                
    -2070.309186        -13326.33920         1855.494077                
O              223                                                      
    -3.963015856        -3.163579122         1.094668000                
    -3.834512825        -2.120107992         2.418599606                
     12140.62081         10181.42153         11056.77631                
O              224                                                      
     6.266723433        -7.157160143         5.693105444                
    0.6667484472        0.6550375254       -0.6651987836                
    -2947.866359         6976.307659         13744.56070                
O              225                                                      
     6.063097338         3.312789767        0.1883554981                
     1.872961223         1.413032992         3.377809119                
     7753.509909        -6988.190564         7591.469000                
O              226                                                      
    -4.135427520         6.767475584         6.366562897                
    0.5959530210         1.554487489         3.697372486                
     8009.426845        -510.5779744        -7505.425532                
O              227                                                      
    -4.054419189         3.183638061         6.400594908                
   -0.3369949489        0.4877884137        -1.541334145                
     3021.968630         6534.072504        -6176.523586                
O              228                                                      
     6.094761398         6.479829704        0.1356032282                
    -10.22638874         2.024638324        -3.752575803                
     13559.50064         5023.318901         3503.410789                
O              229                                                      
     2.017422148        -3.006286554         5.714129000                
    -1.274677993        -2.796500979        -2.240282560                
     16833.04279        -3112.367193         10617.97453                
O              230                                                      
    -7.968658646        -7.257207782        0.9527713011                
     5.405124319        -6.286628025         5.968940064                
    -4089.491209         3554.191232        -8758.972838                
O              231                                                      
    -8.076556136        -3.256070178         1.094673957                
     3.993503499       -0.9934474428       -0.6584756653                
    -9797.699793         10450.84989        -2111.160671                
O              232                                                      
     2.070244860        -7.197134051         5.703470486                
     3.388736429         1.312737783         1.920784609                
    -17.74709070         3556.856554        -3000.933248                
O              233                                                      
     2.526628047        -3.058417056         3.216634295                
    -2.713617916        -10.86095284        -1.183090225                
    -15851.02311         6649.946895         15555.04635                
O              234                                                      
    -7.579568683        -6.978977170         3.417049494                
    -8.119847411        -4.243020580         1.281406995                
    -15404.41731        -10149.02325        -9630.713996                
O              235                                                      
    -7.622672217        -3.068057914         3.506448566                
    -1.252392314         9.612005177        -2.898836093                
    -1956.436318         3660.282749        -758.8282389                
O              236                                                      
     2.607825274        -7.009171144         3.266931367                
    0.3490365431       -0.6064438233        -4.647470753                
     19562.79006         1132.867226        -13456.61197                
O              237                                                      
     5.065217432        -3.155424655         3.381471317                
    -3.198040671         8.745238455         2.815822122                
    -9684.136988         1.046134084        -6257.905872                
O              238                                                      
    -5.027702187        -7.098889826         3.418870022                
     3.633288475       -0.3015902970         3.546432777                
    -11145.33030         7290.175019         233.7718558                
O              239                                                      
    -4.996886755        -3.161456624         3.446239974                
     1.051701549        -5.139783582        -2.272237742                
    -16936.53585         1312.562971         7641.285197                
O              240                                                      
     5.196198527        -7.131723887         3.380097871                
    -3.269192313        -6.452211295         1.467097153                
     4455.959533         1775.975270         3762.415747                
O              241                                                      
     6.208090610        -1.083819231         4.319919177                
    -2.178447265         2.425059225        0.1160264824                
     2569.647633         20250.18101        -2922.054025                
O              242                                                      
    -3.862474593        -9.196465966         2.484493632                
     6.151235321         6.889109786        -1.826920569                
    -4528.346876         7566.514420        -1735.463907                
O              243                                                      
    -3.921325748        -1.045332918         2.508255640                
   -0.5861725609         3.245439040         1.070115078                
    -4229.992326         18638.04937         3455.559905                
O              244                                                      
     6.485699005        -9.247664345         4.235828258                
    -1.707667827       -0.8935185822         1.791504598                
     1609.224516         21207.71082        -7442.737915                
O              245                                                      
     1.312772388       -0.9441113560         4.315984015                
     3.769810900        -8.031062549         8.256562939                
     17360.31315        -7248.266322        -3935.757558                
O              246                                                      
    -8.643991670        -9.206704655         2.476542390                
    -4.265768784         3.089426685       -0.4557670861                
     1589.653883         7554.660836        -3389.570520                
O              247                                                      
    -8.801046197        -1.055574034         2.360445302                
    -2.828998498        -2.983911171        -5.281329214                
     4865.469034        -10512.24471        -1492.087809                
O              248                                                      
     1.539211957        -9.164424964         4.096032963                
     4.871860245       -0.4423582613         2.650513303                
    -2969.114132         15893.64239        -483.9775153                
O              249                                                      
     8.192986146         2.454783646         1.434738297                
     2.682037943        -5.432610595        -6.896174145                
     154.3799784         8305.178264        -18162.65066                
O              250                                                      
    -1.898562381         7.490060524         5.247960658                
    -2.342356761        -8.359713844         1.343797491                
     3386.185762         7531.372117        -4269.621566                
O              251                                                      
    -1.938878552         2.393172773         5.390452690                
    -1.599489438        0.9182115199         2.430348129                
     2721.658669        -5941.726165        -6705.136976                
O              252                                                      
     8.123166267         7.439144893         1.323365016                
    -1.564292263         1.002596093         4.982430277                
     17489.97933         9586.767950         8508.971669                
O              253                                                      
     8.118743309       -0.7030694031E-01     1.304097444                
    -3.193927775        -3.659157638        -2.524031091                
    -826.5045661         4775.510599        -1951.248070                
O              254                                                      
    -1.821014636         10.03736582         5.395452888                
    -4.251956850       -0.2700828822        -4.245106500                
    -4443.995807        -1343.391032         6585.322875                
O              255                                                      
    -2.090819549       -0.1435153709         5.519530742                
     2.614266218         1.409455021         2.796507502                
    -1454.965393         1612.767837        -8180.647728                
O              256                                                      
     8.216723066         10.03224901         1.145315059                
     1.600120247        -3.600953922         3.070844626                
     12395.92737        -9803.722751         10804.81573                
O              257                                                      
     8.030976399        -2.570324788         1.157055616                
     5.664626518         4.367721573         2.910886062                
     1635.670208         1487.653889         3924.930907                
O              258                                                      
    -1.928710904        -7.662891252         5.473440182                
     2.294780906        -2.962332804         1.968689803                
     6893.550219         8312.265322         3602.991635                
O              259                                                      
    -1.954124637        -2.612815379         5.763211382                
    -3.565683257         2.618968752         3.933485752                
    -5379.554895        -1645.084003         3962.777725                
O              260                                                      
     8.208778010        -7.557533531         1.127339033                
   -0.3817596245        -5.560960123        -1.425163449                
    -2345.714298         8057.029197         5288.179291                
O              261                                                      
     4.040191309         2.431849218         1.557955943                
   -0.6221300369        0.1639875063        -10.85678900                
    -2877.386729         5205.452091        -13847.57248                
O              262                                                      
    -6.258318406         7.482297867         5.207485739                
    -1.881343063        -1.448182133        0.8098528887                
    -3527.589528         21147.84310        -18789.11783                
O              263                                                      
    -6.277087342         2.478752300         5.323663328                
    -4.345210933        -1.405111323       -0.3632645079                
    -7714.182707        -6003.057849        -14903.11660                
O              264                                                      
     4.142147467         7.448679096         1.463203687                
    -3.324901190         1.402558371        0.5952370738                
    -5281.170856        -1599.261826        -11163.25989                
O              265                                                      
     3.879678425       -0.1343945629         1.373396752                
    -2.502931810        -1.826816136         5.554053129                
    -2423.862793         9627.360981         1893.826501                
O              266                                                      
    -6.017079267         10.05635214         5.294951221                
    -5.287849429         1.291887666         2.181540314                
    -1114.550373         4006.685315         4899.975584                
O              267                                                      
    -6.227660219       -0.2897923752E-01     5.649718579                
   -0.7057000016         3.730831055         3.961457147                
     3160.547172        -6.429893348        -7522.755415                
O              268                                                      
     3.997045557         9.970010672         1.140672973                
     1.848183003         3.587476494         5.590141002                
    -6085.091910        -3211.237134         8697.030448                
O              269                                                      
     3.905178414        -2.639842577         1.142482965                
     7.947854737        -1.474868165         8.579463641                
     7131.694766        -1933.617285         4263.801041                
O              270                                                      
    -6.067371144        -7.565025088         5.530618020                
    -3.260635713        -1.590241321         9.022939824                
    -2936.473548        -1082.628253        -14183.75119                
O              271                                                      
    -6.166182513        -2.510299506         5.596830321                
    -1.180287211         8.034849250         1.520288247                
     1084.392870        -5195.459124        -782.2817572                
O              272                                                      
     4.171183042        -7.615712090         1.266870282                
     2.735338948        0.2095207452        -1.795752259                
    -11048.28477        -5453.616287        -9128.254801                
O              273                                                      
   -0.1296137007        0.9752259685         4.212325929                
    -2.026422209         4.508174449        -3.048533780                
    -17350.41533         6323.609541        -2339.403488                
O              274                                                      
    -10.14354341         8.881767883         2.384925202                
     1.941982849        -3.092112759        -4.084550178                
    -9851.043305        -2790.944297        -5038.877656                
O              275                                                      
     10.09452229         1.004514692         2.563795247                
    -5.056383435        -1.165499593         4.957675397                
    -23524.87085         7824.057349         1336.392145                
O              276                                                      
    0.6294999134E-01     8.923900254         4.061034132                
     5.188019899         1.967309902        -11.44331999                
    -22053.78888        -98.72472228         981.1378132                
O              277                                                      
    0.1679967042E-01    -3.185626649         4.296060868                
   -0.1748711869        -1.492169647        -1.195278991                
    -5298.794963         9887.973329        -8968.417926                
O              278                                                      
    -10.13158495        -7.125764026         2.503737812                
     2.606378949         1.764067707        0.9963599867                
     11590.35746         10535.09599        -3828.422107                
O              279                                                      
     10.12293435        -3.102629380         2.579194232                
    -1.723368138        -2.573982449        -1.541722874                
    -1113.821740         3000.377593        -3763.986682                
O              280                                                      
    0.5490837253E-01    -6.909216097         4.076070669                
    -1.469595177       -0.9993754475       -0.7796431404E-01            
     26693.05170        -19496.00355         7161.896443                
O              281                                                      
     8.651286805        -5.048591799         2.214723333                
     5.316899101         3.155302790       -0.2201304575                
    -8205.776267         9858.670557        -3386.456769                
O              282                                                      
    -1.654166736        -5.059870719         4.583903674                
     2.574077467        0.9544188694        -1.517561132                
     1842.820321        -8521.772201         1702.884036                
O              283                                                      
     3.927613294        -5.087511035         2.294026671                
   -0.3063667275         3.414261406       -0.2485579235                
    -2632.974702        -17376.02051        -2304.834461                
O              284                                                      
    -6.379806812        -5.025216170         4.516095861                
    -5.981946462        -3.671480511        -8.826433715                
     3606.035692        -15547.19030        -2262.068237                
O              285                                                      
     4.237038484         4.961910493        0.5411605332                
     8.854639398         4.839457445        0.7509420978                
    -2940.221246        -6465.401926         4876.141132                
O              286                                                      
    -5.833886873         4.979067789         6.261427542                
     2.565889733         4.978539057        0.8005682274                
    -7033.408730         8260.293078        -13428.56456                
O              287                                                      
     7.910913301         4.868868835        0.4469588323                
   -0.6813069585        0.8791439289         1.159492872                
     11527.84186         7685.577288        -10283.94612                
O              288                                                      
    -2.308746232         4.999782125         6.294344103                
   -0.5928043628       -0.6007011631E-01    -1.759654729                
    -4375.974994        -6120.411875        -8058.923066                
C              289                                                      
    0.6841065508         3.546738202         1.215258030                
    -5.748943474        -2.712753339        -2.730281297                
    -11.49203946         9.016788338        -97.11104215                
C              290                                                      
   -0.9303808619E-01     4.085661336         2.247499197                
    -2.266051194        0.2306373128        -1.644827843                
    -3.127675277        0.3414931683        -61.70042918                
C              291                                                      
   -0.5203312409         5.417152622         2.180034302                
   -0.4013204143        0.7701869400        -2.806633109                
    -10.93572966         13.24696099        -39.94312289                
C              292                                                      
   -0.1704797594         6.209720775         1.080328241                
    -2.019481911        -1.633654082        -5.053891829                
     24.73819126         17.55175081        -33.83952316                
C              293                                                      
    0.6066648783         5.670797640        0.4808707302E-01            
    -5.502374194        -4.577044736        -6.139345283                
    -15.09850882         24.06605685         6.399699561                
C              294                                                      
     1.033958033         4.339306354        0.1155519675                
    -7.367104974        -5.116594364        -4.977540017                
    -256.6808614        -56.21769613         38.57944202                
H              295                                                      
     1.013732699         2.519587780         1.267302377                
    -7.187450078        -3.128977339        -1.834031520                
    -243.0950021         90.74257995         23.75126845                
H              296                                                      
   -0.3629328106         3.474249526         3.095861458                
    -1.017713107         2.085073064        0.8879923002E-01            
     100.9632403         329.7483828        -64.20910469                
H              297                                                      
    -1.119852115         5.832891235         2.976352218                
     2.285524281         3.040846695        -1.969255811                
     42.52307962        -162.1594973         35.65838865                
H              298                                                      
   -0.5001059076         7.236871197         1.028283894                
   -0.5809753080        -1.217430083        -5.950141606                
    -47.33991261         18.41304915         50.62507557                
H              299                                                      
    0.8765596023         6.282209451       -0.8002751877                
    -6.750712279        -6.431480486        -7.872972357                
     45.73769905        -37.20896729        -101.9065394                
H              300                                                      
     1.633478906         3.923567743       -0.6807659474                
    -10.05394967        -7.387254117        -5.814917316                
    -828.2445022         383.3293296        -47.24892514                
