Diffusion in Zeolites. ZSM5 (Silicate) Crystal Structure, Si(96)O(192) +
         2         2       300     13334   1.0000000E-03   1.3334000E+01
       20.3183600000        0.0000000000        0.0000000000            
        0.0000000000       20.1714600000        0.0000000000            
        0.0000000000        0.0000000000       13.5858629500            
Si               1                                                      
     1.560316084        -1.376917298        -4.646605435                
     2.491120315        -1.756738183        -4.157432456                
    -19099.63890         38439.34050         10078.44764                
Si               2                                                      
    -8.556691100        -8.751719446        -2.305663222                
    -6.423617363        -2.870903964        0.7222819003                
    -2666.683835        -49492.77538        -6601.845147                
Si               3                                                      
    -8.711697398        -1.225912180        -2.511771991                
    -7.464715920         3.393891367         3.434712562                
    -14229.03685        -6875.265989         507.5964077                
Si               4                                                      
     1.659673329        -8.873186994        -4.425571809                
   -0.1511395359        0.7312677698        -1.345961519                
     6356.150573         10349.73098         10927.27417                
Si               5                                                      
     3.784322163       -0.7108305556        -2.566489861                
    0.9277242806         8.331670589        0.1732235524                
    -5148.360658         17164.47556         10162.95317                
Si               6                                                      
    -6.390419417        -9.625333013        -4.309735576                
    0.5319168847         2.061699566         1.056119081                
     16886.90407         36042.90435        -2620.957130                
Si               7                                                      
    -6.517776074       -0.7954043384        -4.537230430                
     4.314407840        -5.470191859         4.299129846                
     16213.98878        -15398.70364         22932.73333                
Si               8                                                      
     3.889509481        -9.653775634        -2.305295236                
     2.151067493         1.509093474        -4.736566731                
    -19771.78819         22355.18363        -22032.31784                
Si               9                                                      
     5.557307546         1.265773946        -6.389891754                
    0.2251587549E-01    -3.869573787         6.315794114                
    -1796.573518         7875.055194         12162.57576                
Si              10                                                      
    -4.551561310         8.828829880       -0.6396792970                
    -3.310162872        -1.526714858         3.936700163                
    -7313.263218        -19326.04591        -21431.44162                
Si              11                                                      
    -4.523504659         1.110072344       -0.7056567796                
   -0.9741105784         4.235048092        0.7265765660                
    -13023.76105        -22233.40221        -21251.92718                
Si              12                                                      
     5.685113052         8.689745165        -6.203847544                
    0.3807228047        0.4731010713         3.710992790                
    -19736.60974         4099.030676         1296.194046                
Si              13                                                      
     2.428172738         1.118482644        -6.473102439                
    -2.908286571         1.807962287         6.466335006                
    -28342.34723        -3271.563253         16638.81272                
Si              14                                                      
    -7.692969403         8.870161537       -0.4737640497                
    -3.317097706        -6.499006519         8.605394617                
     15640.14257         7396.101358        -21101.66199                
Si              15                                                      
    -7.740409792         1.121626718       -0.5760333025                
    -5.137298132        -6.694631946         2.490991626                
     26462.33508        -19913.92184        -21906.42305                
Si              16                                                      
     2.431785246         8.828127973        -6.202750168                
     1.185010800        -5.578918524         6.061972804                
     26482.03013        -11599.88316        -14835.91079                
Si              17                                                      
     8.692050395       -0.4174996407        -2.620443578                
   -0.3824604242        -6.585334469         4.451804264                
    -10583.96863         19781.45747         15837.20864                
Si              18                                                      
    -1.338673059        -9.371827484        -4.420702629                
     3.018530413        0.3207213744E-02    -8.115605161                
    -14543.49639        -14994.34047         3440.021588                
Si              19                                                      
    -1.467353137       -0.7678313620        -4.480682123                
    -2.810036948         8.578932923         1.821837901                
     9633.972917         10562.31990        -12221.47278                
Si              20                                                      
     8.765945066        -9.558586381        -2.148769167                
     3.008810540        -4.854519472       -0.9226178830                
    -870.1283602         38709.18956        -24931.84412                
Si              21                                                      
     6.299966022        -1.062560351        -4.412625424                
    0.9863714011         3.195838018         3.605483141                
    -32674.16668        -14123.56017        -23616.05729                
Si              22                                                      
    -3.885855561        -8.942803246        -2.535379665                
   -0.5348753375         2.841310432        -4.965169066                
     15190.90664         7239.490201        -13876.32292                
Si              23                                                      
    -3.986547308        -1.417210928        -2.681893821                
    0.6323027252       -0.2098794222         3.973035526                
    -22137.35298         9340.467517         30294.37459                
Si              24                                                      
     6.354441067        -9.034645486        -4.230941220                
     4.165781076         2.762012555       -0.8893225786                
     4729.540155         555.9367634         4691.387190                
Si              25                                                      
     1.604507209         3.377613114        -4.398257767                
    -5.999350780        -1.325899320        0.5100709817                
    -7751.290974        -21954.45941        -19130.76433                
Si              26                                                      
    -8.554128075         6.390425480        -2.230493811                
    -6.623308101        -4.277248259        -5.819297328                
     28749.44175         43615.58099         9932.210103                
Si              27                                                      
    -8.391147491         3.379541944        -2.494818882                
     4.798452388        0.1936378223         2.469810518                
     5032.559898        -7415.758859        -14205.61065                
Si              28                                                      
     1.638206193         6.508452311        -4.273134418                
     3.713891802         3.762293279        -5.561896757                
     15245.00237        -3244.223604        -20568.05732                
Si              29                                                      
     3.883224608         2.453518352        -2.448949769                
     4.774030084         3.266141464        -10.11568596                
     4517.398835        -12789.46598        -56167.47195                
Si              30                                                      
    -6.335810142         7.455362820        -4.286747029                
     5.051687994         4.410673137        0.7363008580                
    -11375.33979        -25838.10544         35355.25925                
Si              31                                                      
    -6.195225264         2.366683360        -4.531151419                
    -3.992760607         2.311986891        0.4139933772                
    -17059.26971        -5634.991334         5356.876333                
Si              32                                                      
     3.933118727         7.422889596        -2.363751763                
     3.015548388        -3.883009599         1.487909087                
     22016.48734        -16471.10142        -5119.804984                
Si              33                                                      
     5.866640449        -3.473288701        -6.442929907                
    -2.503885739       -0.4594686317         1.958849083                
     12565.90977        -3540.544824         23487.07745                
Si              34                                                      
    -4.465513570        -6.692805554       -0.5094098109                
    0.8823922352        0.5245383118         10.12979126                
    -33224.09661         23310.92768         9008.092828                
Si              35                                                      
    -4.649167002        -3.677047922       -0.5125205470                
     2.055887147         7.793797703        -1.445126286                
    -3521.227403         25585.78458        -32392.49601                
Si              36                                                      
     5.707837905        -6.561357093        -6.144198407                
    -5.473864257        -4.920983837         6.136471299                
     19519.08975        -17815.58606         9272.531195                
Si              37                                                      
     2.676334906        -3.551642293        -6.414035013                
     1.805688025         5.154329031         5.934010331                
     6301.148096        -8070.516297        -18457.14874                
Si              38                                                      
    -7.707045702        -6.540431920       -0.4203850525                
    -1.569286542        -1.293241337         8.280766464                
     43607.95878        -13112.38707         4859.670631                
Si              39                                                      
    -7.816009541        -3.558758226       -0.5955819293                
     3.767241738       -0.8113395824         1.332030354                
     1892.307267         27685.90970        -1148.439588                
Si              40                                                      
     2.582876802        -6.620446322        -6.349330284                
     5.245835031        -4.560117481         6.536079070                
    -7977.711932        -2923.282721        -26415.90373                
Si              41                                                      
     8.903311608         2.741448524        -2.702991290                
     6.646823126         5.777711823        0.8281605593                
    -17008.59072         24425.12746        -6231.326981                
Si              42                                                      
    -1.341054042         7.543434434        -4.135253956                
   -0.1510045517        0.8527670526         7.174788527                
     27418.48235         5589.657185        -5654.909682                
Si              43                                                      
    -1.391669752         2.432052221        -4.426328696                
     3.737716356        0.8677968231        -6.919525534                
     13713.13665        -24260.27919        -11301.24440                
Si              44                                                      
     8.771307438         7.530474397        -2.279992617                
    -6.375436023         6.645028046         7.513205473                
     15795.08375        -22285.43479         1621.289289                
Si              45                                                      
     6.314661114         3.454857748        -4.350388431                
     9.498787030        -1.175528368        -6.870629458                
     1036.174092         21632.16331         19121.03988                
Si              46                                                      
    -3.808090576         6.532742238        -2.569302561                
    -2.987994504        -5.641836657         6.792532779                
    -27798.04201        -7866.021218         10385.23439                
Si              47                                                      
    -3.802465081         3.372128796        -2.680265754                
     1.316933791         8.478990509        -2.055602774                
    -3217.679820        -11760.48852        -14414.82488                
Si              48                                                      
     6.411000289         6.558571343        -4.126425087                
     5.159425649       -0.3405165920         4.304312161                
    -4391.812235        -1634.739888        -12083.60984                
Si              49                                                      
     8.615488493         1.237165163         2.204652128                
     1.497937507       -0.2187133921         5.863946077                
    -3511.766970         8670.562637         7845.314188                
Si              50                                                      
    -1.601294931         8.745541582         4.426935568                
    0.2977364903E-01     3.452450399         10.93690125                
    -36368.34163        -15820.21897        -2661.222781                
Si              51                                                      
    -1.569297041         1.315950930         4.301822823                
     4.185460797       -0.2300858038         4.441496814                
    -23294.24240         19217.16309         2819.934977                
Si              52                                                      
     8.723224756         8.848184694         2.369005891                
   -0.7242233161        -2.303226832        -5.948476421                
    -56677.45704         22191.60894         4649.805679                
Si              53                                                      
     6.422932211        0.6757483155         4.248119228                
    -1.286101039         4.792976999        -1.788951535                
    -24641.35600        -244.6688777         24467.81907                
Si              54                                                      
    -3.664425438         9.383706061         2.289238291                
    -8.565905305        -2.065935976        -2.152172239                
    -14212.42120        -29974.94720         11901.41106                
Si              55                                                      
    -3.856511867        0.6223035814         2.311993604                
     1.391764946       -0.7245830891E-01    -1.211935734                
     11844.25810        -19871.00791         5547.786052                
Si              56                                                      
     6.307424335         9.311809801         4.421164251                
    -1.428955019        -4.871114462         6.373615884                
     12281.68954         6992.347778         7518.687979                
Si              57                                                      
     4.502716571        -1.492114190        0.3762001170                
    -4.402086490        0.4466398339         4.590359840                
    -18255.58395         35797.33107        -38899.30673                
Si              58                                                      
    -5.599436461        -8.968543575         6.265501276                
     2.136900978        0.8320313043        -1.286923947                
     12729.81648         27220.92124         4898.764942                
Si              59                                                      
    -5.699608249        -1.439022436         6.203284857                
   -0.5471036698        -2.266970257       -0.5046525602                
     8222.332252         17711.95014         13853.20439                
Si              60                                                      
     4.496975125        -8.912013611        0.6311462165                
    -5.265409435        -4.026102223         4.083565486                
    -27535.29763         14533.23062         3352.651410                
Si              61                                                      
     7.647146352        -1.218125214        0.3170116852                
    -2.275596986        -3.994332125         6.074209984                
     21379.09319         8191.601845        -9051.788232                
Si              62                                                      
    -2.417932799        -8.951424709         6.159718971                
    -1.616701279        -3.914805652        -2.630386131                
    -8453.794527         31866.23027         11491.83048                
Si              63                                                      
    -2.508647656        -1.183634348         6.082599720                
    -1.328184775       -0.9123335175        -6.897980569                
     2817.979124         34792.98097         1228.844994                
Si              64                                                      
     7.644240319        -8.823760002        0.6299305921                
    -3.294288603       -0.8194877059        0.4917832014                
    -17498.41217         788.5342816         17998.28775                
Si              65                                                      
     1.439552885        0.5619331603         4.134499240                
     1.170656075        -5.392008548         1.341965345                
     12328.26595         18108.69706         3635.052294                
Si              66                                                      
    -8.569955665         9.299926689         2.450987241                
    -2.028915027       -0.2989563350         4.730208142                
    -30172.12351         32528.01275         21334.69702                
Si              67                                                      
    -8.688926069        0.3592950095         2.353460338                
     2.173621133       -0.5520377946        -1.326988416                
     2265.590809         28122.43063         11726.09275                
Si              68                                                      
     1.354474961         9.520691677         4.454214814                
     5.616546608         1.131095988        -7.758979453                
     23039.12654         20537.37095         11202.25263                
Si              69                                                      
     3.960099620         1.041750573         2.260083968                
    -1.945079157       -0.7322305176        -3.266009292                
    -4077.525829         9881.667074        -11531.55953                
Si              70                                                      
    -6.197253474         8.855111087         4.369336736                
   -0.5240815609E-01    -3.895853619         4.256273445                
     24223.39794        -20302.10220        -25671.40746                
Si              71                                                      
    -6.307865070         1.030680444         4.310056102                
     4.287384521         2.544962947        -2.496715159                
     12040.14975         1647.559294         18454.46226                
Si              72                                                      
     3.777023692         8.836978227         2.549871124                
   -0.8172800806         2.467641695       -0.6048955839                
    -17724.78911         15206.24682         4347.830823                
Si              73                                                      
     8.635765608        -3.533982613         2.203495701                
     1.527598453        -1.501952906        -2.992427762                
     23718.82039         3835.321057        -5824.126719                
Si              74                                                      
    -1.396203664        -6.541544650         4.267882911                
   -0.2133381516         2.323091807        0.4950193810                
    -4620.046518        -26748.59353         28702.86125                
Si              75                                                      
    -1.563731960        -3.479495125         4.169903377                
    -6.438085339         1.865653271        -4.750382711                
     42411.81034         7129.759146         3124.911236                
Si              76                                                      
     8.697616079        -6.633946533         2.588713078                
    0.9874440720         5.742131273         6.193626475                
    -20951.68762        -20914.36010         26357.85700                
Si              77                                                      
     6.455903596        -2.502635981         4.264887664                
    -6.570469127        0.5396376625E-01    -8.790787755                
    -2699.109305         4935.481902        -30633.81159                
Si              78                                                      
    -3.614316717        -7.626203788         2.355823969                
    -6.898490060       -0.7801222854         8.156753159                
    -1460.855796         6171.965526         7461.220421                
Si              79                                                      
    -3.904195648        -2.547401882         2.336458115                
     2.455657337         2.360903017        -3.615836440                
     2576.218659        -2311.617093        -5727.718751                
Si              80                                                      
     6.349702540        -7.720856843         4.598042510                
     5.374146773        -10.44193729         3.155389491                
     23556.70400         22056.46336        -25110.10832                
Si              81                                                      
     4.564394521         3.520293001        0.3556981574                
     7.262792595        -2.353755806         6.311480272                
     19817.51677        -2521.642453         21839.31000                
Si              82                                                      
    -5.738666121         6.515783064         6.381283278                
     1.332979111       -0.7455821170        -7.061493452                
     15692.71801         248.8262941        -4583.152062                
Si              83                                                      
    -5.607582521         3.419335956         6.203447473                
    -7.083329052         3.205841577        -2.406548893                
     23777.31848         7630.111534        -13337.74018                
Si              84                                                      
     4.528932885         6.626791567        0.6288044855                
     10.91292577        -6.807955454        -1.721758380                
     20993.14960        -49340.51383        -33294.59076                
Si              85                                                      
     7.781785732         3.456662093        0.1483082301                
    -1.129848733         1.230980407        -3.287866067                
    -2848.674069         31730.08442        -16734.96202                
Si              86                                                      
    -2.603828282         6.648003870         6.611593220                
    -3.690807546         4.723764594        -4.091111797                
     35759.71676         9674.254485        -6198.279039                
Si              87                                                      
    -2.359383754         3.533854011         6.343311011                
     4.996340511         3.664481222        -3.339687342                
    -5834.161781        -15381.38234        -12976.29360                
Si              88                                                      
     7.669158610         6.491624980        0.4924112744                
    -4.928722749         1.745412129        -5.943063353                
     19135.19295         43383.59205        -669.8488518                
Si              89                                                      
     1.572191300        -2.565162303         4.414098139                
    -1.782662089         6.511891406       -0.3206080872                
    -22372.58549        -14987.52092        -23481.69650                
Si              90                                                      
    -8.633640741        -7.620683300         2.409008155                
   -0.6393031594        -3.932255923        -3.160298927                
    -6749.734030        -3995.799725        -8498.046862                
Si              91                                                      
    -8.571209564        -2.785775622         2.426067092                
   -0.6300320694         7.362752796         3.710086487                
    -24029.07380        -9075.463738        -13952.05842                
Si              92                                                      
     1.559738539        -7.473772492         4.342239422                
     6.785057499        0.4773508001        0.9797658658                
     3980.718832         14267.53050         5151.728620                
Si              93                                                      
     3.938815988        -3.562556485         2.472908860                
    -5.453727266        -4.913806865       -0.8604196450                
    -3042.824361         36739.86725         48474.17190                
Si              94                                                      
    -6.100870290        -6.688702207         4.141349433                
    -3.879027924        -4.225298032        -1.391223154                
     9869.828109        -34123.31208        -17743.69101                
Si              95                                                      
    -6.247395876        -3.622727220         4.296042673                
     2.937482687        -5.592729304        -5.916629644                
     919.5535562         13191.63713        -28304.33764                
Si              96                                                      
     4.007900086        -6.622670885         2.698450243                
    -2.590562772        -1.012039964       -0.9610854064                
     29863.64331        -192.4245050        -36518.30076                
O               97                                                      
     2.622881343        -1.083570451        -3.512537431                
     1.956520643         4.416460256        -2.195413879                
    -18697.98310        -16024.61870         3263.854140                
O               98                                                      
    -7.630592949        -9.029378823        -3.555983376                
     3.748834872       -0.7092998396         3.064094062                
    -3543.320370         1509.633263        -3462.303989                
O               99                                                      
    -7.738632357        -1.228388363        -3.714220660                
     2.955463266         5.378488256        -4.543945077                
    -13907.49959        -1193.471867        -599.6573557                
O              100                                                      
     2.636093711        -9.088963313        -3.197890822                
    -8.843476373         1.888841907         2.643953474                
     6192.571611        -2782.223638         5939.439444                
O              101                                                      
     3.877743997        -1.284104403        -1.100902453                
    -5.275540722         4.015775593        -5.074303270                
     9177.816769        -6931.755931         8969.945301                
O              102                                                      
    -6.034782005        -9.028693039        -5.802813744                
    -6.471318765        -6.571278960        -11.33316504                
    -14779.03646        -21298.20408         9615.638287                
O              103                                                      
    -6.366543583        -1.353283555        -5.975756003                
    0.3251492627        -3.359542723        0.2410680204                
     7962.679442         10706.85080        -399.9864094                
O              104                                                      
     3.826092092        -9.208239892       -0.7863274552                
    -9.103828098         7.678911829        -7.695642263                
     23045.63309         1854.482069        -8513.168872                
O              105                                                      
     3.996062384         1.040080735        -6.465079018                
     5.098483621         17.54164930         5.560265468                
    -5406.997781         14604.27085        -5361.306115                
O              106                                                      
    -6.108205790         9.055172840       -0.6049476980                
     11.09927532         2.286464307         6.317646695                
    -3382.694911        -1755.196309         12085.27163                
O              107                                                      
    -6.115588122         1.076600710       -0.7362163585                
     1.375113436        -1.869638771        -7.182937897                
    -18832.80037         11798.41006         25157.07682                
O              108                                                      
     4.056493450         8.731711345        -6.267605360                
     11.08445158         6.761288905        -1.669043036                
     446.9686812         11810.85055        -6102.856172                
O              109                                                      
     8.326323791       -0.8673303689        -1.131669531                
     2.347534761        -1.835556389         3.718249074                
    -17069.07359        -2485.535105         13200.84440                
O              110                                                      
    -1.776565670        -9.198034926        -5.958878698                
     6.280286430        -2.661883386        -4.341140786                
    -952.3648452         797.3502051         117.9242840                
O              111                                                      
    -1.825999045        -1.096112255        -6.063821485                
     2.944547565       -0.7770285622        -2.678141915                
    -16758.39505         2302.592473         16482.33246                
O              112                                                      
     8.190476500        -8.911960574       -0.8204818721                
     4.712269927        -12.79186261        0.4044538072                
     11917.27656        -9887.067037        -3053.012326                
O              113                                                      
     7.531946858       -0.8016348877        -3.564472722                
    -7.773179220         3.731199241         3.139635098                
     10049.53877        -2398.688802         535.0493231                
O              114                                                      
    -2.573637571        -8.931275500        -3.527665329                
     1.921175681        -10.64452529        -11.50880909                
    -6423.150995         504.4991025         18271.65691                
O              115                                                      
    -2.621832404        -1.175726875        -3.474575333                
    -3.406448809         5.600815950         3.632829763                
    -8846.093585        -11793.22136        -8006.925589                
O              116                                                      
     7.669531128        -9.184486924        -3.255752516                
     2.494876959        -1.088328835        -6.258550765                
    -13933.27624        -2287.035120        -18000.48466                
O              117                                                      
     5.075094100       -0.9792830997        -3.365824484                
     4.604115166         3.333309096       -0.5116561606                
     24905.84080        -18916.30443        -15019.53758                
O              118                                                      
    -5.140241999        -9.213013379        -3.389535839                
   -0.9440499009         4.365939644        -4.114268803                
    -13506.15503         745.8003686        -18997.10941                
O              119                                                      
    -5.246256849        -1.329542823        -3.675563284                
     7.125900136        -2.883068779        -5.255966876                
     11841.10722         4421.583615        -8758.524824                
O              120                                                      
     5.145277146        -9.220656036        -3.187768753                
    -1.130463186        -9.251639012        -1.158474312                
     4437.689248         8187.741124         2615.681738                
O              121                                                      
     2.668138880         2.928898453        -3.363408332                
   -0.7768510233         1.143938327        -1.896080536                
     1721.532324         4861.004955         22608.32052                
O              122                                                      
    -7.501096871         6.817668757        -3.389716321                
     1.379045753        -1.474511954        0.6094727661E-01            
    -16398.72221        -1521.428871        -7382.033988                
O              123                                                      
    -7.339505097         2.961984677        -3.633203929                
    -1.372844599         9.891315443        -3.302791767                
    -11930.03645         8814.410849         15681.91626                
O              124                                                      
     2.737395941         6.885050921        -3.190797911                
    -2.594707690         4.551306693        -1.986203672                
    -20515.17898        -6188.547291         2031.232797                
O              125                                                      
     3.974829903         3.016759394        -1.040530944                
     3.508198336         4.400711232         4.591003306                
     11181.74154         11835.15084         25371.47216                
O              126                                                      
    -6.283005771         6.931940651        -5.736829941                
    -9.978329300        0.9751846645         5.235420713                
     3629.125466        -6292.346089        -35626.08464                
O              127                                                      
    -6.217092891         3.021442123        -6.008641039                
     1.231315689         6.406443659         5.464201804                
     16924.34399        -18198.04715         26600.46796                
O              128                                                      
     4.105376863         6.997519411       -0.8469175705                
     1.784831848         7.467846402        -7.061768284                
    -3681.018674         4475.844554        -3195.187800                
O              129                                                      
     4.279271396        -3.442841480        -6.373536353                
    -2.212284495         10.47577006         2.895681017                
    -6019.423607        -2377.554425        -5632.578638                
O              130                                                      
    -6.067466681        -6.704137781       -0.3703356973                
    -2.298278314        -3.877803862        -10.40870775                
    -12181.88382         3356.172565         225.6826281                
O              131                                                      
    -6.223188753        -3.548495757       -0.6543301494                
     11.39992328        -1.183200670        -9.196321428                
    -6384.156361         1187.797200         4763.643760                
O              132                                                      
     4.157364237        -6.758634443        -6.199735671                
    -8.138936100        -5.155599503        -9.350233934                
    -9634.206934         13552.75564         3579.891246                
O              133                                                      
     8.270805796         3.210747948        -1.336517185                
    -3.381422418         2.244901920         6.405302469                
     19486.42204        -12687.57309         25912.72936                
O              134                                                      
    -1.838162092         7.076323403        -5.570611947                
    -5.241896905       -0.2960516201         2.468217278                
    -15824.84617         3369.036724        -19938.21440                
O              135                                                      
    -1.904096834         2.847956264        -5.876264268                
    -4.208592752        -1.841960959         9.655148319                
     9215.931634         5066.769625        -10700.19992                
O              136                                                      
     8.111832708         7.126548874       -0.9333193717                
    -6.707005954         4.121049489        0.8242777998E-01            
    -323.6523601        -11275.66234         19110.59257                
O              137                                                      
     7.700457110         3.326282649        -3.548594922                
    -8.281779202        -2.541104326        -6.496870883                
     4046.283038        -16292.73043        -31580.05681                
O              138                                                      
    -2.458695484         6.958444069        -3.231236020                
    -4.165136741        -9.891344576        -5.949602801                
    -2784.260991         2474.287394         10193.13723                
O              139                                                      
    -2.514167430         3.031276652        -3.598447300                
    0.3302298763        -1.415258076         2.769431331                
    -19763.53088         8107.597119         43139.77082                
O              140                                                      
     7.778236425         6.959448345        -3.356690723                
    -1.951665751        -1.193646128         9.210159468                
    -11477.26915         7143.712339        -16319.19762                
O              141                                                      
     5.158007475         2.922849405        -3.410348384                
     1.164056807       -0.6412631658        -4.511730105                
    -14277.03934        -9723.131677         17264.58457                
O              142                                                      
    -5.027779730         6.997416253        -3.532135688                
    -6.642416706        -8.498592151         3.642721427                
     18451.71943        -6910.925117        -1518.786315                
O              143                                                      
    -4.906682185         2.759400576        -3.714718943                
    -1.506083201         6.119057638        -9.391064372                
     2332.433806         15468.95396         2980.712082                
O              144                                                      
     5.206785542         6.957812190        -3.206487308                
    -4.981085985        -5.060967444         3.041167479                
    -22.98693576         6631.990844         12005.27745                
O              145                                                      
     3.787660219        0.8696875152        -2.422591397                
    -5.187426085        -2.390428147         8.078785720                
     3736.665654         10063.39780         9757.143404                
O              146                                                      
    -6.441805400         8.999105525        -4.293144604                
    -9.287430016        -1.562214358         6.283049738                
    -2379.643234         6741.150191        -14240.92711                
O              147                                                      
    -6.458825404        0.7718445396        -4.480036919                
     5.057276777       -0.4208086647        -1.663630285                
     11422.11855         16594.68187        -21163.59899                
O              148                                                      
     3.948829142         8.968955647        -2.393163017                
    -5.035149478         7.930731858         5.291228450                
    -8747.194241         6397.062195         11054.58170                
O              149                                                      
     8.821161334         1.200473263        -2.693136190                
     3.347357567        -5.683900473         1.422398038                
     824.3594671        -28333.20577        -619.6352737                
O              150                                                      
    -1.280987735         9.145349033        -4.078787123                
    -2.125111125        -2.230234973        -5.797370007                
     3079.906270         16435.57397        -12360.60437                
O              151                                                      
    -1.309203319        0.8102006960        -4.269885138                
     3.273841534        -4.116374897         4.140846344                
    -13419.16974         8815.100597        -9996.520071                
O              152                                                      
     8.901842741         9.090794512        -2.219166911                
    -5.445156711        -1.270642594         1.781020252                
    -4687.478997        -15887.60826        -1665.489813                
O              153                                                      
     2.032978269        -2.661509889        -5.336481729                
    -6.268786861        -2.809234930        -1.701044941                
     694.8408023        -3222.408537        -1632.468458                
O              154                                                      
    -8.188296242        -7.522518335        -1.514108282                
     2.604735258        -4.681637471         4.832398372                
    -4406.789377         11503.33351         2798.181497                
O              155                                                      
    -8.490809200        -2.485887507        -1.597960623                
    -11.54019869         4.144346555       -0.4372364832                
     8488.400046        -15549.52302         10937.81489                
O              156                                                      
     1.992559190        -7.644992561        -5.371467081                
     9.526587986        -7.905731067         2.950523333                
     1650.999328        -7718.435549         16813.79702                
O              157                                                      
     1.790282888       -0.7923996925E-01    -5.582459924                
     9.447344300        -4.935075109        -4.605328471                
     10791.42290        -8248.327856        -9420.137744                
O              158                                                      
    -8.253666614        -10.05595227        -1.320967730                
    -6.977369058        -1.244779975        -7.548798607                
     1009.534465         5117.110408         6216.435520                
O              159                                                      
    -8.268842708       -0.2107698107E-01    -1.588192384                
    -1.646418156         6.549325907        -2.214934423                
    -8221.281126         6710.575234         10635.65589                
O              160                                                      
     1.939872136         9.977589300        -5.260089979                
     2.361267672        -2.515815119        0.3313734065                
    -4613.405742         8802.250872        -625.0939005                
O              161                                                      
     2.007672868         2.430773832        -5.640269329                
     3.293951830        -4.578222505         1.739041213                
    -1477.168531         655.4447555        -6328.776538                
O              162                                                      
    -8.021386683         7.520902703        -1.160093380                
    -2.691290875         4.221016172         11.50960349                
    -19055.58108        -18807.72608        -6521.267027                
O              163                                                      
    -8.251738672         2.431724860        -1.261276409                
    -2.371929785        -3.441403056        -3.811062412                
     6446.520555        -4182.729173         3724.493613                
O              164                                                      
     2.034942485         7.495956319        -5.506591159                
    -5.263146067        -12.79441603        -5.777700539                
    -16593.40815        -13690.47066         15948.41741                
O              165                                                      
     6.346687874        -2.377844949        -5.389851008                
    0.4519230858E-01     2.568992848        -4.159842760                
    -5820.445170         5545.580527         10796.49889                
O              166                                                      
    -4.110835166        -7.636780680        -1.603285550                
     6.619762767         7.317129859         4.393786297                
     25020.52567        -43610.37203        -30704.58104                
O              167                                                      
    -4.128811598        -2.648343656        -1.643946967                
     3.632196614         2.285519146        -2.760359942                
     9202.396163         576.8839413        -7438.344431                
O              168                                                      
     6.209288437        -7.646175404        -5.083912040                
    -3.393815816       -0.9128921825E-01     13.04557581                
     3082.473883        -13448.26582         10911.11533                
O              169                                                      
     5.955955257        0.8714135063E-01    -5.447028946                
     12.44769741         6.689731770         1.368459928                
     17404.67035        -3893.543715         6442.020872                
O              170                                                      
    -3.966565741         9.954717681        -1.605886101                
     12.85055447        -2.447460352         1.869648238                
     9293.501357         2284.656783         14050.85935                
O              171                                                      
    -4.234102263       -0.1431770851        -1.670748946                
    -8.290536946         3.724248201        -1.664606284                
     19974.56552        -2215.804983        -3190.324218                
O              172                                                      
     6.121945039         9.886369957        -5.257870813                
   -0.4682053360       -0.6539863410        0.3855269837                
     8335.281463         18173.20899         12216.73719                
O              173                                                      
     6.132146094         2.581507609        -5.643381796                
    -10.75123348         4.295031433       -0.1337728273E-01            
    -6810.485303        -11025.41856        -601.6426637                
O              174                                                      
    -4.224120652         7.411875860        -1.311820202                
     7.635934186         2.194700257        -7.869165632                
     14416.89566         7043.423289        -6768.859110                
O              175                                                      
    -4.110046492         2.434338816        -1.416859407                
     7.596794396        0.4390213354         3.484031675                
     17673.25043         14009.82286        -14228.28767                
O              176                                                      
     6.109227088         7.394524439        -5.487367801                
     1.896418061        -14.73764542         4.084657775                
     17814.16739        -7664.845376         25056.91034                
O              177                                                      
     10.04987512        -1.009762787        -2.915177852                
    0.5583180678         3.007836856        0.5391745428                
     37968.68987        -5983.232747         5169.810419                
O              178                                                      
    0.1092130263        -8.741851508        -4.176952730                
    -4.080813626        0.3166144574        -3.957907672                
    -12675.11725        -22928.38680        -1914.723775                
O              179                                                      
   -0.1864520190E-01    -1.331748215        -4.348685909                
    0.9632377733         11.38398179         11.04911211                
     15648.01514        -8730.434146         5716.959933                
O              180                                                      
    -10.08223251        -9.013671582        -2.458797694                
     7.166346741       -0.8924753834         8.281937466                
    -14832.58964         8811.057406         1668.208068                
O              181                                                      
    -9.891640884         3.133308483        -2.937311407                
     2.339109691         1.124344286         2.687807718                
    -8469.994672         5233.596546         5402.803934                
O              182                                                      
    0.1767544381         6.955228432        -3.916958933                
    -4.248326370        -3.255577439        0.7184872924                
    -18071.19674         5126.554648        -3996.718104                
O              183                                                      
    0.4713891275E-01     2.984398867        -4.128886320                
    -3.088444260        -4.876136638         2.999208941                
     16445.29305         9303.790288        -7127.668671                
O              184                                                      
    -10.06708750         6.838061097        -2.332317953                
    0.4928234642         2.298771785        -3.872355981                
    -7269.937780         1077.001338        -7093.130436                
O              185                                                      
     1.711942946         4.922559415        -4.562638557                
    -6.233923978         3.536583787         2.005197456                
    -9008.842727         20560.31483         9680.445958                
O              186                                                      
    -8.300485925         4.874977927        -2.051076029                
     3.700662015        -11.20673438        -11.92451012                
    -9440.578896        -1473.255352        -9050.239967                
O              187                                                      
     6.219214475         5.046550346        -4.401578873                
     7.186999652         2.578269286        -3.570399027                
     9516.055812        -15760.10087        -7976.041761                
O              188                                                      
    -3.805365972         4.931495088        -2.431044744                
     9.334197351        -5.358029181        -8.310670843                
    -3165.507458         2217.998555        -4820.748700                
O              189                                                      
     6.084051964        -5.035354266        -6.031802887                
    -2.196907918        -3.818595506         12.85231938                
    -5610.529879         13137.25376        -10547.77186                
O              190                                                      
    -4.245998196        -5.173450925       -0.8014546796                
     10.37622661         2.314906226        -12.93668303                
     5272.483129         13134.13430         16158.96127                
O              191                                                      
     2.313375294        -5.079529949        -6.328214860                
    -4.491097929       -0.4959849723        -6.355833960                
     11530.59254         7544.631781         14631.18518                
O              192                                                      
    -8.004453333        -5.079825202       -0.7587498100                
     3.353741805         7.336065834        -6.565951515                
    -15158.22854         4041.550293        -658.7647889                
O              193                                                      
     7.713210742         1.140508926         3.571055591                
   -0.4842486745        -4.752686986       -0.3521569476                
     13740.24748         12522.42179        -36772.02480                
O              194                                                      
    -2.321009004         8.851478519         3.008557259                
     7.887061210        -1.760935422       -0.1951010634E-01            
    -18506.93926         1896.895876         3525.140204                
O              195                                                      
    -2.662179053         1.156550016         3.143029052                
     5.124983217         1.983096516         2.075852490                
     21385.09984         8081.281736        -6968.811807                
O              196                                                      
     7.569655543         9.003880426         3.543182330                
    -5.325277982        0.3999902243         4.271425386                
     13716.88488        -13831.50706        -7943.103786                
O              197                                                      
     6.041295878         1.160844640         5.748604362                
     1.540435442         11.21746686        -9.131980114                
     13690.06821        -5818.965365        -33755.85908                
O              198                                                      
    -4.007154899         8.884860035        0.7980263346                
    0.5477127288         1.661239766         5.273017259                
     10534.93982         16544.54597         27027.55888                
O              199                                                      
    -3.968202935        0.9972453428        0.7636139579                
    -3.972914007         8.239216764         4.002493189                
    -12472.94576         425.4074511         13621.98823                
O              200                                                      
     6.295892041         8.872903855         5.959149581                
    -13.04199831         4.143837407        -11.98634770                
    -10883.88510        -5601.531989        -19850.90643                
O              201                                                      
     6.060072426        -1.344297818        0.2233755442                
    -7.233309804        -2.235206368       -0.4506145575                
     16594.68486        -417.7414733         3109.013018                
O              202                                                      
    -4.034168203        -8.923553712         6.197159078                
   -0.3724138904         1.846635338       -0.5544906687                
     22670.44379        -9473.541374         10975.97474                
O              203                                                      
    -4.122158747        -1.181448110         6.239587876                
    -1.328828715         2.877612495         5.538164459                
     13245.55794        -20437.89793         3566.477974                
O              204                                                      
     6.039453046        -8.906271331        0.5780596322                
     3.865318471         2.567904602        -7.688062406                
     18504.16974        -3999.972929        -8131.976252                
O              205                                                      
     1.827803860        0.9658075180         5.642425127                
     6.102314647        -1.905487768        -6.464697818                
     9482.904831         5171.626471        -4995.916542                
O              206                                                      
    -8.104131985         8.835291584         1.062046024                
     5.971642899        -4.311984842         2.845000218                
    -5289.375382         7546.239665        -15407.56976                
O              207                                                      
    -8.164913530        0.8011625345        0.8826673894                
    -9.314131872        -2.882692179        -5.715372095                
    -12235.20192        -2231.664807         17592.02345                
O              208                                                      
     1.844722766         9.106380543         5.926328112                
    -3.252980890         3.311194262         6.882278315                
    -152.6836852        -4545.396173        -5130.922231                
O              209                                                      
     2.671997130        0.9379942070         3.120262415                
    -10.12164223       -0.2760901853       -0.7195154678                
    -28059.57791        -3420.875380         13252.15011                
O              210                                                      
    -7.519964237         8.951971950         3.507166932                
   -0.9116462632         1.446122783        -1.505203708                
     14073.10201        -4468.430085         11869.25753                
O              211                                                      
    -7.629176525        0.9499181200         3.436060465                
    0.8033162175         4.095977839        -13.58006872                
    -1613.784045        -11508.26507        -7321.299830                
O              212                                                      
     2.424898667         9.129938506         3.347356491                
     8.934133211       -0.8743171466         9.402028517                
     2058.271657        -13802.95687         2813.381014                
O              213                                                      
     5.201222273        0.9866832418         3.218017989                
    -4.953190488        0.6577906524         4.668250237                
     18533.91141        -7202.107144         9693.977339                
O              214                                                      
    -4.949634900         9.086593137         3.290794299                
    -6.873519077        -8.978189385        -2.193858143                
    -1549.323795        -4632.097756         4810.462359                
O              215                                                      
    -5.066393391        0.8845087481         3.305706479                
    -5.277146974         3.162539844       -0.9458277119                
    -19349.94908         2476.851016        -13246.61818                
O              216                                                      
     4.954302437         8.993807458         3.638635120                
     7.314379192        -7.313416617         1.288338673                
    -1107.359910        -17227.47169        -12575.65385                
O              217                                                      
     7.599946215        -2.981897147         3.248800457                
     3.600543451        -3.058249108         5.779349333                
     2984.618760        -5166.155719         16750.28032                
O              218                                                      
    -2.339839075        -7.050886358         3.131474428                
     3.995562833       -0.6371742722         9.152339250                
    -8075.546133        -6911.360195        -13244.77393                
O              219                                                      
    -2.570788654        -3.151692931         3.004529258                
    -3.316807641       -0.4297578825        -3.474497523                
    -8121.168939        -3688.483307        -51.88998004                
O              220                                                      
     7.705595507        -7.150664901         3.815055988                
     2.816176728         5.811129685         3.449902631                
    -4623.710394         5729.717603         746.0470183                
O              221                                                      
     6.402015903        -3.075745464         5.699523062                
     8.242516656        -2.753980631         7.790494692                
    -6346.648700        -7822.599419         14782.10767                
O              222                                                      
    -3.888918522        -7.085639791        0.8820707917                
     1.265337515         6.134082654        0.7762852156                
     12976.46206        -12011.93383         13143.95739                
O              223                                                      
    -4.309444453        -3.117335920        0.9213828905                
     10.58125328        -3.913230387        -2.878984053                
     12471.94014        -11443.37794         283.1199864                
O              224                                                      
     6.162809747        -7.086634225         6.022199237                
     1.574978875         13.43658306        -6.766199409                
     3259.949262        -2433.991752        -2896.622752                
O              225                                                      
     6.226278282         3.478377801        0.2519594196                
    -4.858613623       -0.7230286035        -11.64473685                
    -35574.74037        -24428.74176        -729.5809537                
O              226                                                      
    -4.137298199         6.841496647         6.536081972                
     7.355487822         1.962262455         3.831735028                
    -21587.61468        -19425.58396         16137.49356                
O              227                                                      
    -3.959070373         3.400955211         6.157032691                
   -0.8640526213        -8.220881887        -7.598967787                
    -10242.87180         2734.251960         14996.29574                
O              228                                                      
     6.147933845         6.678174299        0.6861763699                
    -6.400896745        0.7815789367        -12.75848075                
    -24131.88894         8669.934165         6805.758795                
O              229                                                      
     2.156678292        -2.969554066         5.783211042                
     3.802461109         2.547312100         6.311618156                
    -1228.531867        -1316.925447         21398.46570                
O              230                                                      
    -8.196325051        -7.029183410        0.9670796961                
   -0.4039377331         3.745282727        -4.320584051                
    -16809.34008        -10237.48565         13585.54236                
O              231                                                      
    -8.199681223        -3.238383532        0.9295622895                
     2.125603476         6.938104160         5.726978591                
     7028.773311         5018.600340         2491.628204                
O              232                                                      
     2.075313777        -6.961683432         5.771095984                
     4.417772889       -0.7808028462        -4.597544426                
    -41.75108281        -8434.202334        -8442.749374                
O              233                                                      
     2.656357522        -3.162716460         3.431449893                
   -0.4593320940        -2.890684337         11.95970767                
     9034.627801         464.9226236        -28877.07384                
O              234                                                      
    -7.424766199        -7.099242558         3.276326824                
     5.486134620        0.3018249410         4.672380649                
     6491.681887        -886.3254269         21499.41208                
O              235                                                      
    -7.612485926        -3.222773115         3.584762218                
    -13.08067817         4.619277137        -6.060992542                
     7563.974738        -7852.364104        -5763.254197                
O              236                                                      
     2.664555667        -6.966417190         3.296568184                
    -4.878129014       -0.2300658939        -1.511356400                
    -24497.87894        -13741.11663         21588.87528                
O              237                                                      
     5.170165179        -3.014093829         3.447327954                
    -7.778967469         8.657085513         3.989770015                
    -5402.793423         3553.017112        -12071.63391                
O              238                                                      
    -4.798213401        -7.025176179         3.237043164                
     12.57757566        -10.20805470        -2.881125064                
    -9884.268489        -3622.750340         4.264964430                
O              239                                                      
    -5.115875264        -2.918998723         3.277112283                
     3.379705603        -11.20991260        -3.031986868                
    -12357.11867        -21170.14154         23175.96730                
O              240                                                      
     5.161296118        -7.103001699         3.671092370                
    -5.681273778        -5.607806353        -8.415023480                
     2571.660451        -8935.463672         6431.451516                
O              241                                                      
     6.523701296       -0.9038312484         4.338295700                
     3.920415064       -0.4275863034E-01     4.645887387                
    -6300.532254        -7732.583871        -1341.158497                
O              242                                                      
    -3.598280643        -9.248785461         2.310353041                
   -0.9532417873         2.391949813        -4.214033649                
     3072.044436         32516.67568        -7633.416366                
O              243                                                      
    -3.715517175        -1.016686141         2.266515879                
    0.4188337963        0.9673860737         9.108462850                
    -7205.501756         26169.14603        -543.5202197                
O              244                                                      
     6.330957164        -9.293624301         4.575016288                
     3.331655001        -4.894531186        -11.81655076                
    -6063.054902         15755.57668        -335.9851179                
O              245                                                      
     1.476068035       -0.9907251533         4.201009118                
     9.714828559         2.546981202        0.4323344848                
    -3798.963458        -12090.48807        -2248.405745                
O              246                                                      
    -8.737831073        -9.234822695         2.436935635                
    -2.272096037        0.6872979222       -0.5865961829                
     19417.20237         3474.521017        -6764.430250                
O              247                                                      
    -8.574147011        -1.194755619         2.444442210                
    -6.569532701         4.684731080        -6.680198636                
    -6007.388553         482.3733624        -250.7817966                
O              248                                                      
     1.450998266        -9.023614837         4.473754052                
    -6.517903277         1.710375503         6.403649795                
    -6339.835892        -19984.73413        -10326.90257                
O              249                                                      
     8.380128855         2.557477649         1.242621887                
    -1.635237925         1.647594478        -5.944212150                
     4432.339252        -39985.71056         22297.82041                
O              250                                                      
    -2.163898312         7.579122837         5.354684002                
    -2.115271928        -7.713015343         4.172254568                
     19120.59242        -7461.174846         7949.580202                
O              251                                                      
    -1.744608820         2.679919034         5.126556716                
     7.935402982        0.4431877030        -12.94831447                
    -606.2640463         165.9797474         7516.841445                
O              252                                                      
     8.356808296         7.584560832         1.559116671                
     6.636680746        -4.453924215         1.260598755                
    -63.42650001        -35708.64529        -12404.11520                
O              253                                                      
     8.126789580        0.2229942210E-01     1.263499638                
    -8.700474051         3.501888596         5.143238989                
    -9180.883690         1419.373766        -502.6314360                
O              254                                                      
    -2.091789935         9.996373150         5.256394640                
   -0.9924336196E-01     19.26097597        -1.017169065                
     7240.524030         6933.660213        -2804.609029                
O              255                                                      
    -2.132556525        0.1843288706         5.249002076                
    -3.752638955         5.871277567        -15.80155694                
     9536.207709        -25552.04081         11962.51534                
O              256                                                      
     8.173668417         10.03712479         1.361476211                
     2.366695125        -4.528604895         4.336559830                
     17069.22104         2985.578374         9451.556092                
O              257                                                      
     8.201131414        -2.524019799         1.029718538                
    -1.949789712        -2.782165434         5.857594961                
    -242.5235822        -5057.294586        -3527.469805                
O              258                                                      
    -1.884228865        -7.534057104         5.514493725                
    -2.441557035        -13.36043633        -9.139154029                
     3576.740821        -14181.45573        -14612.05070                
O              259                                                      
    -1.974854515        -2.388468798         5.214842321                
     4.541499379        -1.698601923        0.7822430962                
    -19749.39447         1614.947089         9972.115804                
O              260                                                      
     8.058720757        -7.551067156         1.499051366                
    -3.129008793        -6.009851801        -4.007856603                
     3130.872040        -14165.01083        -20280.04252                
O              261                                                      
     4.070261112         2.460636510         1.479886269                
     4.374150081       -0.2764079234E-01    -6.949779562                
     9566.562344        -10011.74384        -18499.95437                
O              262                                                      
    -6.063983337         7.458089795         5.170111545                
   -0.4164689947E-01     1.941927808         5.393750440                
    -14539.57840         18435.11766         3953.186781                
O              263                                                      
    -6.079418824         2.341508622         5.221309947                
     8.368683728         1.680706640       -0.6085310484                
    -12077.30091        -16420.50667        -23611.59613                
O              264                                                      
     3.836543573         7.473042811         1.637406478                
   -0.9414955739         2.274519553        -9.312632529                
     1003.544258         45186.45577         41074.14916                
O              265                                                      
     4.063227605       -0.2492623949         1.265230587                
     9.246970803        -2.129075877         1.998187789                
     6192.786228         16397.62688         11170.37935                
O              266                                                      
    -6.126048547         9.988861251         5.438645243                
    -4.506856184        -2.648409449         12.51866003                
    -2283.140749        -9520.995059         2593.432690                
O              267                                                      
    -6.161641972       -0.2075505521         5.364699892                
     7.833138088        -2.840587808         6.926568565                
    -12960.00468         11358.95920        -23175.24285                
O              268                                                      
     4.016717713         10.06598391         1.545779949                
    -1.368302171         12.51067560         1.766928202                
     5264.453345        -16329.07788         8446.529536                
O              269                                                      
     4.082166334        -2.719279626         1.137690967                
    -10.01883872         5.951332889         1.178210985                
    -4711.917811        -26932.76643         23807.05774                
O              270                                                      
    -5.889574064        -7.727912806         5.331364042                
     16.08222051         2.061677413        -1.639855891                
    -24188.86326         15860.02796        -1712.098588                
O              271                                                      
    -6.021964390        -2.807233363         5.566714010                
     5.844092209        0.4969224754        -2.442704413                
     4247.801032         167.8415333        -3491.631525                
O              272                                                      
     4.185794293        -7.527050008         1.343748184                
    -4.542834259        -5.209626876        -2.878704092                
    -4073.443163         851.0444233         18017.49030                
O              273                                                      
   -0.5907368132E-01     1.097581788         3.953137428                
     3.231288423         1.412963212        -5.577291247                
     13435.81850        -10197.90466        -5092.363404                
O              274                                                      
    -10.12153391         9.008608259         2.749464780                
     12.42229389         1.989752135        0.3676035654                
     19767.89610        -14043.49888        -11353.73180                
O              275                                                      
     10.10664773        0.9375268878         2.538217477                
     6.039438593        -7.209329523        -2.344889462                
     24680.42045        -11013.01637        -14204.27066                
O              276                                                      
   -0.1088124299         8.997702087         4.321752076                
    -9.336381941        -3.699720444         1.572900129                
     24162.73748        -3564.016182        -4162.735173                
O              277                                                      
    0.4324981071E-01    -3.157175850         4.152277918                
    -7.557038464         1.504692739        -5.191018287                
     4959.204457         7250.653320        -2770.951934                
O              278                                                      
    -10.12047918        -7.073363073         2.676851618                
    -4.182508226         6.163149969        0.5957469860                
     18444.62826        -3513.355735         2422.087174                
O              279                                                      
    -10.09759327        -3.294235926         2.456295796                
    -1.534771418        -3.400134235         1.300658593                
    -5968.237610         13635.30487         6458.405871                
O              280                                                      
    0.1182966367        -6.916223778         4.026462728                
    -11.73235751        -6.478350219         7.277560107                
    -2340.370043       -0.2181209711         6639.856977                
O              281                                                      
     8.658787610        -5.125999783         2.238115995                
     7.355782981         5.082001009        -9.123700838                
    -15649.13258         18043.80184         1265.987860                
O              282                                                      
    -1.594022750        -5.024305122         4.484932131                
    -2.070547262        -6.186796272         2.128443184                
    -5306.562094         11072.60210        -8036.762926                
O              283                                                      
     4.070594686        -5.050858728         2.445590045                
    -7.378636289         1.058382232        -3.349383225                
    -751.5727930        -32677.54021        -7276.491914                
O              284                                                      
    -6.165448306        -5.159889306         4.364240064                
   -0.3790264632E-01    -6.637076674         2.686117802                
     2761.987001         1063.861214         4612.778539                
O              285                                                      
     4.409710249         5.027591490        0.6651481772                
     3.551907081        -5.883020739        -5.961201235                
    -16688.88307         7763.911409         884.1865723                
O              286                                                      
    -5.851224939         4.959006401         6.075860087                
    -14.36898047         6.417143446         2.697392324                
    -4939.171911         18630.83708         5880.038541                
O              287                                                      
     8.028020814         4.995994608        0.4336045962                
     1.722371307        -4.826945198        -3.930447528                
     9222.961266        -50.14320799         8012.762115                
O              288                                                      
    -2.165187506         5.101073011         6.435182845                
     4.521886765         8.430056310        -1.923864332                
    -13194.52756         9440.953030         618.2685422                
C              289                                                      
    0.1368320946         7.044520199        0.6120905854                
    -2.681353932        -2.257916692         10.29229232                
     117.6497817         24.40028752        -55.29036489                
C              290                                                      
    0.8062215069         6.438503260       -0.4577575542                
    -4.751272996         1.601740747         6.810863926                
     95.21612030        -24.98148677        -47.96937625                
C              291                                                      
     1.471037035         5.221091996       -0.2682051152                
    -2.251176182         2.179466123         1.752771244                
    -251.4965602        -54.56135631        -170.0216217                
C              292                                                      
     1.466463151         4.609697672        0.9911954634                
     2.318839698        -1.102465941        0.1761069557                
    -392.7648525        -87.34377562        -109.0374296                
C              293                                                      
    0.7970737378         5.215714613         2.061043604                
     4.388758762        -4.962123384         3.657535361                
     100.7166981         48.69684137        -27.58057989                
C              294                                                      
    0.1322582101         6.433125876         1.871491165                
     1.888661948        -5.539848759         8.715628041                
     85.79053982         73.50764847         111.2392067                
H              295                                                      
   -0.3760255991         7.983666032        0.4658644181                
    -4.610000048        -2.703590554         14.19424954                
    -115.6151239         22.40034026         183.5983231                
H              296                                                      
    0.8097554907         6.910150354        -1.429314356                
    -8.276768587         4.133575818         8.027132093                
    -256.2046575         36.03830074         583.9908833                
H              297                                                      
     1.987428713         4.753593258        -1.093535751                
    -3.848025659         5.156975058       -0.9329178075                
    -151.3139347         191.3971880        -55.51013995                
H              298                                                      
     1.979320844         3.670551840         1.137421631                
     4.247485812       -0.6567920796        -3.725850257                
    -1335.079286         339.7056392         301.3444308                
H              299                                                      
    0.7935397546         4.744067517         3.032600405                
     7.914254352        -7.493958452         2.441267190                
    -32.06406466        -102.7292215         64.61464821                
H              300                                                      
   -0.3841334672         6.900624613         2.696821800                
     3.485511426        -8.517357692         11.40131709                
     116.7089579        -391.8053557        -608.2986770                
