Diffusion in Zeolites. ZSM5 (Silicate) Crystal Structure, Si(96)O(192) +
         2         2       300     13334   1.0000000E-03   1.3334000E+01
       20.3183600000        0.0000000000        0.0000000000            
        0.0000000000       20.1714600000        0.0000000000            
        0.0000000000        0.0000000000       13.5858629500            
Si               1                                                      
     1.652482159        -1.284296996        -4.620516338                
    -5.159102175       -0.1207070867        -2.776198812                
     13817.91815        -19905.17419        -20364.92200                
Si               2                                                      
    -8.687781320        -8.922910430        -2.117213794                
    -3.328689918         7.647291468        0.5266824244                
     7453.349253        -25822.48387         11007.89590                
Si               3                                                      
    -8.475143311        -1.298533256        -2.120339674                
    0.4714210490       -0.5304305756         6.033291892                
    -7711.530362         1980.423592        -26772.56307                
Si               4                                                      
     1.492902378        -8.882746816        -4.858638317                
    -4.050776635         1.768323131        -3.883795857                
    -11128.40728         34427.97954        -17941.28446                
Si               5                                                      
     4.059807389       -0.5922212390        -2.778391959                
    -1.287133260         3.529022412        -2.805997468                
     26478.91365        -9670.638409         3519.909238                
Si               6                                                      
    -6.278200348        -9.526156504        -3.955587025                
     2.539205191        0.5474373340        -1.670503855                
     32103.79215        -9966.313888        -6125.439633                
Si               7                                                      
    -6.221882069       -0.6888182098        -4.151188253                
    -1.782691097        -5.431987874        -3.267940547                
    -4263.880942         21841.01435        -17014.92163                
Si               8                                                      
     3.916198751        -9.292101421        -2.956640956                
    0.4413354519        0.6233934444         4.322926299                
     25146.73968         2602.598777         9950.228168                
Si               9                                                      
     5.736569083         1.210229710        -6.405779689                
     1.984677694         2.051233500         9.901763794                
    -8401.665814        -24631.31739         2205.189312                
Si              10                                                      
    -4.369384359         8.919197972       -0.3472901106                
    -4.835096004        -5.125541799         1.115847695                
     10293.88629        -4030.098579         8411.338435                
Si              11                                                      
    -4.342184081         1.097863974       -0.3179698606                
    -4.523964502        -2.779911502         4.449419357                
     9220.069075        -2472.242083        -7610.249601                
Si              12                                                      
     5.637966220         8.634888262        -6.692671618                
   -0.2119848653        -7.221529833       -0.1859495367                
    -38948.05088         26130.81640         21646.28385                
Si              13                                                      
     2.538951436         1.129387535        -6.500233110                
    -2.100209262        -4.265045110        -1.022451605                
     11158.85168        -2279.016560        -14375.53708                
Si              14                                                      
    -7.554199311         8.835891007       -0.3414691745                
    0.1971153587        0.9183529648       -0.6261935297                
    -15113.96385        -14050.20342         34444.78753                
Si              15                                                      
    -7.523453001         1.117934525       -0.3121257919                
     1.577670788         2.005477525        -4.379815074                
     14467.47788        -4506.717612        -18103.05599                
Si              16                                                      
     2.333542232         8.805100497        -6.606514047                
     4.037435401         10.29476443        -5.515047317                
     10323.48130        -7055.122650         10195.13059                
Si              17                                                      
     8.804307525       -0.5311340248        -2.649760786                
    -7.175809413       -0.9122763993        -4.623627867                
    -7851.023135        -18151.10041         3000.848517                
Si              18                                                      
    -1.473840201        -9.458066347        -4.196647072                
    -8.103320489         1.543769578        -4.460576077                
    -21183.72951        -4271.707437        -18887.50215                
Si              19                                                      
    -1.365535436       -0.6491481045        -4.478153965                
     5.060787541        -6.642019049        0.9223986058                
    -22974.79765        -5205.888031         30636.60115                
Si              20                                                      
     8.655344241        -9.652752845        -2.738189460                
     7.254229575        -5.113279313        -5.568824764                
    -13299.76700        -22093.96952        -16570.92757                
Si              21                                                      
     6.585128973        -1.309867814        -4.564706298                
     1.676627176        -6.141472045        -1.300435939                
    -36419.51923         10768.52472        -7821.270693                
Si              22                                                      
    -3.754413385        -8.809063946        -2.145555397                
     11.18038084        -7.668707551       -0.9783631446                
     21757.67259         25842.35674        -23973.46890                
Si              23                                                      
    -3.724910415        -1.325861118        -2.406960565                
    -3.741644638        0.2379143225        -1.905670558                
    -8658.256357         20119.96689        -9269.149008                
Si              24                                                      
     6.389438636        -8.958016608        -4.810598521                
     4.831048002        -2.021363194        -2.469618468                
     19914.00587        -11902.09614        -17003.12713                
Si              25                                                      
     1.670882142         3.429578176        -4.526857560                
    -1.598758575         5.937856024         5.081942138                
     3586.656593        -5821.275981        -9943.689159                
Si              26                                                      
    -8.588224382         6.500558403        -2.148702607                
    -10.82260460       -0.1366223480         2.752758133                
    -4911.386046        -9919.342445         1338.657498                
Si              27                                                      
    -8.455150169         3.418260297        -2.251561820                
    -7.441502853         9.199825590         4.617970980                
     10343.11024        -18907.47789         19159.69233                
Si              28                                                      
     1.634256081         6.535240360        -4.482217861                
   -0.9947313781E-01     14.09746658        -2.289345516                
    -15888.66905         10940.06270        -21929.04620                
Si              29                                                      
     4.048408695         2.580848812        -2.722101461                
     5.006679265        -9.932136113        -6.554670170                
     23801.44494         24723.38388         42481.60580                
Si              30                                                      
    -6.193428436         7.426807847        -3.936725598                
    -2.177324715        -2.441582276         3.013970972                
     12656.37607         14119.86494        -200.9796941                
Si              31                                                      
    -6.012885651         2.544996885        -3.987823347                
    -7.024949919        -9.387798129       -0.5574510881                
    -2949.858462        -43674.89710        -32563.60548                
Si              32                                                      
     4.003070237         7.657752178        -2.786599759                
     1.033701890         4.348548432         4.367879317                
     5834.776791        -6794.035446        -12789.35638                
Si              33                                                      
     5.718953759        -3.501978510        -6.617628812                
     5.104208640         3.317735493         1.485687518                
    -8828.351775        -2284.252073         24345.56577                
Si              34                                                      
    -4.405934641        -6.623318638       -0.7551170388E-01            
    -5.476228062        -2.082120055        -7.096134500                
     10237.42377         10979.02736        -34002.27027                
Si              35                                                      
    -4.400095296        -3.500622768       -0.2749529169                
     2.747149393        -1.409989960        0.5364242028                
    -14991.17089         12833.30539         38359.44172                
Si              36                                                      
     5.765136652        -6.575704222        -6.625305963                
   -0.8645115995        -4.924235228         7.348545304                
     342.1055717         2454.457344        -9490.429670                
Si              37                                                      
     2.561694926        -3.416071283        -6.708198696                
     1.255344646         2.335639229        0.7373998402                
     16424.92203        -18748.75183         12530.87530                
Si              38                                                      
    -7.561737888        -6.737977794       -0.3115982886                
    -4.185858807         5.213354573         10.64017330                
     13273.41959         3064.893178         39131.04744                
Si              39                                                      
    -7.584833204        -3.669872495       -0.4087718575                
    -1.297559678         4.025765214         1.982523106                
     31266.29099         14674.38406         12634.27164                
Si              40                                                      
     2.667188510        -6.660014030        -6.715598243                
    -2.085872609        0.5425093014        -2.787167675                
    -36141.40064         31732.66937        -1150.916951                
Si              41                                                      
     8.834005678         2.612312064        -2.683410272                
     12.80830501        -1.777166995        -5.545379972                
    -5958.433223         16571.49433         7337.246463                
Si              42                                                      
    -1.341945601         7.560561573        -4.051302888                
   -0.9259489684         3.681481407        -3.690771769                
     16831.70949        -15436.67997        -9849.872083                
Si              43                                                      
    -1.294344174         2.469503857        -4.100961357                
    -4.406908005        0.7901045242        -5.622275097                
    -5592.404454        -8062.547483        -2429.770871                
Si              44                                                      
     8.731783284         7.295534327        -2.658611721                
    -1.937987606        0.6484521994        -2.367888900                
    -8360.462257        -9820.132225         10113.83078                
Si              45                                                      
     6.478238259         3.542118004        -4.556048764                
    -4.740880931         1.611387676        -3.364086301                
     16791.19609        -7469.829078         25405.00328                
Si              46                                                      
    -3.632688372         6.604380702        -2.243605524                
     3.851987136         5.011076842         5.763949444                
     21015.53280        -40058.85655         26189.75529                
Si              47                                                      
    -3.644802091         3.460491510        -2.241712504                
   -0.7925811854        0.5316135517         1.962163085                
     38699.69178         2395.429945         20117.42056                
Si              48                                                      
     6.396569696         6.610726804        -4.660421235                
     2.356885233        -5.206824496        -4.384371878                
     15279.31632        -23753.98886         27608.50912                
Si              49                                                      
     8.595424470         1.203637356         2.240677601                
    -9.161059931        -1.676417942        -4.126438000                
     25529.60553        -23712.38941        -12997.23799                
Si              50                                                      
    -1.714483657         8.782463967         4.565598918                
    -1.611321200        -5.360342563        -2.354536332                
    -8006.773774        -1063.072450        -11964.31576                
Si              51                                                      
    -1.426674343         1.183703321         4.695396612                
     1.825637694         7.621862622         1.203272150                
    -2226.700306        -4231.486105         18284.77150                
Si              52                                                      
     8.617506050         8.794805428         2.003202934                
     4.416745209        0.9143673305         13.67572096                
    -12096.17909         6700.699053         21641.47286                
Si              53                                                      
     6.261165006        0.5742359464         4.173794359                
     7.996406237        -4.752626775        -3.752435235                
     10201.85868         1020.389624         8657.340060                
Si              54                                                      
    -4.155366961         9.415136831         2.786990000                
    0.5970996365E-01    -9.235602640        -6.013664524                
     11844.18846         16677.33630        -41019.39071                
Si              55                                                      
    -3.797263276        0.4905362407         2.746718558                
     3.380992266         2.947217116         6.104576579                
     18603.18985        -4698.085867         3339.740536                
Si              56                                                      
     6.147272540         9.427202260         3.999967775                
     8.026898812       -0.8274652477         5.882929134                
     34574.13606         29125.64059        -36856.17184                
Si              57                                                      
     4.563297219        -1.324272484        0.2185841663                
     1.498555895         2.582074967         1.052740785                
     23676.03014        -19805.37975        -14040.96179                
Si              58                                                      
    -5.715632249        -9.034145520         6.579663895                
    -5.898349098         6.212089185         1.239511244                
     15828.55600         33795.04867        -7381.398550                
Si              59                                                      
    -5.592538042        -1.296248219         6.387431739                
    -1.120933748        -11.64770034         1.250170680                
    -33785.31590         31574.86322         7653.069166                
Si              60                                                      
     4.504890875        -8.743729457        0.1290995958                
   -0.4915834114         1.205726298        -3.736434945                
     18716.58588        -6832.975847        -1335.936553                
Si              61                                                      
     7.742529302        -1.101145494        0.2237458998                
     1.228989738        -9.821903473        -3.002803868                
    -20853.74035        -35429.89702         11320.45198                
Si              62                                                      
    -2.574930853        -8.947179158         6.471100261                
    -8.636577143         1.094429505        -8.891192337                
    -10273.43585        -7899.146803        -2885.837978                
Si              63                                                      
    -2.451741273        -1.359069556         6.328437896                
    -7.527582356         2.917076303         3.561983406                
     3172.082212        -21359.77016        -3107.732514                
Si              64                                                      
     7.686152017        -8.880600641        0.1475077528                
    -4.319535303         4.114455651         3.539168221                
    -5639.353082        -18973.14153        -6016.702216                
Si              65                                                      
     1.638294420        0.7561054617         4.100833152                
    -8.020712638         1.790287606         9.422111294                
    -14636.73071         17309.26714         49042.60173                
Si              66                                                      
    -8.695843638         9.417443322         2.567462113                
     4.806732516         5.375058358        0.8554374226                
    -2221.805058         14051.28033         7874.175352                
Si              67                                                      
    -8.659321331        0.4165936865         2.491614587                
     4.666480074         7.029602123        -2.811094087                
    -27618.95880        -9096.536340         20094.31796                
Si              68                                                      
     1.262528458         9.210977887         4.019247063                
   -0.4443278341        -3.665579613         6.861742650                
     13937.87990         18253.48682         2318.365526                
Si              69                                                      
     3.921211387         1.067506137         2.112561388                
    -2.628494723         4.496432751       -0.1789281435                
     13200.48424        -2585.815109         284.6517854                
Si              70                                                      
    -6.534259436         8.775914771         4.774502975                
    -3.313182541        0.8273048043         6.464311958                
    -8258.982146        -6120.112082        -40127.95496                
Si              71                                                      
    -6.378017490         1.193229161         4.446851205                
   -0.8874238766        -1.028298283       -0.8062277541                
     16015.26579        -11926.73474         35079.66608                
Si              72                                                      
     3.690153530         9.163298308         2.076112948                
     3.709922914       -0.3757605852       -0.4378625536                
     6027.359080        -51331.82368         5057.412547                
Si              73                                                      
     8.654238509        -3.482522200         2.019248539                
    -4.183414031        -6.481075669        -6.025407600                
    -16639.10374        -11186.72132        -5107.626547                
Si              74                                                      
    -1.540205910        -6.803658125         4.486447381                
    0.7614745210         3.147343081        -6.727560983                
     17122.20670        -26816.98141         34510.16600                
Si              75                                                      
    -1.400655766        -3.689169381         4.460324499                
    -2.591773919        -3.323268944        -9.983891782                
    -17253.06150         2879.924325         31772.73471                
Si              76                                                      
     8.695016605        -6.622874753         2.177223506                
    -2.422161442        0.4327778136        -4.082651986                
    -5021.826880        -13125.73090        -13362.36223                
Si              77                                                      
     6.370947541        -2.603256697         4.057216096                
     5.426133874        -1.541447628         5.346651648                
    -39036.75870        -5019.884866        -28726.56102                
Si              78                                                      
    -4.055466577        -7.535099838         2.845910137                
     3.764070527        -3.127022223        0.8650443067                
     4629.275127        -33015.44198         17593.04402                
Si              79                                                      
    -3.851747376        -2.655920776         2.859329658                
     1.091699857         7.996761381       -0.9290467287                
    -4920.314627        -20828.87031        -7839.165339                
Si              80                                                      
     6.292847927        -7.479427287         3.992771330                
   -0.2688096213         9.684590435        -1.677495823                
    -2930.324652        -6712.931198         4506.402587                
Si              81                                                      
     4.449698670         3.522402877        0.2565706905                
    -3.587987386         5.134112907        -2.348082244                
     10709.55135         11448.10526        -19053.96429                
Si              82                                                      
    -5.554293381         6.492320016         6.683918213                
    0.9484883130         13.45453869        -7.110488213                
    -2747.864593         17405.85136        -7674.699417                
Si              83                                                      
    -5.557559596         3.394082432         6.582402007                
    -2.246716689       -0.3616857637       -0.4228733787                
     7505.551306        -43104.01300        -19162.83994                
Si              84                                                      
     4.472534950         6.656585437        0.2144511370                
     4.283139382        -3.072868550         2.952035465                
     17341.92527         3934.008911         17955.27238                
Si              85                                                      
     7.697963256         3.346651803        0.2177730875                
     3.978175474        0.7873864043        -4.762568856                
    -17228.30740         25849.50627        -29600.67196                
Si              86                                                      
    -2.423112223         6.580178591         6.680672452                
     1.920884260         6.858305499         2.826424023                
     21956.37484         42783.60601         2803.390358                
Si              87                                                      
    -2.395379147         3.510273428         6.674941654                
    -2.276586235        0.1059587689        -8.796465368                
     36565.17467        -33585.48548        -7874.424056                
Si              88                                                      
     7.654060363         6.449464400        0.2450091704                
    0.3199144989         4.574027737        -3.121621238                
     3713.214959        -6109.263429        -21033.38849                
Si              89                                                      
     1.447211485        -2.428950113         4.006500010                
    -9.494226308        -1.064030948        -6.572669338                
     28384.81361         1021.250801         50836.63147                
Si              90                                                      
    -8.647097571        -7.530275457         2.558583963                
    -2.419606842        -1.858557976         2.202693673                
    -9240.551696        -8511.832872         6943.323957                
Si              91                                                      
    -8.679894800        -2.743771125         2.464806154                
    -6.823218082         2.959577497         10.24498150                
     1242.457845        -23589.41068        -4112.299849                
Si              92                                                      
     1.487956220        -7.758261664         4.136567247                
    -1.327862906        -2.153838953        -2.285788207                
    -31158.99358        -847.5740765        -1270.781729                
Si              93                                                      
     3.813723516        -3.534256952         2.256245286                
   -0.5572030163       -0.5670849751        -10.32583757                
     12518.04233         1669.548596        -5143.553220                
Si              94                                                      
    -6.521846970        -6.755477383         4.674795094                
     2.960806826         6.644791088         2.736483645                
    -126.0306639         30593.37141         2875.828618                
Si              95                                                      
    -6.471243636        -3.582302748         4.543401911                
     3.825324236        -3.722928190         6.198533880                
     7887.267644        -19967.65956        -4970.994368                
Si              96                                                      
     3.774893106        -6.681694629         2.236030977                
    -6.378626580         1.348185485         11.70296533                
    -15420.01192         16093.80095         18032.33196                
O               97                                                      
     2.757573546        -1.100828174        -3.499380054                
   -0.7932150407        -4.518193135        -8.452224502                
    -9297.324829         15427.80882        -4675.871657                
O               98                                                      
    -7.575344448        -9.082417904        -3.240664071                
    -2.917405557        -2.351741699         7.815777680                
    -15641.57617         5406.730074        -3392.260928                
O               99                                                      
    -7.471884023        -1.207243932        -3.345511479                
     3.473413997        0.2158846872E-02     15.44701469                
    -9530.919166         5090.924486        -5334.304111                
O              100                                                      
     2.671325154        -8.887318109        -3.825212934                
    -5.608951849        0.4934511852        -6.784085397                
    -5068.844434        -14768.69844         22881.74403                
O              101                                                      
     4.191652726        -1.098032313        -1.317190118                
     7.524469478        -1.072672988        -7.034961687                
    -7615.181937        -4231.391248         21483.85509                
O              102                                                      
    -6.011004960        -9.208112433        -5.509196409                
     9.882864168         1.331586586         1.324813929                
    -14962.14228         399.6440510         29273.87159                
O              103                                                      
    -6.091337312       -0.9949592902        -5.709779573                
   -0.8074697654        -4.145401453        -3.292556079                
     737.8543916        -13562.70141         2896.641890                
O              104                                                      
     4.201862451        -8.916375875        -1.413859854                
     3.297654416        -8.283255825        -4.061798237                
    -19015.02643         7133.263857        -3733.798260                
O              105                                                      
     4.143430905        0.9713922939        -6.466549085                
    0.3018823521        -4.722044044         6.994374645                
     3287.074608         15272.64041         12884.23691                
O              106                                                      
    -5.960684060         8.925582967       -0.3638108477                
     17.94567089        -1.118887555         6.647205631                
    -14992.63509        -4038.042025        -14269.51569                
O              107                                                      
    -5.953755255         1.084525385       -0.2419328391                
     9.588809818        -1.967688085         2.484211995                
     19422.57761         8218.267306         2442.757337                
O              108                                                      
     3.984987500         8.677135660        -6.612196362                
     7.387972529        0.5782883146        -9.293874503                
    -5397.177592         10123.07376        -3732.792698                
O              109                                                      
     8.104770651       -0.9364513850        -1.255208125                
     11.14881802         2.990085399        0.1731629471E-01            
     18160.33406         14856.37401        -20255.85676                
O              110                                                      
    -2.100859659        -9.136823981        -5.632190472                
    0.7171837956         5.132409214        -2.818426509                
     4420.154669        -6752.909879         1881.693442                
O              111                                                      
    -1.785198899        -1.063785536        -5.877995653                
     3.158897844        -5.892041950        0.4467651489                
    -2161.941633        -12650.07118        -6474.072331                
O              112                                                      
     7.963153966        -9.218874623        -1.433724318                
    -4.953441758        -7.070466748         8.343561543                
     503.5692841         12320.64431         29588.17128                
O              113                                                      
     7.893197555        -1.191102932        -3.800410888                
     10.40102838       -0.5436183715         6.768967310                
     25487.08994         13799.33903         17479.68726                
O              114                                                      
    -2.485815403        -8.894546531        -3.171011414                
    -8.537087402         3.615764361         1.170385243                
    -13267.65335        -3378.436872         24658.51200                
O              115                                                      
    -2.537527599        -1.239828736        -3.502236214                
    -10.70236071         2.149900837         4.321022129                
     9964.298993         1779.522899         23128.63519                
O              116                                                      
     7.763159683        -9.118026860        -3.998656833                
     14.04752002        0.9557866216         4.233329820                
     3229.519358        -16350.39149         16718.93982                
O              117                                                      
     5.350759563        -1.126355402        -3.570745883                
    -1.954005948       -0.4095831315        -2.831975581                
    -6972.257589         6643.863982         4016.240891                
O              118                                                      
    -5.047546537        -9.045400673        -3.023933082                
     2.718332026         8.512205156        -4.979510215                
    -10502.75270         1153.553413        -11864.89535                
O              119                                                      
    -5.011596383        -1.225360749        -3.359315640                
     1.870435140        -1.103816292         8.513677175                
     19180.42128        -7192.553007         13440.98051                
O              120                                                      
     5.186327569        -8.854822015        -3.823085002                
     2.190824994         1.974478308        0.6067918611                
    -6943.000197        -9789.762562         6793.552071                
O              121                                                      
     2.816455466         3.127173815        -3.466822302                
     4.445778754         2.626525250        -4.192591671                
    -12574.77568        -8435.465287        -19522.16605                
O              122                                                      
    -7.493388418         6.863464658        -3.288284093                
     1.475898738         4.466526685        -1.571956301                
    -6803.595456        -4300.189908         13237.53943                
O              123                                                      
    -7.250403913         3.082010127        -3.265025557                
    -3.800597239        -6.864448320        -4.922821540                
    -29965.08103         17655.07471         3711.414967                
O              124                                                      
     2.713439083         6.983962144        -3.493620347                
    -13.98430362         2.230122261        -7.362419331                
     18962.89278         14365.72500         24708.21639                
O              125                                                      
     3.939670884         3.123982193        -1.189232680                
    -3.405002132         4.975013420         2.919233144                
     10554.32319        -57.62329928        -11236.26412                
O              126                                                      
    -5.955909122         6.970571679        -5.411621018                
    0.4680426997        0.2361119915E-01     1.349905569                
     1936.089869        -13018.52896        -18285.92159                
O              127                                                      
    -5.960434223         2.856003997        -5.580821704                
     3.101010062        -7.829230057         6.080737520                
     7868.161505         23777.96842         14113.07192                
O              128                                                      
     4.174304716         7.136849963        -1.288724613                
     1.896321555        -9.868607029         4.798668093                
    -5201.822893         3855.352261        -764.7117816                
O              129                                                      
     4.152943976        -3.273634238        -6.579613777                
    -7.677360715        -1.808003152         13.42098954                
     6596.576512        -1973.070062        -12358.56761                
O              130                                                      
    -5.959404496        -6.801065434       -0.3025733275                
    -8.615857072       -0.6006016244        -1.599425947                
    -9112.704354        -11620.48990        -2267.370190                
O              131                                                      
    -6.005078780        -3.327352395       -0.4051951520                
    -4.587559270        -8.777017635        -2.861241169                
     9792.028777        -15970.92072        -3536.763784                
O              132                                                      
     4.180028974        -6.817966507        -6.574226281                
     3.521808237        -11.70336037        -1.285680690                
     23224.91766        -2717.526048        -1749.332444                
O              133                                                      
     8.235941616         3.033499020        -1.270610193                
     1.277840452        -6.556875763         5.662223004                
     165.1118120        -7697.233876         12582.63602                
O              134                                                      
    -1.886619221         7.055218375        -5.468311920                
     2.972779355       -0.9274619571       -0.4726444821                
    -4678.080079        -3723.870445        -3692.625580                
O              135                                                      
    -1.778479555         2.969088794        -5.516099175                
     3.333627456        -2.925561182         7.272803454                
    -8409.889434         20235.34264        -11878.56619                
O              136                                                      
     8.141222216         6.854914786        -1.265207390                
    -11.58265280         3.719356576         1.855890371                
    -806.2778965        -8878.237082         18213.49883                
O              137                                                      
     7.887951750         3.194086898        -3.818822238                
     4.270517648         7.656647908         3.629817752                
    -4194.090549        -4166.075662        -3239.524782                
O              138                                                      
    -2.297839452         6.908587506        -2.999145943                
    -3.624545675        -4.079624954       -0.1952386514                
    -8689.232307         11609.84902        -6024.894393                
O              139                                                      
    -2.373632121         3.018809086        -3.096693559                
    -2.227632274        -4.669396029         7.597161765                
     9786.729850         3502.050304         3326.762661                
O              140                                                      
     7.724286860         6.861345638        -3.772287715                
     4.767077869       -0.3076307292        0.6700429757                
    -10680.24724        -5369.265706        -17367.77633                
O              141                                                      
     5.364493001         3.177458366        -3.456500095                
    0.8429526275        -5.966811358        -7.489920235                
    -12244.20392        -7582.129174        -7411.831581                
O              142                                                      
    -4.912630048         6.928775188        -3.066844437                
     2.809475006        -1.245931709        -4.325791789                
    -17189.51177         6700.726993        -15931.28549                
O              143                                                      
    -4.800281330         3.080660110        -3.170482566                
     10.15775919         12.06092504         1.347706985                
    -16556.90863         5084.999787        -14651.36005                
O              144                                                      
     5.176481383         7.115965515        -3.786129031                
    -5.646690601        0.9089279857        -1.292246198                
    -6119.064826         8856.650105         17663.43593                
O              145                                                      
     4.147818279         1.025131018        -2.637891341                
     1.808157702         11.32627166         7.481420621                
    -12611.34704        -16418.66631        -20913.03126                
O              146                                                      
    -6.215819708         9.041742089        -3.924392313                
     7.887626119         12.27206882       -0.8324241213                
    -5873.071780        -8260.939477         4270.429833                
O              147                                                      
    -6.118727110        0.9400054338        -4.029323166                
    -1.353290791         4.451027722         6.075805328                
    -1766.614391        -3981.904835         7865.017098                
O              148                                                      
     3.951674391         9.285177418        -2.841860388                
     4.721705757         7.234189868         2.842156279                
    -7174.130045        -16757.12879        -3395.647722                
O              149                                                      
     8.811053821         1.041691388        -2.717850288                
     1.715082651         6.506870811        -2.107808640                
    -283.9578442        -5879.268361        -8037.769397                
O              150                                                      
    -1.456109893         9.115486447        -4.001559952                
    -11.33346247         4.797570490        -8.438713445                
     1876.630679         10656.87063         4937.516363                
O              151                                                      
    -1.437087615        0.8795130295        -4.200835474                
     3.766213405        -1.153570066         7.907101189                
     11982.20346         16908.68658         5869.108017                
O              152                                                      
     8.647344356         8.827349239        -2.764623715                
     1.185963554         8.690350279        0.8653025662                
     12713.29032         58724.12696        -6678.417463                
O              153                                                      
     2.037178148        -2.619389267        -5.488287434                
     4.577293701        -5.124186476        -3.664892782                
    -25127.63281         24535.51488         22350.09461                
O              154                                                      
    -8.326463480        -7.678144018        -1.291838002                
    0.2833662370        -8.854153935        -4.178440097                
     6926.904025         12605.02125         3546.906324                
O              155                                                      
    -8.201808576        -2.649661009        -1.406497536                
     1.519081375        -6.983395283        -5.610027267                
    -14190.60281        -6612.030447         804.1565591                
O              156                                                      
     1.915938156        -7.577083842        -5.695489710                
     6.369879374         8.912272342        -2.504510336                
    -6859.940302        -7232.039894         10043.55394                
O              157                                                      
     1.957923808       -0.1148796255        -5.692289902                
    -8.105664920         1.974588250         11.32476730                
     560.9947306         6667.750970         12289.42905                
O              158                                                      
    -8.222446472         10.00833468        -1.138744241                
    -10.47709498        -2.799017026        -9.767307401                
     1667.632242         13291.45884        -10873.53142                
O              159                                                      
    -7.976729294       -0.1256416620        -1.221897438                
    -1.662955548        -2.589372370        -1.047252872                
    -9566.855293         13751.16982         11903.10297                
O              160                                                      
     1.675383662        -10.06621202        -5.835616884                
     10.86785642        -1.067916637        -8.731649731                
     26548.13427        -30301.41209        -6271.057589                
O              161                                                      
     2.083030366         2.449757137        -5.747750271                
    -1.622381068        -2.185420035        -2.333234454                
    -784.8771895        -274.2919116         21158.37955                
O              162                                                      
    -8.133230154         7.519103538        -1.043938520                
    -4.265517821        -4.820691828         2.756482150                
     11877.85311         4674.298934        -4115.917778                
O              163                                                      
    -7.929527865         2.438913743        -1.092478644                
    -1.966272586         4.500555588        -1.002736970                
    -13817.25558        -6694.483515         3228.110317                
O              164                                                      
     1.946197261         7.539027904        -5.706976433                
     3.823741587        -1.564406687        -7.864298314                
    -5998.320550         3421.828772        -2385.675391                
O              165                                                      
     6.315561281        -2.508086371        -5.510690302                
     6.095451549         3.116495985         7.767187221                
     6919.633858        -11934.26352        -17678.72770                
O              166                                                      
    -3.765513328        -7.538420884        -1.229826369                
     5.231469714         10.11942450        -2.696870770                
    -9337.436537         5980.349730         9398.035111                
O              167                                                      
    -3.857101806        -2.519056838        -1.359640183                
    0.3322845064E-01     11.49431120        -11.03600902                
     14745.38646        -834.1278117        -9183.727905                
O              168                                                      
     6.387690532        -7.700002919        -5.740400916                
    -1.567267336         13.76604679         5.009040627                
    -2455.289584         4108.849239         2623.883436                
O              169                                                      
     6.311234760        0.3558608890E-01    -5.423530991                
    -3.515026039        -1.057679559        -9.088193159                
     3749.949523         6696.748837        -20697.95221                
O              170                                                      
    -3.847801183        -9.955818355        -1.142592369                
    -2.843385072        -3.991229064         8.832875389                
    -4227.761659        -34064.86427         9573.363005                
O              171                                                      
    -3.918973396       -0.2602255851E-01    -1.386242702                
    -9.445062113        -1.571897472        0.7274521737                
     7501.342666        -11215.20215        -1584.264119                
O              172                                                      
     6.097262353         9.909602094        -5.766360142                
     6.424361185        -8.431556818        -2.148736260                
     2361.443330        -2073.780360         2020.192962                
O              173                                                      
     6.143710607         2.530364198        -5.685959784                
     1.493060872        -1.495161380        -8.454601511                
    -1839.042188        -949.7618098        -3644.296485                
O              174                                                      
    -3.802314675         7.580502902        -1.049486830                
     8.277534276         6.579781766         1.029968828                
    -12213.07548         24482.98285         3745.296272                
O              175                                                      
    -3.805548412         2.481133353        -1.029173056                
    -3.899819299        -5.085980216        -1.552917309                
    -15450.88500        -20394.81207         17893.40141                
O              176                                                      
     6.188180515         7.395350468        -5.942970881                
     2.968537564         3.110939489         2.833568917                
     5540.829701         12948.81933        -16837.56410                
O              177                                                      
    -10.02713361       -0.9930534286        -2.519081206                
    -2.812199294        -2.045592307        0.7130877083                
     18844.89973        -4920.612074         5568.908741                
O              178                                                      
   -0.9889271171E-02    -9.029644677        -4.365002292                
    0.8760190565        -6.632650426         3.013335819                
     25509.40073         8147.554141         12626.04416                
O              179                                                      
    0.1432347094        -1.030176264        -4.253439046                
     6.643531725         2.289138265        -2.085123393                
     7513.061071        -11933.50413         1098.484516                
O              180                                                      
     10.14450188        -9.126692918        -2.464741204                
     2.895583112        -9.756671694         5.417041463                
    -11666.39158        -7634.827144        -20043.58398                
O              181                                                      
    -9.960269214         3.066277469        -2.572590804                
     12.68001223         3.917958035       -0.4845633894                
     3532.632608        -5650.491006        -14594.56867                
O              182                                                      
    0.1577493603         7.025967214        -4.020910550                
     1.393943490        -5.797346069         12.59758211                
     7366.409027        -5717.846091        -4755.368696                
O              183                                                      
    0.2396658694         2.946086746        -4.032493031                
   -0.8790622234        -1.853021154        -2.796185564                
    -5318.362944         822.2784531        -3600.375900                
O              184                                                      
    -10.06474775         6.833752492        -2.591882249                
    -3.371793207         3.799551704        -1.945349692                
     3083.581953        -975.8515131        -3566.187001                
O              185                                                      
     1.721611790         4.976969832        -4.786019530                
    -4.266304859        -6.145442101        -3.484736151                
    -12126.90468         5923.156165         8899.380709                
O              186                                                      
    -8.505140505         4.911401344        -1.870697856                
     4.212657188         5.469537342        -8.374911375                
     5668.127532         30761.58376        -14241.71006                
O              187                                                      
     6.441598996         5.040230179        -4.871843705                
     5.590431758         1.576486332         9.546959815                
    -6092.691426         14276.28678        -1021.284830                
O              188                                                      
    -3.559478020         5.002053825        -1.959548478                
    -6.557049434        -3.564333042        0.9958150860                
    -14895.11632         15161.32582        -9724.507398                
O              189                                                      
     5.959613063        -5.052767172        -6.361701279                
    -6.680874161         13.81632378        -3.639397964                
     2321.960858         5814.953679         3289.601352                
O              190                                                      
    -4.134538598        -5.065071751       -0.3088950740                
    0.5724374672        -7.410356577         3.320968303                
    -1353.405969         3805.693857         2596.254184                
O              191                                                      
     2.468500929        -5.020824048        -6.654092112                
     12.26492456        -4.729108149        -8.891542517                
    -3761.931925        -15611.96893        -3062.636139                
O              192                                                      
    -7.696543914        -5.206818157       -0.4765409946                
     10.39295363        -10.89697380         4.897530481                
    -14974.46301        -2576.162327        -20847.86128                
O              193                                                      
     7.581701248         1.011654065         3.382194387                
     9.635658174         2.125881626         1.743783414                
    -6126.222518         4737.625071         10860.12150                
O              194                                                      
    -2.835029275         8.897166799         3.405794225                
    -6.761869174        -7.178596254        -4.219566703                
     12889.89148        -10329.01527         24234.01901                
O              195                                                      
    -2.414834847        0.9231559694         3.494203427                
     8.079403740        -9.926962273         1.497767794                
    -21339.43820         14315.25440        -4533.362054                
O              196                                                      
     7.437391667         8.855952378         3.171799633                
    -14.59828305         2.238700299        -1.402103007                
     5061.107401         13517.57642        -5019.882159                
O              197                                                      
     6.139567953         1.148951689         5.649397689                
    -2.670963954        -7.044057465        -5.948758682                
     4930.731806        -10270.85079         828.2958747                
O              198                                                      
    -4.152592055         9.058536704         1.163573217                
    0.3744689946        -10.64122246        -12.10371430                
     357.4368683         5921.003154         35828.00005                
O              199                                                      
    -3.856069000        0.8007644546         1.205313963                
   -0.6614636756        -4.636752341        0.5374166862                
    -9690.431932         13840.80744        -15921.50227                
O              200                                                      
     5.929134583         8.883243280         5.401980425                
    -11.89063722         16.42969033        -5.854241829                
     8702.942183        -7120.057991         10918.76681                
O              201                                                      
     6.141126407        -1.173648730        0.3241875940                
    -1.273886071        -8.500138273        -2.474082554                
     12149.98660         2683.278989        -3650.111989                
O              202                                                      
    -4.148872806        -8.919046192         6.401467803                
    -4.639191889         2.917412654        -2.666540655                
    -8020.741856        -9404.170630         9593.496046                
O              203                                                      
    -4.036108848        -1.289121685         6.469515964                
   -0.6021347251E-01     7.017532603        -5.568040596                
     8544.582602        -11125.80185        -11511.05381                
O              204                                                      
     6.096571561        -8.838149217        0.2808168326                
    -1.983268443        -5.618893700        -3.027164607                
    -294.6322413        -414.8075632        -6486.277923                
O              205                                                      
     2.178824039         1.193143765         5.575394748                
    -3.367255483         11.99559349       -0.5280172970                
    -8999.991495        -12915.62068        -15755.58813                
O              206                                                      
    -8.119103230         8.839501552         1.222133300                
     2.698945206        -5.434804095        -9.052976607                
     15127.93516         11546.61558        -22585.96015                
O              207                                                      
    -8.081519225        0.8171188461         1.112511335                
    -3.670370834         1.834517033        -2.305072477                
    -2389.793864         7623.490877        -2816.592581                
O              208                                                      
     1.753644628         8.916861711         5.527244412                
     5.775818945        -5.089401822        0.4132093929                
     2572.055719        -11223.56308        -11801.15779                
O              209                                                      
     2.651972614         1.106022791         3.035304833                
     3.310727245        -5.761300138         8.486854842                
     5877.346367         8125.547816        -24878.73695                
O              210                                                      
    -7.864974689         9.021248099         3.861464302                
    -1.786024522        -2.962134599         1.520144656                
     17015.39805        -5865.613742         8449.435035                
O              211                                                      
    -7.673614339         1.017214147         3.598357808                
     7.453836554        -2.789706998        0.1139637168                
    -6713.408968        -5939.113781        -8009.848523                
O              212                                                      
     2.388583513         8.940647957         2.928503496                
     4.323236003        0.1223248445        -5.426237508                
    -9821.432079         8120.832354         5404.718106                
O              213                                                      
     5.116518604        0.8928485146         3.208216567                
    -3.732345884        -8.291372857        -1.240046758                
    -24118.28084         18332.53315        -22968.01034                
O              214                                                      
    -5.403047450         8.926063275         3.573160253                
    -1.358736193         4.827545419        0.9981372991                
    -13931.12982        -1572.258493         22663.76320                
O              215                                                      
    -5.143614264        0.9899000967         3.476915509                
     6.375480301        -3.995558986        -5.605217744                
     14160.01880         3941.767611        -10789.62702                
O              216                                                      
     4.904152980         9.307183786         3.098044075                
    0.1512912642         4.687955135        -1.667695579                
    -17303.47051        -4643.467818        -7852.951194                
O              217                                                      
     7.529143996        -3.025973647         3.048652286                
    -2.981627692        -5.976660245        -6.801110775                
     908.1601550         6268.762793         18340.59458                
O              218                                                      
    -2.697834945        -7.204472713         3.555063377                
    -13.18745843         5.185881358         9.675472133                
    -3066.417204         18054.28233        -13450.97586                
O              219                                                      
    -2.517575667        -3.230967459         3.461671308                
    -12.18250754        -6.562434073         13.77772978                
     3510.024004        -8989.919844        -15166.80671                
O              220                                                      
     7.592565375        -7.010303461         3.247836464                
    -1.174817407       -0.6275468354        -2.218360739                
     4568.728243        -4705.498180        -8149.497064                
O              221                                                      
     6.207904986        -3.218476512         5.512026103                
    -2.682750384        -3.793577314        0.1655696972                
     12155.52104         14263.70624        -12302.65694                
O              222                                                      
    -4.086776178        -7.049344846         1.368517484                
    -6.114598533         1.652036273         5.488518836                
    -2083.546593         4253.175732         4253.066629                
O              223                                                      
    -4.042683671        -3.045497490         1.325824681                
    0.6303635905         3.225265149       -0.7153400707                
    -4811.658203        -9717.920631        -24443.67067                
O              224                                                      
     6.120625163        -6.819737630         5.437195806                
    0.6497852573         12.19311233         2.130761763                
     1832.835429        -13603.38593        -5288.508956                
O              225                                                      
     6.084450515         3.384422818        0.1804618460                
    -4.474932517        -8.220189694        0.8141106817                
    -9245.627030        -10420.89149         11713.59639                
O              226                                                      
    -3.967737445         6.745922206         6.573844145                
    -2.210449207         1.971402558        -8.193462287                
    -28276.42117        -13473.35270         7680.622082                
O              227                                                      
    -3.904874240         3.304395422         6.496762683                
     4.032966125        -6.461018857         5.351420339                
    -38866.03336         12331.43755         11201.21469                
O              228                                                      
     6.103490415         6.671253609        0.3215093325                
    -3.058928712         7.747707823         1.275942074                
    -16942.75774         1541.294896        -2856.619439                
O              229                                                      
     1.980265854        -2.830093376         5.580157844                
    -1.635339849        -13.40181670        -2.226673863                
    -8628.130116         5451.303536        -42245.87550                
O              230                                                      
    -8.007601764        -7.066009794         1.233436770                
     2.457870558         6.899093872         3.716494728                
     8068.139048         3242.114679        -34526.04753                
O              231                                                      
    -8.042149195        -3.311283617         1.027906048                
    -3.319561603        0.8428943708        -8.463203283                
    -22204.38910         22742.53145         37283.14199                
O              232                                                      
     2.035986017        -7.175787354         5.497174089                
    -2.651107635         4.417553628         6.897261500                
     13841.04844        -5383.485857        -1219.116820                
O              233                                                      
     2.495651385        -3.023394120         2.970354435                
     4.390471025        -14.47086231        -4.655050489                
    -19354.70683         6520.999886        -173.3077996                
O              234                                                      
    -7.776989854        -7.076617501         3.798202603                
     8.348887203         1.246029365        -4.734324467                
    -5734.372344        -9078.238285        -3513.013050                
O              235                                                      
    -7.740995852        -3.238791937         3.681645278                
     4.225514467        -9.667317773         12.70110997                
    -2768.687206         11363.76350        -24942.70925                
O              236                                                      
     2.415880662        -7.117138475         3.045333470                
    -3.333059362         12.31751066         6.232983481                
     23148.14778        -8131.174638        -10911.46443                
O              237                                                      
     4.975525860        -3.098736410         3.203168160                
    -3.056571642         9.091329078        -7.815290892                
     32287.17433         7189.952533         21937.37611                
O              238                                                      
    -5.310556550        -7.115988102         3.710397793                
    -1.322747772         6.206156101        -3.538029560                
     2939.783618         7930.137696        -3380.385246                
O              239                                                      
    -5.054616238        -3.311105659         3.763730041                
    -13.90530040        0.1495650645        -3.351608161                
    -6876.616554         18755.71337        -13185.23912                
O              240                                                      
     5.039755027        -7.067121969         3.094740598                
     10.42343019        -1.792521859         5.606750665                
     639.3882705        -1672.460865         11288.82421                
O              241                                                      
     6.287309580       -0.9969658853         4.213775904                
     1.543782119        -1.907692271         15.55519900                
     11892.33178        -22266.01795         6869.880776                
O              242                                                      
    -4.054815170        -9.133078508         2.867578318                
    -4.106111162        -3.981216563        -4.027877345                
    -14964.99472        -13654.00539        -7945.948592                
O              243                                                      
    -3.762060599        -1.088048453         2.869083218                
     3.017495882        -1.597381673        -5.784683621                
    -14566.16270         923.8282937         7207.227373                
O              244                                                      
     6.305365313        -9.086766908         4.082838574                
     9.468149752         2.334593234         3.072798985                
     520.3208067        -9069.459934         4936.484720                
O              245                                                      
     1.636018365       -0.8036355842         4.006046810                
     5.342565508        -11.48569968         3.913294798                
    -23515.39072        -31548.10071        -11704.03974                
O              246                                                      
    -8.702444892        -9.122769001         2.443905833                
    -7.965634050        -1.186782187       -0.8987381754                
     9169.701401        -12022.37851         10612.45217                
O              247                                                      
    -8.793268886        -1.182698934         2.561239333                
    -4.572458266        -2.003935244        -3.829613308                
     23516.69416         9179.471010        -4312.594384                
O              248                                                      
     1.323771031        -9.346656397         4.033868019                
    -3.162435494         3.857615711         2.042649321                
     14201.53932        -726.5174984        -2654.116368                
O              249                                                      
     8.282472979         2.443903999         1.324535806                
     1.405713397        -4.876251575         8.286524051                
     2855.987028        -3633.865888         9809.470298                
O              250                                                      
    -1.872465405         7.584040309         5.582823015                
     2.857109163        -8.422845075         7.908801390                
     3418.436157        -9786.819215        -8923.125941                
O              251                                                      
    -1.774708336         2.465792637         5.612666063                
    -3.656769201         4.959140596        -1.454626258                
    -1376.905452        -2529.378994        -9140.186229                
O              252                                                      
     8.354500153         7.452596260         1.214021798                
     2.286643582        -9.016444272         2.864960169                
     6809.456851         7930.497352         6321.708050                
O              253                                                      
     8.283955369        0.5053376696E-01     1.144716650                
     9.366340966         11.46496696         2.295918878                
    -4292.415293         435.8004248         3887.792566                
O              254                                                      
    -2.153835914         9.959376350         5.543562255                
    -4.985784923         1.624516545         2.769287484                
     13054.00100         10953.84947        -415.0368663                
O              255                                                      
    -1.862792253       -0.1942906047         5.527892120                
     8.114947769        -8.144163727         5.931381091                
     11840.37447         37011.53023        -24684.80728                
O              256                                                      
     8.265815735         9.996195203        0.9784369330                
    -12.58174471        -3.869778211        -8.995716908                
    -1855.831050         9675.144606         3391.928256                
O              257                                                      
     8.290454461        -2.566470797        0.7684326143                
     10.50875348         7.267570543         9.060207054                
     1147.308400         18121.62738         8401.502016                
O              258                                                      
    -2.084779278        -7.652213996         5.800427096                
     2.470195415         4.571609906        -3.015137786                
     25954.29980         12840.51466        -23562.90910                
O              259                                                      
    -1.990509640        -2.719462907         5.592241661                
    -9.067474945         1.077929665         10.03528241                
     2020.976253         7739.351218         11774.67356                
O              260                                                      
     8.254846138        -7.582294927        0.8306106666                
     1.747883763        -5.849023724        -8.764050342                
     8993.643616         10487.88613         24390.02828                
O              261                                                      
     3.978132012         2.348747339         1.178196255                
    -2.888899323        0.2066952789       -0.3897051208                
     6827.486283         3051.167389         19982.05064                
O              262                                                      
    -6.251015409         7.454262178         5.601512930                
    -4.729151310        0.5300745325         5.192771659                
    -103.9929759         1857.950972         9126.940837                
O              263                                                      
    -6.140355868         2.420183513         5.434892221                
   -0.7688764256        0.9729078107        -3.599868546                
    -1192.111780         15956.46415        -2484.996857                
O              264                                                      
     3.931807925         7.734819719         1.263594847                
    0.4822183699        -5.877550268        -6.056390799                
    -312.3365155         16438.06282        -11212.62861                
O              265                                                      
     4.101957926       -0.1699189735         1.133720726                
     7.778346157         1.897953215        -5.142347137                
    -20192.89246         14316.16668         12570.66030                
O              266                                                      
    -6.254721219         9.982000420         5.726449909                
    -12.83456518       -0.7392659903        -2.548092537                
    -7471.735355        -21463.32115        -4114.710622                
O              267                                                      
    -6.085432711       -0.5984313733E-01     5.451328743                
     4.741856721        -2.560636470        0.6437537367                
     254.3549815        -3481.982614        -7974.339680                
O              268                                                      
     3.844923492        -9.844676051         1.086208073                
     2.241232044        -5.963563847       -0.9585439154                
    -1407.922855         2395.280045        -17434.32061                
O              269                                                      
     4.185927776        -2.697368184        0.9331133933                
     4.522813181       -0.5952335366        -16.80984382                
    -19339.22930         3861.264439         3425.353655                
O              270                                                      
    -6.304856651        -7.724625889         5.883762515                
     3.143513460         10.22991547        -4.855719155                
    -4374.192090         882.4181978         3313.864000                
O              271                                                      
    -6.269091515        -2.544406700         5.663550063                
     3.326633538         7.847751679        -2.244489866                
     13425.12633         9574.790808         16030.44429                
O              272                                                      
     4.052907627        -7.516787024        0.9686410956                
     4.963578733         6.361915204        0.2212950171E-02            
    -11625.29027         7898.296393        -15851.85515                
O              273                                                      
    0.1011678902         1.219987614         4.297023135                
     2.455934651         3.596961135        -4.944189015                
     4059.392005        -14045.23728        -12891.19460                
O              274                                                      
     10.10955431         9.043520364         2.586329866                
    -3.930355080         3.479408191         7.517226821                
    -25426.33467        -9961.408528        -12611.45376                
O              275                                                      
     10.12987533        0.8532405919         2.553910838                
    -2.178761752         1.784783261         1.852787437                
    -1969.883394         21267.16597         2083.895248                
O              276                                                      
   -0.2299275867         8.800843821         3.925704900                
     4.405303490        -11.05519497        -2.288725050                
    -13839.23065        -345.2686218         15890.86645                
O              277                                                      
    0.3824517321E-01    -3.151446618         4.176196531                
    0.2829447649E-01     3.266625116        -1.069662874                
     9425.005708         10109.83102        -25330.85813                
O              278                                                      
    -10.13915190        -7.009653971         2.511048806                
    -5.700414745         6.034240589         7.921556356                
    -3840.928837        -4204.331800         523.4990164                
O              279                                                      
     10.12508918        -3.203889970         2.390079284                
     14.17086547        -4.575427908         9.786178594                
     17577.56515         8171.839324         3169.418941                
O              280                                                      
   -0.5235287163E-01    -7.334370400         4.095017869                
     10.69382785         2.650635247       -0.6003054253                
    -16114.81965         15510.70543         5316.351001                
O              281                                                      
     8.648595554        -5.076093136         2.067684085                
     8.358511180        -2.429627753        -4.310207752                
    -8010.982835         7523.429363        -18085.79225                
O              282                                                      
    -1.477472555        -5.266575186         4.720021372                
     2.609550701        -5.853525407         3.165603860                
     6850.888796         16440.71223        -18423.02887                
O              283                                                      
     3.727321447        -5.102378551         2.133304907                
     2.837777665         1.954947924         2.025903799                
     271.6501966        -3513.374915        -7385.508607                
O              284                                                      
    -6.558420764        -5.117030806         4.837195534                
    -3.380875459        -3.320859422         11.57870742                
     5853.766364        -25383.65059         5127.575052                
O              285                                                      
     4.210896232         5.113611656        0.4817222446                
     5.013114680         3.076788551         5.992185126                
    -4194.401239        -12840.36937        -6008.541785                
O              286                                                      
    -5.788148167         4.932245342         6.491832797                
   -0.8177324261E-01    -1.628714568         3.026380963                
     1624.503262         13989.02526         7131.821274                
O              287                                                      
     7.920837054         4.894365185        0.4364383588                
     2.181831225         1.016025810        0.8176314703E-01            
     5512.514667         8511.856185         2237.496062                
O              288                                                      
    -2.176226088         5.079420606         6.530476127                
     4.202054447         3.979612830        -4.337078630                
    -140.9663397        -25251.72749         3297.552678                
C              289                                                      
   -0.1965097712E-01     6.813900506         1.018275708                
    -1.722755766        -1.588365949         2.932740776                
     95.08757574        -108.7088319        -172.4039794                
C              290                                                      
    0.8733958572         6.382791028        0.3008254457E-01            
    0.8372365703        -1.329870972         5.133477938                
   -0.4797806314         36.54687607        -59.29808200                
C              291                                                      
    0.8925022672         5.037654819       -0.3575300457                
    0.2788707917       -0.7884576529         3.227082107                
    -140.9309982         72.61918602         16.79254322                
C              292                                                      
    0.1856184298E-01     4.123628085        0.2430505269                
    -2.839487323       -0.5055393098       -0.8800508865                
     45.80275815        -37.06224617         35.17328504                
C              293                                                      
   -0.8744849922         4.554737565         1.231243691                
    -5.399479662       -0.7640342874        -3.080788049                
     55.12318349        -49.23876507         64.02117119                
C              294                                                      
   -0.8935914021         5.899873774         1.618856281                
    -4.841113883        -1.305447607        -1.174392219                
     62.99398235        -129.4835804         27.02612335                
H              295                                                      
   -0.3439020782E-01     7.851577012         1.317291135                
    -1.292016451        -2.006027654         4.403388990                
    -247.9071019        -120.4717500        -81.66364739                
H              296                                                      
     1.547593045         7.087901348       -0.4332355737                
     3.242873954        -1.548122467         8.301889706                
    -699.1660133        -77.19100847         30.84878774                
H              297                                                      
     1.581438687         4.705088633        -1.119863592                
     2.253768863       -0.5890474431         4.924845664                
    -26.13508133        -123.4177032        -19.67659595                
H              298                                                      
    0.3330107350E-01     3.085951581       -0.5596489995E-01            
    -3.270226638       -0.8787760601E-01    -2.350699099                
     2.547722065         65.42583211        -25.40602397                
H              299                                                      
    -1.548682180         3.849627244         1.694561809                
    -7.805117044       -0.5457827925        -6.249199816                
    -4.561465688         24.68277363        -123.1622802                
H              300                                                      
    -1.582527821         6.232439958         2.381189827                
    -6.816011953        -1.504857816        -2.872155775                
    -6.892904600         56.56033244        -228.4113390                
