Diffusion in Zeolites. ZSM5 (Silicate) Crystal Structure, Si(96)O(192) +
         2         2       300    133340   1.0000000E-03   1.3334000E+02
       20.3183600000        0.0000000000        0.0000000000            
        0.0000000000       20.1714600000        0.0000000000            
        0.0000000000        0.0000000000       13.5858629500            
Si               1                                                      
     1.660037969        -1.266798631        -4.647329806                
     4.428111601         3.922627254        -5.087788950                
    -14475.07742        -14069.35742         18.85514080                
Si               2                                                      
    -8.610790488        -8.821828156        -2.327333290                
    0.4532897048        -5.624863466        -4.080621087                
     24264.75370         10281.16877         2015.108361                
Si               3                                                      
    -8.482472795        -1.233318100        -2.298893268                
   -0.6307016417        -1.918645896         4.795938008                
     17907.60679         11565.73969        -15128.26159                
Si               4                                                      
     1.572702501        -8.959768003        -4.549371077                
     3.125524948        -5.667626203         1.384161158                
     26860.07260         7430.808869         18272.32982                
Si               5                                                      
     3.932095555       -0.6746764572        -2.691060470                
    -2.776781017        -4.373608660        -6.934875579                
     15330.06146         10348.08202         10708.31270                
Si               6                                                      
    -6.217665406        -9.529081418        -4.199687578                
   -0.9747584399        0.2073253988         3.640227231                
     7790.945278        -18846.98133         14243.39859                
Si               7                                                      
    -6.224700853       -0.5516745258        -4.359055156                
    0.6655959920        0.5917639707         4.489976857                
    -11572.83789         23786.46122         5328.943018                
Si               8                                                      
     3.910016082        -9.537675708        -2.547177530                
     2.013008213        0.4803786462        0.2752230758                
    -9475.698344         4061.058272        -1629.305096                
Si               9                                                      
     5.738300329         1.199530788        -6.398540698                
   -0.2678079288         4.181171853        -1.012931123                
     2709.845227         6950.529703         5065.070012                
Si              10                                                      
    -4.478729508         8.840491240       -0.4505607933                
    0.5461193759         1.141061067         2.386530877                
     27711.99602        -2366.792187         892.2951933                
Si              11                                                      
    -4.420621441         1.223162680       -0.3543770427                
    0.3499656725         8.062340938        -6.178925158                
     993.0506522        -2170.610636        -5091.084311                
Si              12                                                      
     5.671450607         8.748942950        -6.352161911                
    -3.327816456         2.448067865       -0.5491555601                
    -25118.49725        -3510.965581        -10673.56018                
Si              13                                                      
     2.553871347         1.182226056        -6.474873902                
    -4.878910649         2.490055702         4.471829001                
     3188.067970        -7853.098276         6072.705895                
Si              14                                                      
    -7.648102089         8.954709346       -0.3915118542                
    -6.341016163        -4.877875887        -2.184989470                
    -9001.210308         6358.050026        -5579.305365                
Si              15                                                      
    -7.595441290         1.192973621       -0.3993319583                
   -0.2320254940         3.039937015        -1.397825016                
    -424.2963499         11245.75777        -16342.26921                
Si              16                                                      
     2.438123965         8.862706335        -6.468160678                
    -2.876285611        0.2812664214        -1.154838968                
     19598.90333        -26885.41281         7955.604722                
Si              17                                                      
     8.807703523       -0.7107378869        -2.583543478                
     4.019682820         1.771248247         1.882353618                
     22689.97859         23319.74003        -2720.660336                
Si              18                                                      
    -1.435443491        -9.532548195        -4.270848788                
   -0.3878146755        -6.928088852        0.5357811677                
    -10948.12709         13070.50668         7107.246999                
Si              19                                                      
    -1.441633510       -0.6955675592        -4.347224954                
    -2.584152414        -2.750235042         4.599935092                
     662.7026986        -4102.620942        -2789.958157                
Si              20                                                      
     8.745634001        -9.517453153        -2.514068141                
    -7.243174105       -0.4366297727         2.530175307                
    -18879.14469         19483.40438        -13537.48573                
Si              21                                                      
     6.468872495        -1.231801538        -4.519344885                
     2.055026115        -2.425940542        0.2807443580                
    -3400.618088        -389.1641462        -800.3845006                
Si              22                                                      
    -3.757831588        -8.927115364        -2.306811339                
    -1.453542826         1.801863256        -1.228591087                
     15663.70075         9730.368872        -9665.305697                
Si              23                                                      
    -3.797370341        -1.097804819        -2.399246879                
     1.689874541        -8.479463456         1.497647285                
    -6780.440515        -22767.21400         3270.827577                
Si              24                                                      
     6.354803946        -8.966048274        -4.479092373                
   -0.3611153553         5.266588144         1.266662304                
     339.3652703        -8760.401729         24890.45524                
Si              25                                                      
     1.538817402         3.442692003        -4.551392838                
     2.413618811        -1.778737555         5.456444235                
     6285.545466        -17187.01028         5321.486324                
Si              26                                                      
    -8.576418740         6.590755873        -2.217830988                
    0.3580901547         5.861223940         7.634505598                
     15420.40745         2018.677400        -21637.66781                
Si              27                                                      
    -8.577079897         3.478365948        -2.360430210                
    -3.566457344        0.8701655825         1.541616602                
    -2777.032121        -16338.34726        -13629.35048                
Si              28                                                      
     1.621540744         6.519150528        -4.467913055                
   -0.5668109873        -2.407301593        -7.951643161                
     8531.154189         27266.44655         4712.131982                
Si              29                                                      
     3.840689980         2.542052660        -2.643013318                
     3.551266685        -3.475654477         2.724962592                
    -2317.710387        -14078.79443         5750.875057                
Si              30                                                      
    -6.175423756         7.423963955        -4.145835742                
     1.826081405        -1.147172967        0.2244814981                
    -14311.33785        -18552.43596         3669.475554                
Si              31                                                      
    -6.216875320         2.653773879        -4.268494213                
     3.881033098         2.145425394        -2.745026218                
    -10532.16404        -2196.949562         14741.85027                
Si              32                                                      
     3.892823041         7.428740465        -2.514780975                
    -2.099148043         3.229715404        0.2653230684                
    -13678.84762         7380.444778         2016.227526                
Si              33                                                      
     5.699620611        -3.552169270        -6.465437964                
     3.595220498        0.8865627879         2.305326314                
    -4015.782369         12835.27601        -1636.437271                
Si              34                                                      
    -4.382985699        -6.547631385       -0.4458434021                
    -2.544572271         1.207324159        -4.016436605                
     14146.03094         5151.698314         10025.43253                
Si              35                                                      
    -4.371395239        -3.527605361       -0.4351066142                
     2.107430488       -0.9028705941         2.050156128                
     15075.56476         3664.388019        -24535.22805                
Si              36                                                      
     5.822492270        -6.649283689        -6.428365409                
    0.8795427946E-01    -2.139734472        -1.131406678                
    -32268.64570         15418.47356         1785.001959                
Si              37                                                      
     2.564327653        -3.547972905        -6.564384868                
     5.212948481        -6.800360108       -0.9578287982                
    -5157.613881        -19270.48067         1349.552035                
Si              38                                                      
    -7.564761934        -6.580330925       -0.4130863117                
     2.281580405        -8.675719033        -1.913522650                
    -9430.355820         16292.88552        -15727.41991                
Si              39                                                      
    -7.520567118        -3.459566192       -0.3105217718                
    -5.312061303         1.152078756        0.5605319182                
    -5222.353800         3889.439869        -1015.837646                
Si              40                                                      
     2.544179663        -6.710615451        -6.477956588                
    0.6648350208        -2.153868672        -1.364144643                
     15125.71000         16532.43660         7615.902183                
Si              41                                                      
     8.726423903         2.526001098        -2.574505368                
    -6.258300358         4.262101209        -1.375229854                
    -4360.455154        -13833.43572        -15452.40930                
Si              42                                                      
    -1.367822317         7.481269378        -4.283102177                
   -0.5260324618        -1.108760404        0.5725727372                
     12628.83610        -9135.544562        -4674.677282                
Si              43                                                      
    -1.474447207         2.506534641        -4.317196575                
    -1.035987774        -1.805994165        -2.353762273                
     11617.87271        -8469.468700        -26535.28850                
Si              44                                                      
     8.831604071         7.469866403        -2.522378505                
     1.737832489       -0.3198312888        -3.014530279                
    -55691.18676         29108.27150        -9008.307916                
Si              45                                                      
     6.301093243         3.458689428        -4.363590107                
    -2.054257376         1.364649976         3.362909854                
     32028.22298         3766.380287        -1815.083579                
Si              46                                                      
    -3.663464746         6.561800933        -2.400634864                
   -0.7237752487        -1.305909184        -4.574232577                
    -1824.783256        -6461.352999         12390.45215                
Si              47                                                      
    -3.755919875         3.425468839        -2.372393679                
   -0.7101286284         2.709327998         1.958206793                
    -8588.624730         9627.522713         3111.933170                
Si              48                                                      
     6.354053655         6.572644538        -4.305710136                
   -0.6804960108         2.399508495         2.588496769                
     20080.72554        -715.9682238        -4929.658570                
Si              49                                                      
     8.655905788         1.134706615         2.131644885                
     1.776312905        -2.448809416        -1.882369294                
    -22832.30582         22348.87460        -688.7270317                
Si              50                                                      
    -1.609236780         8.898435489         4.529952086                
     3.361362045         6.701993717        0.6979860094                
    -4264.583750        -8941.868007         24943.46234                
Si              51                                                      
    -1.521812460         1.130178505         4.585386340                
    -1.558622400         4.112877929       -0.6057299230                
     2884.240341         8071.545320        -17675.63042                
Si              52                                                      
     8.517594862         8.784049457         2.328210051                
   -0.4939120649         4.874734838        0.5977280937                
     6026.090997         438.4696643        -18842.03069                
Si              53                                                      
     6.331480736        0.6241994148         4.159484533                
     4.127174358         3.615053213         2.309562347                
    -2610.248552         23429.17072         11409.05756                
Si              54                                                      
    -3.907267563         9.375435784         2.604423624                
    -6.648697859       -0.8012916615         5.953446243                
    -22436.32649         6784.834330        -25843.61299                
Si              55                                                      
    -3.867353255        0.4325236435         2.616911471                
    0.8121639122         3.539033762        0.6104545490                
    -4356.018705        -10731.70579         4757.876490                
Si              56                                                      
     6.281961311         9.399812203         4.280480626                
    0.9551793376E-01    -1.620464000         3.180403021                
    -423.4938919        -6853.724498        -15205.77419                
Si              57                                                      
     4.570280041        -1.292590433        0.3208205172                
     1.754685209        0.9084364539         2.794799319                
    -1800.081158         3927.500232         7818.216846                
Si              58                                                      
    -5.758732672        -8.836640241         6.340415633                
     3.189426714        -3.126182182        -2.323803958                
     14546.16720        -7343.537307         30271.49041                
Si              59                                                      
    -5.664092259        -1.315344983         6.289704272                
    -4.905758991        -2.455634013        0.5388625202                
    -7257.982981         6828.638398        -8129.793935                
Si              60                                                      
     4.582305071        -8.908947124        0.4696674549                
    -4.281897433        -1.669586101       -0.5673220656                
    -14155.10772         13205.84161        -25132.34456                
Si              61                                                      
     7.753092614        -1.315308709        0.3195070987                
    -1.913240367        -4.854042968         1.475535163                
     7661.311250        -2214.267690         15192.98009                
Si              62                                                      
    -2.537106203        -8.892150132         6.447756734                
    0.2968310005         4.390121976         3.861816158                
    -12012.49696        -9584.979903        -19606.85362                
Si              63                                                      
    -2.509295068        -1.261871615         6.388659015                
   -0.9884464282        -5.836524538        -1.727658706                
     6037.128824        -7785.710237        -11162.34711                
Si              64                                                      
     7.713146084        -8.933740488        0.3782906740                
    0.7877972760       -0.1064721019        -5.058570641                
     12527.60600         1591.455551         17962.72905                
Si              65                                                      
     1.468698843        0.5079348326         4.223577480                
    0.4720468424E-01     2.681922549        -4.197323958                
     1806.470862         8984.807935         7666.256253                
Si              66                                                      
    -8.817031578         9.455629919         2.511989054                
    -1.093538375         6.494612452         1.583446507                
     21052.30157         8411.731073         4727.340481                
Si              67                                                      
    -8.677553919        0.6348200902         2.503830528                
     1.528971852         3.724558190        0.3033395619                
    -6676.173215         10998.28260        -462.0148128                
Si              68                                                      
     1.386657692         9.523683067         4.134608279                
    -2.329242500        -2.911999249        -3.205378818                
     3634.805111         861.7364693         20238.48977                
Si              69                                                      
     3.835560899         1.113422164         2.280232494                
    -3.795406806         2.700764494        -3.592362056                
     8047.352802        -12422.73359        -7381.139102                
Si              70                                                      
    -6.392267518         8.957002687         4.418892778                
    -2.988682359         4.075256078        -2.782256107                
    -11103.59087         2310.751956        -19387.82978                
Si              71                                                      
    -6.331030458         1.177160178         4.447576018                
    -2.650051566         3.831691924         3.900340053                
    -8878.485716         7543.493625         11815.91409                
Si              72                                                      
     3.878409615         8.836684203         2.358640384                
     4.642080558        -2.241030916         2.834769635                
    -26311.56951         1895.995388        -15815.89935                
Si              73                                                      
     8.658169255        -3.529991140         2.334813456                
    -1.913273263        -6.329807655        -1.028658026                
    -8925.893175        -13832.76857         6210.990903                
Si              74                                                      
    -1.450603925        -6.684711436         4.469037767                
    -2.704443143         6.475283333       -0.4407648244                
    -10538.45417        -10169.14378        -19375.79230                
Si              75                                                      
    -1.554854794        -3.566781961         4.475716071                
    -1.642294219        -1.839433874         3.597197882                
     17773.06750         8910.443559        -4879.161234                
Si              76                                                      
     8.650835198        -6.685278970         2.358606320                
     1.455763007        0.4045764728         2.596813464                
    -7031.713661         6874.800173        -5431.609789                
Si              77                                                      
     6.328524938        -2.510023866         4.225516674                
    -1.706129547         6.467687713        -6.042525216                
     3272.647892        -3815.895732        -7949.844145                
Si              78                                                      
    -3.810537327        -7.657948420         2.534317979                
     1.102169559         3.459379231        -5.027844692                
     940.5857431         21866.49731         10817.01564                
Si              79                                                      
    -3.825614906        -2.769771244         2.520730908                
    -2.247777650        -3.238270958         1.510853728                
    -5484.611297         2703.844502        -6511.565084                
Si              80                                                      
     6.369026493        -7.614205397         4.225444679                
    0.3092135243         1.370850215        -6.824773909                
    -3870.916763         27164.71609         2785.128786                
Si              81                                                      
     4.402385217         3.436062240        0.3048643753                
   -0.3491897479        0.6305915405E-01    0.2337835192                
    -21670.99845        -12568.34786         13443.08716                
Si              82                                                      
    -5.625701988         6.715079115         6.381248414                
     4.660312473         4.917888938        -2.937082321                
     5441.217831        -19551.38685         11397.74752                
Si              83                                                      
    -5.646283701         3.580210384         6.356446607                
     4.193974412         1.115010758         1.122498010                
    -6327.656408        -4085.662644        -12321.98166                
Si              84                                                      
     4.523182468         6.504953541        0.4127466814                
     3.071484402        -1.052401192        -1.417408021                
    -12546.37252         2074.378435        -2605.120802                
Si              85                                                      
     7.572127530         3.385834405        0.2594194098                
     6.039117117        -2.614145578         1.159074045                
     6513.005492        -6672.126926         10585.39448                
Si              86                                                      
    -2.448342251         6.585718742         6.446170467                
    0.7983856158         3.499923073         3.102093439                
     13341.31339         3188.492665        -2794.347169                
Si              87                                                      
    -2.477908312         3.481459149         6.357836346                
     3.779535704         2.306207139        0.1177609121                
     2966.741010         3285.334990        -1563.329976                
Si              88                                                      
     7.706945277         6.489026261        0.2474293113                
    -3.089642745         2.930913702       -0.5557532776                
    -1111.766017         16829.92118         28041.64266                
Si              89                                                      
     1.508909582        -2.655129111         4.190538669                
    -2.422712746         6.689784886        -3.370461830                
    -35571.69385         8998.929464         9437.980712                
Si              90                                                      
    -8.673618313        -7.552462176         2.421539500                
    -6.435179169         2.707770505         3.337171285                
    -13236.82553        -35.12562442        -31109.43585                
Si              91                                                      
    -8.730684639        -2.500764261         2.501336880                
   -0.2403135496        -2.212996205         6.938631682                
     4425.793000        -9767.964627        -18260.40836                
Si              92                                                      
     1.500714759        -7.483271493         4.221189321                
    -3.430096107        0.3639442404        -3.302242141                
     27953.47554         8284.159398        -18652.73964                
Si              93                                                      
     3.921843770        -3.503521781         2.403681475                
    -5.259912343         2.993844083        -4.600282869                
     7687.715698         609.6728544         17149.55320                
Si              94                                                      
    -6.337389169        -6.663324632         4.257916288                
    -1.376762022        0.4439535026         2.243348156                
     7530.138887        -14837.82274         473.8048801                
Si              95                                                      
    -6.357048726        -3.575341531         4.269753503                
     1.995383131         4.748103812         1.432722495                
    -16712.14492        -1029.460542        -7492.444832                
Si              96                                                      
     3.927770207        -6.597092781         2.359617423                
   -0.4667557727         3.272352821         1.622165268                
    -91.19155720         857.2762839         25925.97203                
O               97                                                      
     2.683639626        -1.217382267        -3.442730712                
    -1.496622012       -0.9178858789         9.172317170                
    -6837.801774         4863.280933        -4203.544211                
O               98                                                      
    -7.468108355        -9.056021139        -3.429268393                
    -1.149700589        -8.098723926         1.325943190                
    -21735.55467         8184.325659         6008.017233                
O               99                                                      
    -7.484462259        -1.010557255        -3.561285311                
    -4.483458447       -0.5844101700         2.891821471                
    -7598.449751        -10349.42488         17403.98469                
O              100                                                      
     2.624997920        -9.055712298        -3.330431609                
     6.500153669        -5.720529362         6.964883927                
    -11884.76104        -2211.592173        -5621.276617                
O              101                                                      
     4.052653971        -1.171459781        -1.177844549                
    -4.431779813        -1.460603213         4.018167789                
     8780.122848         2291.672114         1464.244343                
O              102                                                      
    -6.132816621        -9.123868225        -5.684856796                
    -2.831158500        -3.191924267         1.468262646                
    -312.2651972         7152.200894        -24091.03401                
O              103                                                      
    -6.138693508        -1.120803122        -5.816777394                
     1.366847711        0.2150349368         8.271768507                
     7657.412935        -1945.729656        -497.3431636                
O              104                                                      
     4.085132009        -9.035291034        -1.043362042                
   -0.9746877881E-01     1.998323999         2.078233402                
     1199.322534        -10244.76523         301.6076292                
O              105                                                      
     4.145782040         1.114177441        -6.438667052                
    0.7566848992         2.590099406        -2.346960298                
    -2913.027239         7362.167905        -2666.122183                
O              106                                                      
    -6.036669503         8.971819066       -0.4825450916                
     7.652313949         3.586381519        -2.259376146                
    -21689.67396        -4774.004334        -190.8775108                
O              107                                                      
    -6.005080489         1.263800638       -0.3825471769                
    -1.126007579       -0.9859701229         5.644416548                
    -1592.347618        -8244.186777         4096.172005                
O              108                                                      
     4.046252587         8.770739135        -6.428378639                
    -9.233881755         9.803653614         4.846595616                
     8713.135191         8644.361545        -9969.998557                
O              109                                                      
     8.374269248        -1.157021146        -1.119874867                
     3.453758494        -3.065923372         1.108562329                
    -6738.387028         1909.611658        -5744.781016                
O              110                                                      
    -1.974332827        -9.170342549        -5.718108727                
   -0.2417077371        -2.762204262       -0.5310507489                
    -2241.840464         11041.46012         9102.749808                
O              111                                                      
    -2.066771403        -1.179258026        -5.724756458                
    -1.514226500       -0.1902872687        -2.130602694                
     7577.735164         7449.128618         9801.211409                
O              112                                                      
     8.266036193        -9.060939327        -1.056470543                
    0.7746136359         3.832423494       -0.6022368822                
     9622.204865        -12159.87566        -14468.80155                
O              113                                                      
     7.801087228        -1.168088107        -3.665039595                
    -5.541041351        -5.162199484       -0.6106130230                
    -9015.313046        -3541.712408        -5133.730216                
O              114                                                      
    -2.428871198        -8.971256513        -3.151002265                
    -2.546729080        -6.640106835        -1.223730678                
     4557.063231        -14513.83170        -12735.45088                
O              115                                                      
    -2.488473215        -1.098167466        -3.238218552                
     6.626108512        -1.270279093         6.145681019                
     13748.77023         3957.171369         378.0175565                
O              116                                                      
     7.681884710        -9.001486624        -3.603498606                
   -0.9714376428        -3.832217307        -4.158605209                
     2242.920078        -10816.78408         1654.991572                
O              117                                                      
     5.282227932        -1.049820570        -3.489065343                
   -0.1262700299        -2.556755910        0.8631327941                
    -12446.08016         420.0086017         7373.638959                
O              118                                                      
    -4.961132230        -9.087302420        -3.307712466                
     1.429565177         4.073471561       -0.5849494203                
    -5412.243566        -4806.949757        -8944.523010                
O              119                                                      
    -4.955651651       -0.8573793696        -3.484506235                
     2.038949508       -0.9860774857        -1.177765384                
     5878.560581        -9068.596066         8661.471499                
O              120                                                      
     5.140609865        -9.150537620        -3.466482044                
   -0.2302706656E-01    -1.186696212         2.744892939                
     4495.256306        -1151.593815         5335.796186                
O              121                                                      
     2.549259422         3.066987917        -3.350406346                
    -2.672138929         3.918157333        -1.161783067                
    -4169.579747         3019.030081        -18728.63822                
O              122                                                      
    -7.455701212         6.825754315        -3.355691840                
   -0.9021384633         9.887606717        -2.667923927                
    -1042.620409         15545.36219         782.8180949                
O              123                                                      
    -7.532841307         3.099897694        -3.516986486                
     1.669870431         4.803513330        -1.604157885                
    -8695.008618         11432.00872         4721.119497                
O              124                                                      
     2.626408185         6.904051385        -3.282007213                
   -0.2936620245        -3.077364744         5.596612915                
     183.6451569        -6494.721697        -11516.44655                
O              125                                                      
     3.971841754         2.968132091        -1.155549529                
    -5.630411392        -4.191206182        -1.465443913                
     9981.560394         13296.75843         14762.07724                
O              126                                                      
    -5.965451660         7.031922376        -5.660586579                
   -0.2496956784        -2.658554740       -0.5081235079                
    -4152.638461         4698.757869        -15985.85809                
O              127                                                      
    -6.010027782         3.186247598        -5.740702373                
     3.509957633        -1.890258530        -1.118483018                
     1004.575619        -813.3307235        -583.3639046                
O              128                                                      
     4.074237942         6.873436429        -1.064883984                
    -1.372855921       -0.2376777094        -2.293561592                
     2548.669460         9805.108662         9137.626284                
O              129                                                      
     4.126095752        -3.372792750        -6.540941738                
     1.446387485        -5.682503774        -3.057218509                
     816.6118763        -2555.305631         3846.117594                
O              130                                                      
    -5.958983828        -6.550519403       -0.4985052186                
     2.639455124         1.167713159         3.581200581                
    -10101.83091        -15664.47588         3910.283150                
O              131                                                      
    -5.941812730        -3.419653287       -0.3084719497                
    -3.643808936        -1.173243640        -1.699472325                
     995.5642194        -1775.944132        -2782.186193                
O              132                                                      
     4.145602566        -6.759611630        -6.448138715                
     6.369703370        -5.913597562         6.388639075                
     21043.43183        -10778.48972        -6359.328153                
O              133                                                      
     8.077727047         2.921195511        -1.180610185                
     3.288955984       -0.3693924722         7.079181262                
     416.9645348         4566.423975         9710.113270                
O              134                                                      
    -1.916229173         6.933354528        -5.685995497                
     6.518558138        -6.292916856       -0.8217628789                
     1712.870069         10379.01417         5646.120860                
O              135                                                      
    -2.011086428         2.984324516        -5.787132898                
     2.831010532        -4.211267331         5.126757483                
     3410.289394        -5321.144558         7610.267831                
O              136                                                      
     8.300685070         7.031452679        -1.073351646                
    -5.811034251        -1.333079130        -7.009832222                
     4209.246962        -3517.211208        -16900.92962                
O              137                                                      
     7.635431402         3.030260543        -3.597607674                
     1.004541172       -0.2210292793        -1.281868620                
    -1309.582445         6299.171617         109.8063977                
O              138                                                      
    -2.365701426         7.016409394        -3.173240457                
     3.438885253        -2.962333031         2.437843189                
    -6256.441806        -9350.734454        -2767.043012                
O              139                                                      
    -2.481309085         3.010379117        -3.259369250                
   -0.8578605434        -1.390727243         3.891508996                
    -11074.93573         5974.708776         10210.72349                
O              140                                                      
     7.756627501         6.950681366        -3.579780063                
     7.119115882        -5.362832075         1.603913063                
    -10565.96281        -2922.076808         1678.304430                
O              141                                                      
     5.114304249         3.055438795        -3.439951042                
     2.573991212        0.8024288468        -2.552601993                
    -14363.01648         5935.551121         1893.478275                
O              142                                                      
    -4.949095226         6.818261608        -3.349289430                
    -4.550028736         1.358615435        -1.090590694                
     15009.13286         14279.63515         12285.61218                
O              143                                                      
    -5.071616945         3.106770740        -3.239107210                
    0.1956145948        -6.672839495        -1.050792639                
     15194.43318        -1713.904052        -9919.551384                
O              144                                                      
     5.164894860         6.940643272        -3.305423262                
    -1.136464032       -0.8584805759         3.929587285                
     9763.260123         336.9447529        -13181.70646                
O              145                                                      
     3.877843917        0.9572869110        -2.677090001                
   -0.8756245072       -0.4281811143        -4.801703873                
    -2676.438518        -18671.70918        -2079.387774                
O              146                                                      
    -6.257480458         9.004125368        -4.087664046                
     1.335487123        -7.922196633       -0.5934026442E-01            
     6960.219263         9455.935789        -4736.504584                
O              147                                                      
    -6.256527638         1.081044688        -4.335892843                
     1.707447309        -4.717320908        -2.958977576                
     7329.639049        -15664.19623        -10385.82182                
O              148                                                      
     3.809553541         9.031049117        -2.541113657                
     4.235274688         4.311727894         3.756288179                
     10432.86540        -2141.104111         8925.136168                
O              149                                                      
     8.794388759        0.9334182695        -2.668878933                
    -1.163064461        -2.212795855         6.820545984                
    -1892.601439        -17395.99563         9026.155194                
O              150                                                      
    -1.452621560         9.068309325        -4.270465942                
     4.650777259        -1.689676489        -3.444621168                
     8978.273403        -7301.911300         4181.484393                
O              151                                                      
    -1.490755181        0.8997639348        -4.292147402                
    -1.197693309        -4.564191740        -8.693525103                
     5233.997784         5387.165021         441.1621807                
O              152                                                      
     8.670935068         9.089643371        -2.622428628                
    -1.363037755        0.2507021815       -0.4441628650                
     12625.36504        -9319.970469         6728.191684                
O              153                                                      
     1.962918826        -2.574503078        -5.492690377                
    -2.030877736       -0.3400745140        -3.998762084                
    -507.5875169         6408.336149        -182.6270769                
O              154                                                      
    -8.254713454        -7.482803955        -1.543509096                
     2.395831470        0.8662862131E-01   -0.2408655675                
     11809.87356        -4923.070576         4665.840102                
O              155                                                      
    -8.052834333        -2.469851240        -1.431168361                
    -2.676764590        -2.301418055         3.829877867                
    -1329.350149        -7083.340215        -2863.066712                
O              156                                                      
     1.942055449        -7.693350678        -5.395569747                
     1.778509566       -0.9857246678        0.8612644958                
    -2352.805453         5474.751859        -10702.00717                
O              157                                                      
     2.071321892       -0.7513097556E-02    -5.491119356                
   -0.9078792607         3.528943050         4.339596398                
     1081.451919         5712.324164        -12254.81264                
O              158                                                      
    -8.275183347        -10.01654928        -1.315385622                
     7.854314140         1.142195242        0.7915169397                
     9340.059932        -11713.96839         11477.79477                
O              159                                                      
    -8.143178323       -0.4856687533E-02    -1.324603257                
    -6.448129602        -14.67110351        -10.21624372                
     4834.185817         1494.429035         9341.029888                
O              160                                                      
     2.023798167         10.01984804        -5.516553923                
     1.794575430        -1.422821463         2.075191171                
    -17144.06004         12816.15547         2550.260742                
O              161                                                      
     2.069508909         2.480259548        -5.731733930                
    0.1189709734        -3.646985113         1.184133927                
    -2698.417500         12487.20931         7623.787323                
O              162                                                      
    -8.134248563         7.593012071        -1.092892999                
     8.369352725       -0.7962299874         4.595041116                
     4524.143536         8567.754236         6361.485889                
O              163                                                      
    -8.091224275         2.489810240        -1.201651647                
    0.9569581904        -4.470941447         4.544831618                
    -8192.670853         3467.036099         4159.007845                
O              164                                                      
     2.038152592         7.545960884        -5.636861736                
     2.469294549        -1.591311451       -0.2573253293                
    -8296.373019        -5957.330798        -2815.003227                
O              165                                                      
     6.226562964        -2.539352702        -5.369744667                
     2.753916006       -0.3428036252         2.428996967                
     5421.318247         104.2536932        -2878.918588                
O              166                                                      
    -3.880856261        -7.593465814        -1.499591043                
     2.681445306         3.106820243        -2.856544342                
    -6415.451366        -5640.098730         14070.54827                
O              167                                                      
    -3.962589240        -2.470234300        -1.553554887                
     4.155112254        -3.790120332        -2.641773503                
    -3780.239735         8785.531636         149.8237576                
O              168                                                      
     6.227117738        -7.690773317        -5.315854826                
    -2.095976260       -0.3679221809E-02    -2.403340849                
     3704.956287         18994.16253        -21362.06959                
O              169                                                      
     6.249333809        0.2240480624E-02    -5.498509576                
     4.152646601         13.68509175       -0.5910077765                
     4406.461469        -3707.708695        -1362.018528                
O              170                                                      
    -3.884184065         10.00775095        -1.346501628                
    -3.586309537         2.429943155         4.620349500                
    -9874.604833         6720.359611         5953.275467                
O              171                                                      
    -3.946311162        0.3873691765E-01    -1.327145751                
    0.6741801945        -4.672856347         5.441519631                
    -3252.122781         8008.556620         3180.513025                
O              172                                                      
     6.121086304         9.983851003        -5.465836415                
    0.5060410248        -4.530843088        -1.212136402                
     7925.011707        -4110.625565        -7361.805676                
O              173                                                      
     6.153966698         2.540851491        -5.599792466                
     5.887683949        -2.682550876        -2.232493204                
    -11806.74442        -15424.54453        -15728.88212                
O              174                                                      
    -3.827865465         7.582332672        -1.170301114                
    -4.276288961       -0.1529108018        -2.849082334                
    -21825.61488        -11356.50146        -8613.710320                
O              175                                                      
    -3.909449402         2.528215225        -1.094083655                
    -4.788907802        -2.309143932         1.009453673                
     2370.533957        -6936.909913         1295.394523                
O              176                                                      
     6.095923644         7.457397550        -5.611894764                
    0.3548637043         1.339657496         3.388849202                
     6014.162022        -3083.596841         20342.65625                
O              177                                                      
    -9.973818758        -1.139647554        -2.705871444                
     7.147506636         8.154595410         3.883831495                
    -17710.14797        -1765.447312         5509.630684                
O              178                                                      
    0.5258609803E-01    -9.042543946        -4.208298993                
    -3.711498155         2.051043279        -3.452120929                
     1466.331247        -9129.235838        -1853.926807                
O              179                                                      
    0.8381976040E-01    -1.141996010        -4.405529139                
    -2.536437693        -3.994194918         1.362047264                
     1955.710689         5227.116469         11168.81199                
O              180                                                      
    -10.09420984        -8.971699983        -2.688068013                
    -8.903786421        -5.543021336        0.1839443374                
    -13483.62461        -11178.64636        -1926.391884                
O              181                                                      
    -10.12357481         3.083225770        -2.704548765                
     2.434874517        0.1617095605E-01     6.402655689                
     13062.13634         6934.316167         13919.32065                
O              182                                                      
    0.1472995474         6.906821317        -4.160312415                
     5.972737314         6.288330911         1.600276826                
    -28337.89878         15949.44821        -1795.491324                
O              183                                                      
    0.6081472300E-01     2.999546919        -4.290864927                
    -4.481817225        -6.155586939        -3.074501393                
    -18244.46841        -3308.889078         839.8957853                
O              184                                                      
    -10.05753740         7.084723654        -2.580383583                
    -5.307233884        -5.908690643        -2.168822359                
     40400.09622        -15943.19413         838.5735056                
O              185                                                      
     1.607070108         4.993978386        -4.687352961                
    -4.573548793         4.758869029        -5.819402689                
     7464.021228        -10239.25266        -8647.355549                
O              186                                                      
    -8.590396084         5.043210965        -2.094191617                
     1.881118216        -4.468552597        -6.550036777                
    -3211.659123        -11012.66140         8209.583575                
O              187                                                      
     6.380236871         5.029532349        -4.572587133                
     7.405518282        -1.876641213        -1.127981647                
    -11070.87273        -3493.080511         6735.677382                
O              188                                                      
    -3.691406360         4.986750979        -2.125167952                
    -5.766567305         4.188663810       -0.3880016492                
     6105.299986         8638.429350        -5761.276268                
O              189                                                      
     5.955995580        -5.065626505        -6.246780527                
    0.5690604156         2.916927192         6.053140838                
     10619.70471        -19948.28158         1127.021280                
O              190                                                      
    -3.978397596        -5.057525804       -0.7087611313                
     4.480212492        -6.163678673        -4.961313755                
    -11650.99556         10072.72394         8816.146453                
O              191                                                      
     2.341110941        -5.143543213        -6.330840267                
    -1.191873171         3.090941427         1.701420620                
    -5510.301484         14393.35983        -4644.716939                
O              192                                                      
    -7.800654404        -5.007433248       -0.4816850912                
     2.408549221         2.156945050        0.9323747031E-01            
    -3579.628921         1403.317977         1345.984196                
O              193                                                      
     7.599703862         1.061304093         3.309760011                
   -0.7654769079       -0.3182635001         2.301853799                
     1849.229280        -9542.640192         10465.60454                
O              194                                                      
    -2.656315070         9.004443543         3.385733445                
    -3.740251822       -0.4577249369        -2.355747250                
     13341.15947        -11086.67128        -1744.464359                
O              195                                                      
    -2.580245846        0.8427419923         3.416797152                
    -3.233836947        0.1838547404        -5.418593772                
     4133.285239         3917.102709         3487.302044                
O              196                                                      
     7.612818507         8.960549385         3.577586941                
   -0.7083022629        -3.278134151         5.264288663                
    -10778.87012        -3107.865257        -4786.691545                
O              197                                                      
     6.189537186         1.084347022         5.699225236                
    0.6645946408        -3.477349704         4.075105088                
     6157.782302         2426.972862        -13423.47328                
O              198                                                      
    -4.118937186         9.006246731         1.063128994                
    0.3128335639         1.002875726        -7.996808906                
     8854.900692         213.7692837         10344.07757                
O              199                                                      
    -4.001446694        0.8706182387         1.118589122                
     7.258728795        -1.202613539        -5.734717140                
     2049.185943         7607.430878        -1089.477868                
O              200                                                      
     6.116850620         8.873488619         5.707645980                
    -2.994059612         2.726834829       -0.6153986120                
    -5343.514753         7621.576335         20275.43582                
O              201                                                      
     6.184544589        -1.268896908        0.3103840078                
   -0.3572267990        -4.636837270        -7.553043800                
    -13134.88363        -3079.963061        -10321.49238                
O              202                                                      
    -4.173314741        -8.798413013         6.446024760                
    -1.399144412        -1.179777768        -5.210126453                
     22955.28454        -1760.062204         564.9612560                
O              203                                                      
    -4.071226140        -1.226279729         6.296462398                
    -1.259908201        -5.685515976        -1.797914146                
    -12433.32571        -4343.355362         1206.637343                
O              204                                                      
     6.148365010        -9.009207574        0.3193416060                
     1.681993631         3.561620633        0.7373883831                
    -1611.908889         7510.004783         10834.85849                
O              205                                                      
     1.974913022        0.9832182402         5.657977979                
    -1.418410790         3.678178107        -5.904478431                
     6840.610381        -3615.900823         3600.413488                
O              206                                                      
    -8.227407972         9.103852670         1.085031945                
   -0.1404483976E-01     4.621933200         2.888544005                
     2559.345483        -4038.671180        -14681.59964                
O              207                                                      
    -8.085957774         1.050720791         1.095413443                
     9.714962894         4.438857093        -7.395260155                
     1274.446274        -6148.805849        -3428.094612                
O              208                                                      
     1.862484865         9.076306503         5.665030597                
    -2.384215050         2.375643544       -0.3074887813                
     915.0887958         11532.25704        -17749.34175                
O              209                                                      
     2.556517183        0.9040186961         3.150694502                
     4.269926537         9.366876988         3.271849116                
    -9209.803794        -278.5710418         3350.681213                
O              210                                                      
    -7.705169075         9.018733265         3.553499613                
     2.311569024        -5.511718693         4.567534687                
    -6414.213636         2720.290375         4590.379903                
O              211                                                      
    -7.696327779         1.031432249         3.649225091                
     7.824563828        -3.272114883        0.5370009909E-01            
     9503.616470        -542.6089467        -1849.747479                
O              212                                                      
     2.506804305         9.032669062         3.146888325                
    -2.699917975         4.743409106        -4.681462501                
    -811.5194378        -44.60778354         1965.060823                
O              213                                                      
     5.077143450         1.001665200         3.299688844                
     1.395327267         5.398214726         1.009612274                
    -12660.04439         8501.490728        -10631.52035                
O              214                                                      
    -5.191404665         8.949423092         3.372335146                
   -0.9793804069         1.223841203         1.770566910                
    -5329.583606        -2516.321192         15041.23936                
O              215                                                      
    -5.143795879        0.9563576100         3.426224065                
     2.924618130         3.950840319        -4.467983586                
     3834.330406        -639.5674647        -1649.329719                
O              216                                                      
     5.062623550         8.891870715         3.308173751                
    0.3912045031E-01     5.093366920        -3.471428877                
     29460.59265         13891.34222         31175.38037                
O              217                                                      
     7.643389418        -2.982078689         3.406469630                
    -1.786606197        -1.512687463         4.933345560                
    -10434.61965         3565.352866         16351.54134                
O              218                                                      
    -2.459358901        -7.204805927         3.295522431                
     5.786031438        0.2331614467        -2.142584875                
    -4754.973573         9959.600260         5128.920589                
O              219                                                      
    -2.542935448        -3.293456170         3.257003338                
    0.9711138775E-01     3.856507887         6.145688045                
    -4143.241774         2520.319321         12494.75224                
O              220                                                      
     7.643144777        -7.129341192         3.485784807                
    -1.309297744        0.9211410637        0.5015128374                
     7059.980459        -5407.905672        -7219.448501                
O              221                                                      
     6.169349325        -3.098793891         5.673652057                
     4.480287075        0.2451476907         2.550887806                
     8792.222751         2068.770656         3577.689301                
O              222                                                      
    -4.006585597        -6.992546141         1.086173923                
     3.374915035         3.425072758         4.203391532                
     1348.273029        -12719.91563        -12141.88737                
O              223                                                      
    -3.877767530        -3.148962049        0.9896271179                
    0.7885604361         6.225003794         3.093791509                
     130.1652822         2087.311889         11853.79510                
O              224                                                      
     6.360739674        -7.048058714         5.714316043                
    -1.701141910        -5.888400914        -1.865795437                
    -13798.02120        -7919.123979         8811.117843                
O              225                                                      
     5.973540412         3.296378693        0.4594373979                
    0.5813295334E-01    -2.539808362         3.955204889                
     12588.38379         5292.790315        -14569.35024                
O              226                                                      
    -4.001355214         6.785742428         6.310618645                
     1.768351033        -5.434205072        -4.583692032                
    -21506.03486         3249.641063         657.7654174                
O              227                                                      
    -4.070695292         3.421893778         6.244875327                
     5.511903673        -4.163259299       -0.8893315685                
     6589.633412        -3382.863202         3000.665401                
O              228                                                      
     6.116030205         6.566666211        0.3677873888                
    -3.170156138        -5.287067453         3.505299722                
    -2426.986782        -26.16383028        -302.6877443                
O              229                                                      
     2.016567855        -3.124807627         5.588886620                
    -3.937071808        -3.637344912       -0.8711383248                
     3842.120596        -7554.606506         12875.30484                
O              230                                                      
    -8.176049229        -7.091067543        0.9257405783                
    0.9916880378        -2.773810613        0.2148435572                
    -719.2417657        -9866.133022         19213.55524                
O              231                                                      
    -8.120119362        -2.888091744         1.032884985                
    -4.160806561        0.9096644865         5.877450522                
    -8381.027104        -2751.009623         14003.89956                
O              232                                                      
     1.988675326        -7.093235440         5.671529109                
     1.998639110         3.073909292        -1.017104772                
     1425.493448        -7052.403046         5565.898186                
O              233                                                      
     2.565413312        -3.135925289         3.177473496                
     7.290432305       -0.8101301758         5.731091516                
     8938.282912        -5994.211427        -14861.98580                
O              234                                                      
    -7.544246827        -7.061538991         3.318508723                
    -4.320624596        -6.294257579        -1.852263591                
     6060.597006         10507.32829         22252.30236                
O              235                                                      
    -7.653195901        -3.062859622         3.474791977                
     7.919147828        -1.382597776        -1.579132866                
     10375.41066        -4359.360610         9584.774151                
O              236                                                      
     2.626908515        -6.999495137         3.189117574                
   -0.7277456486        0.1591179339        0.4148623223E-01            
    -2926.225408         5663.683529         2504.618111                
O              237                                                      
     5.139333733        -3.076163664         3.355463376                
     1.294255057         1.650874513        0.4963483782                
    -6967.538409        -439.4074879        -121.4000996                
O              238                                                      
    -5.067191878        -7.141244222         3.392279666                
    -2.716029474         2.279087512        -2.964900719                
     1057.342640         14670.32864         6417.982265                
O              239                                                      
    -5.110328409        -3.366828013         3.301205431                
    0.3187433045         3.274997411         1.328644966                
     7875.543561         3844.824453         2823.498678                
O              240                                                      
     5.162374131        -7.021926026         3.331000750                
    -6.253817933        -1.196769089        0.9759971287E-01            
    -647.2161271        -10130.21583         674.2003284                
O              241                                                      
     6.234431416       -0.9059526534         4.290255660                
     2.460085401         2.406607320        0.3768829947                
     13416.22670        -31773.44085        -3261.622653                
O              242                                                      
    -3.903485180        -9.211074498         2.657533247                
    -4.257220808        -4.913334841        0.8351044227E-01            
     5130.246846        -1221.267087        -16459.99033                
O              243                                                      
    -3.916144480        -1.176247999         2.641095393                
    -2.014846259       -0.1697268185        0.4570229258E-01            
     2206.389324        -1076.782222        -718.1206270                
O              244                                                      
     6.305498796        -9.171081311         4.277982943                
     3.163229445        -1.607591375        -2.283691437                
    -9692.038043        -15463.01013         909.8483518                
O              245                                                      
     1.413587218        -1.065849424         4.226068561                
    0.3362355949        -2.282346396        -11.98392694                
     4509.256289        -618.7485295        -8777.467170                
O              246                                                      
    -8.751589319        -9.119051674         2.535190515                
   -0.3171461845        0.7747511310        -9.337738484                
    -5058.991816        -3583.744262         480.6570038                
O              247                                                      
    -8.834316646       -0.9392632853         2.556219243                
     1.707109634        0.6362629290        -6.742350142                
     3625.749266         3364.001453         2080.445401                
O              248                                                      
     1.428017565        -9.025201327         4.025300185                
     8.240464104         1.400143745         4.101659701                
    -3228.861259        -32689.37802         10376.01013                
O              249                                                      
     8.286139675         2.437620723         1.310877477                
    -9.108349847        -7.081864412        -1.612095246                
    -7720.700176         2465.372269        -11109.90735                
O              250                                                      
    -1.820935209         7.591128477         5.379040957                
   -0.7261045658        -2.160212524        -3.256790644                
    -5944.644398        -10916.79734         4213.506332                
O              251                                                      
    -1.850674969         2.514137891         5.248149304                
    -2.504118647        -6.824563014        -1.908904908                
    -9933.760082         1611.932297         17609.23105                
O              252                                                      
     8.217643611         7.539928487         1.382797934                
     1.097700993         2.990238878         1.280318212                
    -1076.861070        -11750.61026         2778.778518                
O              253                                                      
     8.238553304       -0.8322311854E-01     1.213616490                
    -1.602172922         1.549504049         6.511409357                
     5854.612010        -4605.033900        -4143.471477                
O              254                                                      
    -2.038229560         10.02857285         5.565350278                
    -4.936866403        -2.330567088        0.6848409647                
    -5558.735431         9127.142686        -1576.957999                
O              255                                                      
    -1.856006728       -0.5302837371E-01     5.580482227                
     2.623158262         1.173455741         2.862349530                
    -4984.121600         2956.651317         3991.549397                
O              256                                                      
     8.189804837         10.02740055         1.361350477                
     3.294559043         3.167653809       -0.8437433768                
    -6156.035848         7804.613715        -5471.070166                
O              257                                                      
     8.253916833        -2.590317666         1.148953204                
    -1.096046202        -2.690679100        0.3794510012                
    -1101.652221         4229.014977        -16979.15762                
O              258                                                      
    -1.912550903        -7.688231811         5.608196703                
   -0.3216339152         4.110797581         1.510517660                
    -879.4326728         7050.894237         9963.825890                
O              259                                                      
    -2.056247618        -2.564154409         5.610856227                
     1.653711661         6.961006463        -5.000348574                
    -254.6789299        -8525.179500        -6788.464351                
O              260                                                      
     8.217117627        -7.608573402         1.137817993                
    0.2769221003E-01    -1.748014285        0.7594686068                
    -6589.051353        -10365.73162         1216.053891                
O              261                                                      
     3.836723353         2.369263034         1.369420416                
     3.341138978        -6.843410762         1.794375117                
     8150.516425         19930.22785        -4744.268879                
O              262                                                      
    -6.273402006         7.738634226         5.360355206                
    -4.258426481        -1.086249494        -4.781119996                
     11382.92711        -18450.82739         15743.61522                
O              263                                                      
    -6.227885066         2.526222655         5.277985095                
     2.750755453         1.852187645        0.2067372476                
     7501.489565         4027.353973         7935.637427                
O              264                                                      
     3.956621793         7.571299634         1.459424715                
    0.4546251686        -9.474250639        -3.523605570                
     8939.213774        -14277.55566        -10410.15261                
O              265                                                      
     4.057792741       -0.6112365186E-01     1.196206925                
    0.9070431030         8.269630525        -4.102265725                
     3826.150741        -3930.926248         4586.359966                
O              266                                                      
    -6.184623815        -9.996861254         5.404250511                
    -4.130926920        0.6584803696        0.7242830045                
    -3951.737262        -12351.54534        -4320.249967                
O              267                                                      
    -6.125810961       -0.2602160902E-01     5.472666760                
   -0.8111300354         1.176710627        0.7878516127                
     439.8157912        -3805.866928        -4568.699030                
O              268                                                      
     4.145312651         10.08134070         1.388308039                
    -4.025212193         1.945910671         3.621997115                
    -4386.155359        -3453.594769         4822.859029                
O              269                                                      
     4.171468247        -2.554987156         1.222678926                
    -4.321899088         5.336537165        -1.909300190                
    -3467.990623         11172.77746        -25316.52640                
O              270                                                      
    -6.202253030        -7.620546110         5.536904458                
    0.7386689793        -3.370577891       -0.8069327912                
    -12024.63628         28028.11262        -10507.29168                
O              271                                                      
    -6.138137992        -2.598210388         5.460539634                
     2.306815133        -3.476081195        -4.485686836                
     10683.68495         9923.187174         10336.73048                
O              272                                                      
     4.097425401        -7.540202610         1.163022482                
     2.724905416        0.5376620962        -3.926985616                
     12539.30207        -21154.65448        -11342.78785                
O              273                                                      
    0.4421146590E-03     1.082575104         4.200590145                
    -3.581341173        -2.721872869         5.461667146                
    -1433.631083        -11469.89313        -7067.142679                
O              274                                                      
     10.03724487         8.984884661         2.667611776                
   -0.8314049950        -2.392155060        -1.331048928                
    -154.7189113        -7921.188972        -2433.203251                
O              275                                                      
     10.15253378         1.162870471         2.461638123                
     3.024551608        -2.054199171         3.414945128                
     13596.39622        -12593.24059         8416.737948                
O              276                                                      
   -0.1286228686         9.050777807         4.157593184                
    -1.755208428        -1.689212517        0.2792332002                
     24011.82778         11547.10905        -16184.11713                
O              277                                                      
   -0.5233248310E-01    -3.117396174         4.150016047                
     6.128712047        -3.033386604        -2.191147144                
     7456.755188        -7007.375128        -371.5947605                
O              278                                                      
    -10.15922452        -6.996424847         2.601440531                
    0.3221821987         5.996728571        -2.316917288                
     15658.82517        -5387.720579         1262.376540                
O              279                                                      
    -10.15465949        -3.158690504         2.633398022                
    -2.452417592        0.9350951386         3.237546186                
     1022.855980         280.8542093        -3607.320759                
O              280                                                      
    0.7591199240E-01    -6.931036008         4.113649584                
    -3.575792670        -5.749883676         5.648131966                
    -21560.91916         4104.252081         5228.466506                
O              281                                                      
     8.492894897        -5.133753292         2.202982205                
     1.770187199        -2.751480241        -7.200838574                
     8238.271451         20102.64479        -1375.021039                
O              282                                                      
    -1.579038950        -5.130626325         4.713058051                
   -0.7641256446         2.651269121       -0.2751214003                
    -3805.847457        -1358.237472         626.6363769                
O              283                                                      
     3.968172258        -5.052728329         2.175830287                
     2.443839185         3.965098732       -0.6892144525                
    -5830.706816         3949.962517        -3709.723574                
O              284                                                      
    -6.480730707        -5.122475628         4.579214142                
    -1.050200477       -0.7775254117        0.7149190213                
     11472.73585        -2443.492453        -9035.480287                
O              285                                                      
     4.142856465         4.987750145        0.5506883449                
     3.046601662         8.091909289        0.1528560402                
     9645.159592        -9591.153147         1425.901749                
O              286                                                      
    -5.890166055         5.128231765         6.183364178                
   -0.8896062655E-01     3.286531976       -0.2935661134                
    -1088.289008         15338.98127        -1430.831082                
O              287                                                      
     7.931128799         4.932772383        0.3555912495                
    -4.482821717         2.184219016         3.810402279                
    -4152.950641        -503.2941901        -1445.197672                
O              288                                                      
    -2.200653465         5.038850283         6.297923153                
    -2.243233594         3.058625993        -1.880866042                
    -1230.984705        -5311.746862        -6225.090009                
C              289                                                      
    0.3845044254         5.577151516       -0.7116773146                
    -3.043733627        0.7940187050        -1.123211118                
    -86.45627175        -56.67728244         69.68025435                
C              290                                                      
    0.6566711195         5.876169870        0.6286312594                
    -2.151387610         2.485274050        -1.681726725                
    -74.71025560         58.48470077         15.76900801                
C              291                                                      
    0.9508601053         4.846029685         1.529888180                
     1.425286333         3.891304992        -1.242128553                
    -205.6759014         26.00934229         35.68527638                
C              292                                                      
    0.9728823974         3.516871146         1.090836529                
     4.109614261         3.606080591       -0.2440147758                
    -563.5588626         205.6766300        -132.4997833                
C              293                                                      
    0.7007157031         3.217852791       -0.2494720466                
     3.217268242         1.914825244        0.3145008304                
    -215.0787929        -10.22890452         43.12257404                
C              294                                                      
    0.4065267172         4.247992976        -1.150728968                
   -0.3594057008        0.5087943017       -0.1250973408                
    -240.0513485         102.8052957         239.2232854                
H              295                                                      
    0.1575586360         6.371831088        -1.406932655                
    -5.802882100       -0.2906337375        -1.462329708                
     81.59978332        -19.57263047         57.55348151                
H              296                                                      
    0.6396845574         6.901534173        0.9673429245                
    -4.222169650         2.705320605        -2.451713049                
     42.86625429        -82.25551835        -35.89083507                
H              297                                                      
     1.160819333         5.076714417         2.563855187                
     2.113652766         5.196003991        -1.672996289                
     40.99748717        -71.50170096        -28.36693608                
H              298                                                      
     1.199828187         2.722191574         1.786091868                
     6.868762732         4.690733032        0.9510381363E-01            
    -403.5077850         369.8478387        -160.1895804                
H              299                                                      
    0.7177022654         2.192488488       -0.5881837108                
     5.288050284         1.694778690         1.084487156                
     127.2199955         68.42923661         20.77147484                
H              300                                                      
    0.1965674901         4.017308243        -2.184695973                
    -1.047772129       -0.7959046950        0.3057703958                
     13.27918832         1154.822472         2639.406792                
