Diffusion in Zeolites. ZSM5 (Silicate) Crystal Structure, Si(96)O(192) +
         2         2       300    133340   1.0000000E-03   1.3334000E+02
       20.3183600000        0.0000000000        0.0000000000            
        0.0000000000       20.1714600000        0.0000000000            
        0.0000000000        0.0000000000       13.5858629500            
Si               1                                                      
     1.568375418        -1.260842645        -4.432910908                
   -0.6692635245         4.966381958        -4.390409825                
     9135.014720        -9251.920405        -2075.362977                
Si               2                                                      
    -8.652390110        -8.927196242        -2.288775537                
   -0.3707287066        0.4494971099        -1.838886615                
     28548.45896        -10051.61675         8088.866774                
Si               3                                                      
    -8.527685367        -1.309096829        -2.375269397                
     1.767861008        -2.453223050        -1.856781995                
    -26580.65017         5797.206457         9171.969838                
Si               4                                                      
     1.633996551        -9.037243177        -4.787520842                
    -7.625821919         1.449739274         1.484344349                
     9498.383819         21239.97309         16975.93565                
Si               5                                                      
     3.856752922       -0.6798530922        -2.438445921                
    0.9653754522        -1.719424497        -1.698062631                
     12515.40125        -7347.255519        -12119.76330                
Si               6                                                      
    -6.132796893        -9.484071754        -4.128484082                
    0.4486648520         2.966828971        -1.682017811                
    -14380.75445        -890.7651854         14567.43505                
Si               7                                                      
    -6.226201062       -0.5790261662        -4.249278995                
    -1.332916477       -0.5711912478       -0.9579937361                
    -7686.641354        -4852.211862        -16181.11524                
Si               8                                                      
     3.980260932        -9.569758267        -2.793153941                
    -4.158910921         1.173253562       -0.7141470914                
    -6051.577542         9851.134028        -10105.02160                
Si               9                                                      
     5.668506326         1.122441374        -6.321700497                
   -0.4324325813        -4.494739345        0.5784781876E-01            
    -10498.73468         13909.68844         16693.28556                
Si              10                                                      
    -4.345248746         8.730465568       -0.4238458382                
   -0.9189309526       -0.5605406224        -3.159238134                
     3416.438370         648.2474263         10780.71978                
Si              11                                                      
    -4.446277439         1.217841942       -0.4427226586                
    0.1568730082         3.105317686        0.9935542465                
    -9337.462712         11569.73411        -10745.83399                
Si              12                                                      
     5.666544087         8.732731638        -6.708862565                
    -7.387750885        -1.583919866       -0.2557655996                
     6166.531318        -7274.663306         30941.72053                
Si              13                                                      
     2.468150687         1.151191770        -6.371851944                
    -3.759899223         1.638025945        -1.609130201                
     12591.23609        -9336.747465         4938.857387                
Si              14                                                      
    -7.554915872         8.889881406       -0.3838051235                
     2.476771963       -0.4214271934        0.1263241285                
    -4290.706645        -15759.03479         1751.534929                
Si              15                                                      
    -7.620179296         1.134733804       -0.5117307991                
     2.698158330         2.034337381        -3.395631753                
    -12439.67242         9409.842846        -18235.60723                
Si              16                                                      
     2.483119942         8.762488370        -6.680376976                
    0.4386482770        0.1498684660         3.693321406                
     6822.722841        -19513.55079         8513.346886                
Si              17                                                      
     8.724334047       -0.6664728876        -2.433713903                
     3.801954208        -3.746338114         3.062895534                
    -2376.873409        -1421.320450         501.2993463                
Si              18                                                      
    -1.362118312        -9.569088228        -4.368000293                
     1.665712969        -1.634616026        0.5876642611                
     6353.782960         18194.43763        -1549.472931                
Si              19                                                      
    -1.461039239       -0.6656189847        -4.339719711                
     5.787730561         1.555607379        -1.776667028                
    -4404.949566         6381.538896        -1026.951826                
Si              20                                                      
     8.653386747        -9.587808368        -2.677452485                
    0.1834820232E-01    -1.378862488        -6.623656117                
     14580.04085        -7448.466903        -10380.98523                
Si              21                                                      
     6.334881007        -1.331038667        -4.384627380                
   -0.6383242722        -1.154565200       -0.7088772948                
     4564.371117         13223.23716         5473.849294                
Si              22                                                      
    -3.588429439        -8.948229199        -2.265938958                
     1.734085884       -0.8626759458        -2.892379245                
    -324.7481397        -698.5720727        -5513.494079                
Si              23                                                      
    -3.790308626        -1.199936154        -2.333904438                
     2.006439592        -2.519046641        -2.404451504                
     8223.555233         30738.77610        -18843.25456                
Si              24                                                      
     6.449326522        -9.003986455        -4.735304118                
    -2.605024334       -0.3888941839         1.430292663                
    -20389.82838         1709.036304        -10536.11658                
Si              25                                                      
     1.487706638         3.407373495        -4.449359420                
   -0.6697668579        -1.763538329        0.2817028141E-01            
    -8283.712312         6955.018889         598.4655717                
Si              26                                                      
    -8.552739972         6.534089590        -2.249520635                
   -0.7869074875       -0.1698111877        -3.924600695                
     5041.739995         13507.36037        -9923.166579                
Si              27                                                      
    -8.642807091         3.411104104        -2.435222106                
    0.3739419232        -2.549370221        -4.118921440                
    -16392.85214        -12944.43749         15912.26120                
Si              28                                                      
     1.688659906         6.531371973        -4.685240311                
    -1.987043248         1.652000149       -0.8092606624                
    -14035.32219        -13770.14635         26373.14613                
Si              29                                                      
     3.742937006         2.498567727        -2.510647090                
     5.024684489         7.382619632         3.866709509                
     3564.818187         237.2715346         4501.725512                
Si              30                                                      
    -6.117899109         7.548519953        -4.104690990                
     1.995575711         4.498793795        -1.450686293                
    -4785.455075        -40531.61250         183.9207498                
Si              31                                                      
    -6.287753008         2.552095418        -4.272767818                
     3.006384472       -0.2011345964         4.068647738                
     22169.41895         9563.630231         11490.15360                
Si              32                                                      
     4.046366411         7.434178086        -2.780184213                
     3.275816780         1.888993467        -2.232271479                
    -13972.80023        -34323.32071         17338.13629                
Si              33                                                      
     5.688428776        -3.581777661        -6.406934856                
    -1.198320778        0.6695161626E-01     3.685252162                
     7693.459300         18987.76590         23842.15251                
Si              34                                                      
    -4.455648252        -6.582092555       -0.4623407386                
    -1.502276648         1.076355728        -4.884169501                
    -1584.075221        -1188.237129        -13977.14075                
Si              35                                                      
    -4.344417685        -3.507060244       -0.3989834202                
     4.155374505       -0.9399088285        -2.369521904                
     2348.094621         6018.413125         8837.236468                
Si              36                                                      
     5.773584031        -6.636089057        -6.612083062                
   -0.2765319965       -0.9303263283         1.894609582                
     8726.522887        -7131.507318        -1273.592545                
Si              37                                                      
     2.552689412        -3.604639512        -6.264293973                
     4.337637955       -0.7867877193         2.444759422                
    -24696.09597        -8419.084849        -5825.311819                
Si              38                                                      
    -7.632448588        -6.695120244       -0.4738992143                
    0.4054181220        -2.709496262       -0.1330770319                
     5458.511898         20518.99908         13313.78334                
Si              39                                                      
    -7.547490346        -3.526565885       -0.4013754489                
    -3.356674269        -3.833283971        -1.514221970                
     9983.451083        -25372.11661         14805.97719                
Si              40                                                      
     2.649391551        -6.720650406        -6.574438105                
     1.593367241         1.901370671       -0.1905549246E-01            
    -21162.92267         6563.013141         10709.59937                
Si              41                                                      
     8.641804200         2.455879639        -2.460852012                
    -6.715778496         5.421086126       -0.1576627993                
    -4215.361953         17953.39845         20919.93482                
Si              42                                                      
    -1.297819090         7.426950170        -4.255347164                
    -2.753059424        -4.383509917        -4.321814193                
     14395.77930         15973.91152        -35879.77546                
Si              43                                                      
    -1.429127707         2.493866633        -4.295084266                
     6.296002243        -1.164094277         1.053313966                
    -42615.96785        -1461.700948        -24496.28346                
Si              44                                                      
     8.781154447         7.442208268        -2.682578527                
     1.349771850        0.6246849930        0.7147278421                
     10761.03249        -16782.69532        -22666.78599                
Si              45                                                      
     6.216864259         3.414742841        -4.240627784                
    -2.206569549        -2.307675086         3.744002895                
     7154.216790         6797.282715         4654.318675                
Si              46                                                      
    -3.532537924         6.487635029        -2.417766005                
     1.423140056        0.4253220100        -5.141078372                
    -31035.66136         16164.25372        -6273.549906                
Si              47                                                      
    -3.790808386         3.428095167        -2.451277018                
     2.654228203        -2.838098425        -3.069736035                
    -14045.19933        -10340.13292        -24046.61687                
Si              48                                                      
     6.442341774         6.533327423        -4.626564194                
     1.046084326        -2.111809884         4.672119251                
     19995.73104        -4188.247103        -121.2717221                
Si              49                                                      
     8.657256002         1.288821873         2.433586734                
    -1.359662763         6.617803407        -2.296897334                
    -13549.48846         6805.370855        -18415.26739                
Si              50                                                      
    -1.589827524         8.864811278         4.537726703                
    -2.162157931         1.776902755         2.795805730                
     4586.211165        -6717.187065         2125.154732                
Si              51                                                      
    -1.515892322         1.134790288         4.510536082                
    -2.979675037       -0.9323915269        -3.972977887                
     4123.006749         7678.443455         19077.98548                
Si              52                                                      
     8.647858242         8.788142463         1.995744809                
     1.231604370         2.105508853        -2.646209588                
     20486.21693        -8170.906204         205.3723576                
Si              53                                                      
     6.364961657        0.5296450592         4.312127651                
    0.1495387690         3.230359280        -4.505943784                
     980.6460739         6610.465661        -17715.95477                
Si              54                                                      
    -3.943511158         9.507518067         2.638616114                
   -0.5400813907E-02    -3.412419182         4.314381524                
    -3687.850702        -29023.61448         12428.69831                
Si              55                                                      
    -3.724356725        0.6095399689         2.524789988                
     4.024698823        -2.411878205         3.394639959                
    -21800.63950        -6136.151714        -7920.588205                
Si              56                                                      
     6.329433240         9.492819508         3.894829155                
   -0.6738136901E-01    -4.409024015         1.941342230                
     10306.13646        -20421.63550         8206.146890                
Si              57                                                      
     4.485037937        -1.324608903        0.5684875503                
   -0.2402828250        0.5336640626         6.073016830                
     9482.419036         5279.198243        -10984.54488                
Si              58                                                      
    -5.685287804        -8.785579253         6.416379273                
   -0.8934348997        -1.923983828         2.688664928                
    -658.1554590        -7737.105545         12766.01238                
Si              59                                                      
    -5.734467021        -1.149160021         6.306327540                
    -5.810003462        -2.331249688         1.847706899                
     17431.83199        -10179.79898        -12511.42728                
Si              60                                                      
     4.480383229        -8.749071643        0.1519137406                
     2.208903626        -5.899945834         2.671466872                
    -6769.609713         770.9744749         10313.80407                
Si              61                                                      
     7.700755867        -1.046877221        0.5195979431                
    -7.976333965         2.079727580        -5.264251719                
    -17078.26340        -7858.272014         16774.71928                
Si              62                                                      
    -2.530139824        -8.894540538         6.369166287                
     3.131300228         4.019634708         2.542849588                
     17148.03840         6465.332804         6609.932871                
Si              63                                                      
    -2.466104545        -1.330135384         6.338973287                
     4.908466112         3.798275172        -1.318583302                
    -4223.226683         7318.120428         1519.505423                
Si              64                                                      
     7.654662384        -8.925441661        0.2214653934                
     1.348258936        0.1935089422         4.314552613                
     2482.937495         11575.24851         15780.94125                
Si              65                                                      
     1.458107730        0.4825400471         4.321392394                
   -0.7546400186         1.719448187        0.3136671445                
     14889.42912        -24324.84679        -10733.81987                
Si              66                                                      
    -8.635691990         9.377671601         2.502849371                
     1.079781124         1.775735010        0.1869625728                
    -3005.133177         565.2801130         18948.71962                
Si              67                                                      
    -8.644089664        0.6627654032         2.456792458                
     2.398923307        -1.237595886       -0.8482116505                
     4620.511969         25716.85339        -8313.982959                
Si              68                                                      
     1.450176824         9.426644831         4.044333842                
    0.3513984165        -5.211885602         2.126623662                
    -19013.62356        -1108.396935        -20344.47060                
Si              69                                                      
     3.858390008         1.122427942         2.417776359                
     2.084166399        -5.029068939        -1.915751368                
    -4208.819923        -9284.943627         4044.282782                
Si              70                                                      
    -6.419633765         8.930352760         4.654232871                
     1.306177949        -3.982460944         1.211337566                
     8006.924197        -11664.96870        -11843.24063                
Si              71                                                      
    -6.239531750         1.317401817         4.372984742                
   -0.1171054242         4.615407242        -1.366018827                
     2484.351330         4752.437104        -6121.527510                
Si              72                                                      
     3.815222394         8.944360756         2.035167112                
    -2.890352646         2.400642002       -0.4568939343                
    -4172.950083         1706.378730        -28205.72791                
Si              73                                                      
     8.745091643        -3.512031801         2.294082843                
     5.827898521       -0.6814357593E-01   -0.3498753679                
    -14003.83696        -8468.337404        -14696.57445                
Si              74                                                      
    -1.519993591        -6.669235283         4.405931900                
     1.134772708        0.2098806302         1.202942785                
    -11891.93448        -6025.146082        -5097.555749                
Si              75                                                      
    -1.498186511        -3.592815389         4.408833509                
    -3.815549803        -1.696181098         7.926793684                
     21973.67018         21280.73048         5416.036816                
Si              76                                                      
     8.679182286        -6.696895174         2.207915011                
   -0.9687680817       -0.7381339184        -1.563306474                
     2590.067035         3846.770198        -31473.72524                
Si              77                                                      
     6.447456200        -2.705246204         4.253665439                
    0.3074209840         1.678281039         2.656165695                
     13378.83563         25725.13314         28.93480134                
Si              78                                                      
    -3.812083662        -7.507459354         2.476663307                
    -3.219052224         2.969584592         5.447894939                
    -6275.775598        -6095.963387        -1978.565362                
Si              79                                                      
    -3.785023620        -2.598787433         2.582720258                
    -1.338534468       -0.4389952864        -5.206582852                
     2290.396360         9007.423570        -19699.93912                
Si              80                                                      
     6.343194253        -7.576188442         4.032321910                
   -0.6581502694       -0.8313978372        -6.474177689                
    -5596.963261        -1910.003380        -15638.72966                
Si              81                                                      
     4.537466420         3.373111837        0.3947652347                
     4.469897413         1.224174074        0.3772848917                
    -4303.846903        -32818.13335         20239.82591                
Si              82                                                      
    -5.501031001         6.609635551         6.524849102                
     6.372567919        -4.856895121        0.4317684790                
    -20832.96868         16954.54109         14372.81349                
Si              83                                                      
    -5.594511693         3.526877260         6.479030257                
    -5.874725656        -1.208527614         2.039219599                
    -12784.58298         10770.70126        -14988.42643                
Si              84                                                      
     4.494164976         6.392415433        0.2511944249                
    0.8105465433         3.827582089        -2.501000849                
    -15160.40326         34134.64047        -10260.90179                
Si              85                                                      
     7.715006943         3.445466829        0.4162571282                
    -5.313663091         4.394544136        -2.626049969                
     6887.238817        -17159.04289         8881.538564                
Si              86                                                      
    -2.346535135         6.542815701         6.474152262                
     3.429867478         4.924194351        0.1404404536                
     7971.290083         33461.94121        -11906.22502                
Si              87                                                      
    -2.426058047         3.528266575         6.412059935                
   -0.6637049810E-04     1.083458810         3.476786654                
    -159.4348346        -28688.51181         2664.899742                
Si              88                                                      
     7.663873000         6.500325021        0.9829656422E-01            
    -1.919072280         7.500312471       -0.3043418014                
    -4421.181925        -1352.094795         15545.54516                
Si              89                                                      
     1.546358250        -2.724791286         4.419575380                
     1.838539824        -2.054979183        -3.096399393                
    -24010.32304         17246.83788        -11274.35896                
Si              90                                                      
    -8.624175671        -7.614440008         2.418702934                
     2.394363517        -1.232167658         1.027759473                
     7091.556721        -9906.830522         1193.674252                
Si              91                                                      
    -8.632034706        -2.476954472         2.389590722                
   -0.6903995766        -3.539969509         4.404269746                
    -3654.909047        -15937.76165         9013.224018                
Si              92                                                      
     1.482955004        -7.604806146         4.212926181                
     3.801289908        -1.078959988        0.5106925769                
    -20167.22307         9349.717187         6718.121088                
Si              93                                                      
     3.936597781        -3.604217189         2.559571104                
    -4.043343371        -2.657261153         2.218606381                
    -10222.54715        -2533.879801        -5773.899418                
Si              94                                                      
    -6.298720399        -6.583235755         4.336802913                
    0.4947347035        -5.763560604        -5.642086823                
     273.4377424         4453.209670        -5053.751518                
Si              95                                                      
    -6.346058701        -3.432751575         4.286446582                
     6.846896699         1.250776190        -1.304652350                
     9331.893092        -11227.17945         6655.309643                
Si              96                                                      
     3.754294214        -6.695881242         2.281200950                
    -1.980177695         3.411224763        0.1056712632                
     4221.695564        -20003.34572        -5880.091578                
O               97                                                      
     2.568500148        -1.165803063        -3.204605288                
     2.999813651        0.2213154516E-01   -0.1535141384                
    -6380.289528         11967.79622        -5229.457240                
O               98                                                      
    -7.483505377        -9.081151590        -3.344487841                
     2.681002673        0.7294083079         4.835335375                
     2895.919372         532.1121158        -12796.59934                
O               99                                                      
    -7.611523250        -1.104104205        -3.629286398                
     1.240817417        -8.060941232        -6.100384265                
     13791.34354         1380.390931         9294.776338                
O              100                                                      
     2.646245590        -9.110934033        -3.556955507                
     4.347872924         8.980192256         4.895710884                
     11403.26780        -20153.40820        -2682.640555                
O              101                                                      
     4.038611457        -1.113018499       -0.9660876045                
    -4.538733721        -1.793236406         6.001860228                
     4291.588601        -9966.121170         18560.67418                
O              102                                                      
    -6.094247044        -9.032722228        -5.631212413                
    0.9720466119E-01     1.996630183        -6.402079267                
     9772.292567         11990.61234        -9489.306342                
O              103                                                      
    -6.113143239        -1.036946275        -5.764536852                
    -3.262461494       -0.8187215560        -1.143460680                
     2259.578540         4749.141794        -711.3645694                
O              104                                                      
     4.141453766        -8.972257693        -1.349648389                
    0.6763052859       -0.2219691119        -2.716044252                
     2823.875927        -7911.366766        -7907.045677                
O              105                                                      
     4.085176159         1.213428849        -6.412712804                
    -5.871147011        -2.722547133        -7.882991363                
    -17755.22522        -5720.355707         4185.165539                
O              106                                                      
    -5.947983506         8.841762889       -0.3821690004                
    -1.322805544        -4.394519997         6.630990080                
    -2483.112743        -2286.427862        -8455.069331                
O              107                                                      
    -6.036214496         1.140367048       -0.4822001314                
    -5.628952749       -0.8784205445         5.790699850                
    -4027.224518        -6057.597403         6795.312305                
O              108                                                      
     4.068794904         8.707722167        -6.672016607                
    -1.395185881         2.197388749       -0.3117553710                
     4394.391626         7026.600344        -3745.600331                
O              109                                                      
     8.274257463       -0.9503939010       -0.9309513203                
    -2.170986381       -0.3738505977        -2.856592954                
    -6261.940503        -4268.865471        -8463.091315                
O              110                                                      
    -1.916374454        -9.046597672        -5.760011120                
    -8.923604515         1.105442445        -1.743883101                
    -6863.762176        -8725.976362        -2248.951663                
O              111                                                      
    -1.957322624        -1.127948128        -5.746587713                
     2.234667553         7.615257565        -5.720582966                
     475.9047743        -6485.312342        -16707.93634                
O              112                                                      
     8.053649849        -9.190542435        -1.286690721                
    0.3343378355         3.007389328        -1.861665598                
     1243.903326         1244.598011         5397.628328                
O              113                                                      
     7.698344163        -1.189944292        -3.530351280                
    0.7424571470         3.311744313        -1.958904235                
    -13935.89217         1851.334474         1761.249071                
O              114                                                      
    -2.297323975        -9.040307209        -3.226174846                
    0.5367591204         6.475041116        -1.989546337                
    -15534.61529        -5672.870182         13754.17602                
O              115                                                      
    -2.546667892        -1.040946567        -3.303427874                
     2.332103066        -2.724648024         4.628749089                
    -4812.094718        -10520.45917         17810.45369                
O              116                                                      
     7.701592838        -9.118918183        -3.842775347                
    -4.175061031        -1.418896693       -0.2792317667E-01            
     10800.39473        -5376.956505         9017.058615                
O              117                                                      
     5.074104497        -1.187064654        -3.399944707                
     3.809441392        -2.286473985        -1.423230457                
     4390.617977         9046.813003         6169.177378                
O              118                                                      
    -4.870593772        -9.049166301        -3.231741365                
     2.554295233         5.089423648        -1.613244528                
    -208.2151300        -5500.978534        -9520.931249                
O              119                                                      
    -5.044018440        -1.051390518        -3.321830200                
     1.256776123        -2.518483960       -0.8059571438E-02            
    -4145.368565        -3321.591828         5462.857638                
O              120                                                      
     5.205214883        -9.102712588        -3.725014936                
     1.514328707         2.797621801         3.470502147                
    -1266.028121        -11633.59334         3525.982402                
O              121                                                      
     2.433756354         3.039851034        -3.261228766                
   -0.6498352013         2.183810888        -1.028930994                
     14515.15702        -14615.67569         8683.327565                
O              122                                                      
    -7.422283114         6.980339855        -3.327812518                
     3.416708942         3.776037741         4.597655754                
     4080.412029        -3333.242760         7031.842322                
O              123                                                      
    -7.552503794         3.067473048        -3.547402510                
     2.171419798        -3.146783868        -3.389050750                
    -20178.06860         3605.178535         6758.999120                
O              124                                                      
     2.743827180         6.930730241        -3.562909961                
    0.2662544144E-01     3.927676858         1.905803363                
     3968.550252         2668.835403        -2076.765656                
O              125                                                      
     4.017077060         2.856083830        -1.005295479                
     5.655130988        -4.486094962        -2.647422021                
    -738.8641113         16513.87435         1934.436241                
O              126                                                      
    -5.977271156         6.993409617        -5.578467284                
     4.270300599         7.103835490         3.261486475                
     8329.141911         4572.026893        -5159.826661                
O              127                                                      
    -6.161938199         2.968991828        -5.762757323                
     2.573542275         5.440839184        -3.557855281                
     6246.474075         8744.239140        -4606.991613                
O              128                                                      
     4.167624349         6.797562518        -1.291282792                
     2.256470691        -5.626725357        -4.224511924                
    -3688.822093         1976.662863         1509.591178                
O              129                                                      
     4.117589245        -3.501013368        -6.320011829                
     3.530061499         1.036625825       -0.4950989895                
    -884.5210770         5199.721110        -986.5754855                
O              130                                                      
    -6.040002180        -6.750127463       -0.6016040744                
    -1.004038709        -4.908001556         6.184878685                
     772.2610878         3425.915441         6810.585994                
O              131                                                      
    -5.927731302        -3.442337683       -0.3452007110                
     3.631291017         2.946220418         3.854812320                
    -14281.79061         4223.593585        -11907.85976                
O              132                                                      
     4.199128242        -6.889195731        -6.623205217                
    -4.837044425        0.6856749777         5.611615606                
     13914.72522         8727.718687        -18.66351231                
O              133                                                      
     8.172355788         2.935687292       -0.9805542897                
    0.3247511251        -5.711776295        -1.684994661                
     1895.825883        -1870.350629        -19151.96574                
O              134                                                      
    -1.825701105         6.951036953        -5.712524082                
    -5.040924004         8.315548867         1.838958094                
     1792.186496         2090.303993         22412.22180                
O              135                                                      
    -1.929224511         2.997410124        -5.769987167                
     3.287701488         4.172747178         8.687336756                
     5933.919396         3345.477820         8241.943708                
O              136                                                      
     8.156518952         6.954364806        -1.315499123                
     5.072430555        -1.814482044        -3.569434907                
    -5334.086105         913.9815763        -2511.187326                
O              137                                                      
     7.534228767         3.011758134        -3.423925184                
     2.966883306         1.079384341         1.725623471                
    -7613.488267         1696.578707        -7231.192372                
O              138                                                      
    -2.226324448         6.925917593        -3.164755227                
   -0.5507070223         1.059217769        -2.012161785                
    -9513.274476        -14456.68498         12464.18196                
O              139                                                      
    -2.510811329         3.015353232        -3.278529436                
     5.955492449         6.639890016         3.101769994                
     7970.875420         1342.805170         8376.319860                
O              140                                                      
     7.850119520         6.872764606        -3.855501356                
    -2.197017310        -8.367598794        -1.103746733                
    -19885.79423         6670.661111         135.1426561                
O              141                                                      
     4.930724708         3.134350252        -3.359989948                
    0.5172474892         5.143921202         6.016481807                
    -2416.505511        -4361.320429         4815.248881                
O              142                                                      
    -4.787958675         6.990028109        -3.356653678                
   -0.2302838694       -0.2083285409        -3.283894645                
     1572.164585         3487.189441         6937.640479                
O              143                                                      
    -5.015226455         3.041302269        -3.388404097                
    -1.205634459         1.580295902        -5.680828687                
    -13519.98156         3209.601385        -14335.36773                
O              144                                                      
     5.248956296         6.975678824        -3.674428168                
    -2.727126243        -1.006730988         5.164874501                
     10523.06998         4620.764939        -3776.980074                
O              145                                                      
     3.870870850        0.9115890085        -2.455711228                
    -3.922720836        -4.424193923        0.7919045081                
    -9772.905427         702.2375499        -13579.86640                
O              146                                                      
    -6.159115998         9.079879389        -4.165026252                
     4.180771222        -3.874998816         3.273703778                
     7184.489384         24547.46240         6443.902047                
O              147                                                      
    -6.219977161         1.007121128        -4.303646338                
    0.4360996733         3.297926806       -0.6227175886                
    -5206.818445        -23306.95713         7627.042029                
O              148                                                      
     4.025552661         8.963943056        -2.729111747                
    -3.692068869        -4.858173718        -3.520085253                
     109.1246896         40640.52140         1118.318297                
O              149                                                      
     8.630765156        0.9099296107        -2.531686241                
     5.764952783         5.648879506        -4.645364165                
     3348.559391        -11837.74613        -5487.945581                
O              150                                                      
    -1.359480898         9.028458138        -4.279728153                
    -1.278996860        -1.992818490         3.769260593                
     1076.112281        -3081.188418         2338.533054                
O              151                                                      
    -1.486877597        0.9258757339        -4.309053253                
    -2.591836466         2.639762296         3.853345117                
     13523.09654        -5300.576037         3983.734627                
O              152                                                      
     8.793839844         8.993425961        -2.799993767                
     2.434575339         6.222908560        -1.524052001                
    -14964.79634         17098.05663         7053.411581                
O              153                                                      
     1.930517100        -2.623809334        -5.182218618                
   -0.2222841810         2.048853980        -3.857753989                
     4906.671891         4628.001319        -10645.41838                
O              154                                                      
    -8.310205329        -7.576932070        -1.524290707                
    0.7634707342        -1.833132297         1.171772257                
    -12401.32837        -8688.529633        -12210.27200                
O              155                                                      
    -8.122115459        -2.558518452        -1.468566115                
     2.217869214         3.232371383        0.3608090232                
     1412.032307         4143.127368        -17126.78875                
O              156                                                      
     1.995189116        -7.721969980        -5.555272324                
   -0.3792268577        -1.530058133        0.5277452290                
     6879.925595        -1847.621341        -8822.159215                
O              157                                                      
     1.977316433       -0.3025512338E-01    -5.434987046                
    -1.822122841        -3.951389690         3.544927499                
    -352.4321015        -17617.68137         16338.01411                
O              158                                                      
    -8.144067312         10.09633068        -1.235012050                
    -6.819471436         10.51447615        -1.449662328                
    -4441.634593         4896.604976         1648.858934                
O              159                                                      
    -8.175504775       -0.7389167659E-01    -1.434715339                
    -1.005368237         2.057269972        -2.158512097                
     16860.40029         1661.355617         4119.773807                
O              160                                                      
     1.975121951         9.936424811        -5.769935565                
     1.921360440        0.2029253576         1.945561719                
     1650.489409         2355.900271         94.16839177                
O              161                                                      
     1.889382531         2.393099922        -5.595565506                
    -4.958459420         9.378653427        -4.603785922                
     6787.464090         6540.806687        -4488.528613                
O              162                                                      
    -8.140994928         7.590465433        -1.119956360                
    0.4345786305        -2.015452481         7.479381572                
     6503.596671        -5507.989463         665.4068697                
O              163                                                      
    -8.173564757         2.416786206        -1.285303315                
    0.6871190054         5.580291790        -3.564842550                
     7556.709717        -2883.477615        -1808.999516                
O              164                                                      
     2.054980110         7.447102126        -5.860276872                
    -2.540537371        -3.741620579         2.058472779                
     4412.828728         11921.69912        -21466.83026                
O              165                                                      
     6.231386652        -2.617586679        -5.238816742                
    -6.701844603         2.806901237         6.766584083                
    -4822.987969        -11807.54732        -15486.08917                
O              166                                                      
    -3.792724989        -7.620149413        -1.419755148                
   -0.5438426292E-01    -1.094994870        -4.651426015                
     5028.567344        -12130.22696        -8442.189269                
O              167                                                      
    -3.832632176        -2.428828964        -1.443526326                
    -1.283450896         1.908943961        -1.252313074                
    -7360.175834        -24696.86776         9217.440096                
O              168                                                      
     6.335257453        -7.670962727        -5.581395894                
    -2.131037389        -5.406252995        -2.922069735                
     1963.921511        -3989.000462        -1845.910062                
O              169                                                      
     6.129815555       -0.1139372786        -5.460225683                
     2.388709665       -0.4054086981        0.6893364181                
     2323.097791        -13050.29729         10575.04035                
O              170                                                      
    -3.783210161         9.907621018        -1.342624247                
    -4.167094678        -2.467456071         2.072381654                
     694.6216131         11009.40136        -139.8967682                
O              171                                                      
    -3.949420103        0.3810692142E-01    -1.325399728                
   -0.5541740714        0.1334478377        -6.067318017                
     3684.199655        -15417.78583        -8172.325142                
O              172                                                      
     6.196421236         9.933352185        -5.735999309                
    -2.231469145        -5.697171548        -6.261508570                
    -4035.735450        -1424.602208        -4401.686126                
O              173                                                      
     6.014141117         2.382090838        -5.395783078                
    -4.392902872        -6.060578553         2.422558997                
     7806.974178        -3986.735033        -14407.53320                
O              174                                                      
    -3.810249932         7.409974478        -1.185859532                
   -0.4826883883         1.966638939        -9.280103765                
    -5416.262531         12732.36738         17384.74903                
O              175                                                      
    -4.112376429         2.517758332        -1.265507840                
     2.229796973       -0.2879095321        -3.017341002                
     13140.57196        -6179.420373         22825.64566                
O              176                                                      
     6.198985320         7.407194952        -5.949051112                
     3.155107191        -3.210532418         2.191995493                
    -2631.480341         3361.151686         7385.310006                
O              177                                                      
    -10.11218765        -1.142346023        -2.544280610                
    -2.300214807        -5.614264015        -1.214265134                
     13984.52111        -8180.873724        -8211.041460                
O              178                                                      
    0.1573471366        -9.097856148        -4.393930495                
    -6.396058260         7.929757289         3.370726259                
    -17967.57681        -14509.83497         4292.279463                
O              179                                                      
    0.3720842743E-01    -1.141656278        -4.145502669                
     1.330790168        -3.953428390        -1.957700189                
    -2297.136105         7460.700877        -1968.788738                
O              180                                                      
    -10.14428548        -9.131687575        -2.635194805                
    -4.397518135         9.088298795        -4.882365230                
    -8460.502570         5798.643185        -3291.096157                
O              181                                                      
     10.10512214         2.993764269        -2.599454997                
   -0.6938864892        -1.812946611         5.500841347                
     22118.96924         5683.735222        -12724.87308                
O              182                                                      
    0.1807456164         6.943817125        -4.323036920                
     4.427587949         2.277432295         3.988710552                
     11956.71921        -995.4729130         6091.226979                
O              183                                                      
   -0.2752161703E-01     3.046133073        -4.178650273                
    -3.432468055        -2.954852940        -1.845760373                
     24083.00924         5255.454059         6344.816411                
O              184                                                      
    -10.03726215         6.958134439        -2.646577990                
     1.970771147       -0.6517966797        -3.155673172                
     4661.997128        -8210.174421         3962.415755                
O              185                                                      
     1.635565375         4.937333015        -4.722070587                
    -1.302975735        -3.872071058        -3.828913033                
     4283.256710         8744.942355        -9351.458891                
O              186                                                      
    -8.571374649         4.933894321        -2.103047928                
    0.3834853605E-02    0.8504831361         7.335211624                
     3076.224426         19964.40088        -6351.834225                
O              187                                                      
     6.337910171         4.954997995        -4.593181937                
    -1.695531541        -5.586112694       -0.3406519646                
    -1600.557845        -1406.926305        -9285.962527                
O              188                                                      
    -3.701002973         4.953697734        -2.253736144                
     1.478993085         2.173831619         6.324076832                
     9920.564111         9842.762716         5910.103841                
O              189                                                      
     5.988726677        -5.097466163        -6.324921439                
   -0.5081973427        -3.944965850        -6.296738775                
    -410.7180821        -16297.37334        -4799.880131                
O              190                                                      
    -4.155472931        -5.036322856       -0.6852144790                
    -1.781785227        -1.345188982       -0.2573192231                
     3649.811261        -6390.020148         7158.015629                
O              191                                                      
     2.381070524        -5.188569136        -6.220757434                
     3.465704047        -4.013379361         1.307775677                
     5470.481283         1179.377565        -3349.532085                
O              192                                                      
    -7.881907198        -5.097981918       -0.4823669789                
   -0.9956783516        -2.509849894         3.248820346                
     7167.076696        -515.9502090        -8698.203569                
O              193                                                      
     7.712392491         1.076774495         3.648930238                
   -0.3036262247        -7.123179390         5.225863639                
    -10056.63039         2213.711413         9538.633500                
O              194                                                      
    -2.681658064         8.945598595         3.437566089                
     2.927207580         5.733969245         2.678628024                
    -4944.378651         7239.518365        -11090.41899                
O              195                                                      
    -2.458923938         1.049379998         3.278608865                
    -1.934360205         3.107394322        -3.318765257                
     4794.943901         1493.642642        -279.2328550                
O              196                                                      
     7.637991878         8.934078684         3.168771976                
    -2.293578221        -1.114677392         3.391986878                
    -16105.27864         3873.345677         9785.296454                
O              197                                                      
     6.094628641         1.002729403         5.780690980                
    -1.792152164         1.910720459         1.047139830                
     10332.24571        -2020.931579        -3143.419929                
O              198                                                      
    -4.031335599         9.007884610         1.143008013                
     2.919193629         2.468579531         8.783446499                
    -2793.449841        -7890.432668        -13563.97498                
O              199                                                      
    -3.916999906         1.096387063         1.006768084                
   -0.9040224449        0.7560487347         1.171353580                
    -425.9938966        -6078.930657         21429.16213                
O              200                                                      
     6.072726327         8.970940026         5.424135047                
    -4.458003632        -12.09065240         4.863324475                
     3237.336569         5754.783449        -33514.99434                
O              201                                                      
     6.084567163        -1.148208501        0.5737797597                
     2.946152267        -5.607262012        -5.227548817                
     3005.194302        -8192.219140        -10662.10442                
O              202                                                      
    -4.075176907        -8.873401012         6.417503898                
    -1.948733692        -1.798053470         1.967421566                
    -23247.88864         4135.602733         3102.744956                
O              203                                                      
    -4.072324808        -1.208044437         6.325446160                
    -1.745367584         8.140165970         5.249663095                
    -11671.29799        -4370.736674        -2688.259609                
O              204                                                      
     6.081780875        -8.830900203        0.2880451517                
    0.9908905596         8.578024221         2.364406908                
    -9555.115102        -2975.331731        -6334.914568                
O              205                                                      
     1.957388300        0.7847150858         5.790208153                
     2.676794417        -3.568633790         3.870496010                
    -1428.186995         15831.61250        -5085.353012                
O              206                                                      
    -8.065548600         8.885455428         1.139234418                
    -4.269492646         7.409288904         1.854025895                
     9117.525376         12622.78987        -17951.99386                
O              207                                                      
    -8.156572659        0.9979989363        0.9314321301                
    -2.539366177        -1.050006346         1.107010758                
    -5993.787092        -10536.66877         27790.74154                
O              208                                                      
     1.987616562         8.947805344         5.432170033                
    -4.845129738       -0.4585832556        -3.893676182                
     1868.605818         39.23551606         4963.766752                
O              209                                                      
     2.509493505        0.9367537104         3.258013317                
   -0.2582028428        -3.857395630        -5.334917674                
     14543.68825         10923.94485         377.1170849                
O              210                                                      
    -7.655173318         9.051347438         3.704413786                
     1.451088562        -2.584711590        -5.241885295                
    -7669.734435        -9588.219413        -2470.614948                
O              211                                                      
    -7.505591116         1.246763743         3.428204523                
    0.9333772774        0.4692317355         5.977964164                
    -11463.80953        -12866.81038        -2014.823142                
O              212                                                      
     2.473940814         9.027699032         2.901652671                
     7.571184175       -0.5484754317        -2.851295774                
     10902.74401        -690.8239345         4658.330015                
O              213                                                      
     5.129975009        0.9445772988         3.374717689                
     4.950169741         2.730298779        -3.613821738                
    -2932.137815         2862.171890         7799.553665                
O              214                                                      
    -5.158347219         9.068512314         3.651095769                
    -9.405634588        -2.993870076         7.015115650                
     3492.955327         7560.172282        -15112.53041                
O              215                                                      
    -4.972460460         1.083718714         3.441329935                
     3.813840416         6.720852065         7.149254938                
     7232.693732        -869.1426052        -11080.41041                
O              216                                                      
     5.123082332         9.170489943         2.909674559                
    -2.531903318         2.160907726        0.6948202676                
    -7789.368718        -4493.931066         14889.21020                
O              217                                                      
     7.782682346        -3.262100011         3.518981766                
     1.771034892         2.888706645        -4.858628203                
    -20396.42403         4464.224472         11711.19918                
O              218                                                      
    -2.527845909        -6.984272055         3.178122549                
    -2.626102199        -4.002272409         2.982618110                
     9641.917200         1962.526207         13058.41076                
O              219                                                      
    -2.489456507        -3.114978454         3.293104680                
    -1.489302533         2.343498270        -7.083336709                
    -6553.615369        -5265.952668         751.7623226                
O              220                                                      
     7.629914551        -7.097147805         3.279729587                
    0.9827578014        -3.092129801         1.878052685                
    -179.0402595         8501.200359         7808.420140                
O              221                                                      
     6.134019189        -3.080962904         5.776649965                
   -0.2883799847         5.130241083         2.903427260                
     9231.489042        -1344.223821        -20301.88486                
O              222                                                      
    -4.035891959        -7.059002071        0.9707317174                
     3.309611094        0.4312401380        -1.559410606                
    -3323.150277         6549.457546         15141.37574                
O              223                                                      
    -3.893062219        -3.068339728         1.056550759                
     1.162239494        -4.262675875         1.694620738                
    -672.3003533        -5267.564819         3520.974793                
O              224                                                      
     6.247568833        -7.007701406         5.485209928                
     1.508800138        -2.809063468        0.3151891748                
    -10003.91841         6188.666287         9339.638692                
O              225                                                      
     6.126592261         3.233353070        0.5216282539                
     4.677791603        -5.215015422        -4.793395129                
    -4775.458536         16554.43248        -7773.981001                
O              226                                                      
    -3.912363434         6.750491230         6.452967674                
    -2.933077989        -1.125317998         6.331168361                
    -11676.55511        -3725.306897        -4550.974324                
O              227                                                      
    -4.028878103         3.530320875         6.447473734                
    -2.733919000         3.345105473        0.2938600880                
     12283.89240        -6381.853250        -2079.221058                
O              228                                                      
     6.043348208         6.509231038        0.2477784972                
    -5.366018072        -3.612159870         4.285386945                
     27402.89553        -3796.984974        -3306.292205                
O              229                                                      
     1.931445595        -3.202958084         5.865995257                
    0.4116834824       -0.8812563638       -0.2762734199                
     14829.11429         3648.410917         14771.30342                
O              230                                                      
    -8.098516150        -7.267708622        0.9351433216                
    -1.646546399        0.9564702758        -8.643931243                
     1088.318716         5484.531519         11080.37050                
O              231                                                      
    -8.074274064        -3.057252069        0.9936228313                
     5.386328784         5.554576539        -5.946009187                
    -7800.952611         19567.13199         15952.39756                
O              232                                                      
     2.080286194        -7.129578657         5.603417013                
   -0.3575738508       -0.9098238059        0.1108109984                
    -3287.465196        -281.8117765        -3263.279335                
O              233                                                      
     2.640622747        -3.250414485         3.414267885                
    -4.624983547         3.608336860        0.9734942310                
     8022.098921        -1195.627687         1849.580351                
O              234                                                      
    -7.603900293        -7.019162161         3.508623138                
    -1.395476629        -2.457499487         4.618879713                
     2251.471476         2847.002854        -6640.423579                
O              235                                                      
    -7.620177251        -3.027929878         3.496876234                
   -0.2224540270       -0.1353464363         2.553236429                
    -8098.478723         6244.592619        -16309.35189                
O              236                                                      
     2.481627987        -7.120824666         3.157331455                
    -1.940199356         1.608168386         5.464949439                
     19630.67764         14809.97626        -20751.58121                
O              237                                                      
     5.227233066        -3.247868287         3.396787520                
    -7.063000374        -4.981948016        0.5686149255                
     4754.025462         2837.584406         9219.182433                
O              238                                                      
    -5.027752290        -6.972707339         3.411286230                
     3.670592285        -4.302271168        0.2532399876                
    -2894.301368        -4633.856899        -4457.451178                
O              239                                                      
    -5.049834631        -3.096510131         3.386223128                
    -10.49617502         4.878399461        0.5824013573                
    -4709.911241         1807.722586         3510.228013                
O              240                                                      
     5.054906839        -7.263159732         3.096354333                
     3.123193811       -0.4169755275        -2.822680739                
    -4926.027204         12620.16305         6364.978022                
O              241                                                      
     6.470352874        -1.031277588         4.262428024                
     1.093965550        -2.469517410       -0.4932347085                
    -2678.121854        -36350.96306         2279.999872                
O              242                                                      
    -3.784223127        -9.122770859         2.517204546                
     2.320849326         4.626090076        0.2851529960                
    -9669.345974         22631.11720         5129.915979                
O              243                                                      
    -3.752947802        -1.001006858         2.545978315                
    0.8436829634        -4.093402268        -7.071632022                
    -3206.500742         6238.253222        -218.1433828                
O              244                                                      
     6.425829376        -9.140519316         4.041807341                
    -4.027076997         2.665093305         1.232823338                
    -3851.166490         1021.838038         4770.507246                
O              245                                                      
     1.478608002        -1.110754447         4.255175414                
     5.077253388       -0.1066342342E-01    -3.349236904                
     4131.031110        -11850.63483         7718.647574                
O              246                                                      
    -8.614249552        -9.202288816         2.567419024                
    0.4268030733       -0.5101582099         1.196367228                
    -1914.167098         5920.821083        -8664.606159                
O              247                                                      
    -8.714134240       -0.9022828567         2.533100219                
    -3.668351310        -3.638688858        0.9662523559                
     11304.68947        -6485.497991        -7084.860411                
O              248                                                      
     1.468489092        -9.147127843         4.072845778                
     3.583611644        -3.703971683         1.885662238                
    -2233.624699        -20374.99440         5761.670528                
O              249                                                      
     8.370909771         2.529798291         1.513011060                
    -4.086571624        0.6549909833        -2.600958600                
    -2493.616027         14890.71453         10686.62371                
O              250                                                      
    -1.740813446         7.573786412         5.409146971                
     5.256841024         4.023948809        0.5826074592                
    -5756.337283        -8909.516839         5954.106820                
O              251                                                      
    -1.901623729         2.431214608         5.362806437                
    -5.217458649         5.877336155       -0.4047938150                
     1113.874936         6980.072055        -2683.124834                
O              252                                                      
     8.292256227         7.519070551         1.104032632                
     1.026552790         7.140571003        0.7314217875                
    -181.5175741         10522.36880         6131.144583                
O              253                                                      
     8.113578123        0.1899234554         1.402712446                
    -5.590354535        -2.683231371       -0.3303830881                
     10474.07849        -12475.06530         4129.832045                
O              254                                                      
    -1.990898976         10.08204040         5.506559892                
     8.727462497         1.813020277        0.5451278326                
     5161.218179        -7707.559872        -6366.731880                
O              255                                                      
    -1.904674373       -0.1088606890         5.453605319                
     1.937436137        0.3746062649         7.196114306                
    -573.7143251        -927.9398483        -3404.552009                
O              256                                                      
     8.293289402         10.04036611         1.087831216                
    -3.486019710        -7.269969452         3.142061314                
    -9080.889913         7897.284196        -10064.01941                
O              257                                                      
     8.207037392        -2.384236989         1.274021760                
    -4.391855824        -1.551064786         2.466503662                
     3065.339174        -2781.631577        -1618.954499                
O              258                                                      
    -2.042149320        -7.629611173         5.554441032                
     4.829535315        0.9344333211         3.560362539                
     699.7683557         5444.711106        -3651.521370                
O              259                                                      
    -1.934086125        -2.639412553         5.593039233                
    -5.625730967       -0.6644429808         8.591072559                
    -12544.89487         7874.236601         8316.944261                
O              260                                                      
     8.146507226        -7.597667266        0.9771778228                
    -5.059474438         3.149534623         1.966258823                
     9887.609629        -8043.020899        -166.1510060                
O              261                                                      
     3.960071340         2.405658236         1.540599439                
   -0.3031805663         5.204165035        0.2724398267E-01            
     4839.137859         9293.082150        -7939.561191                
O              262                                                      
    -6.260472623         7.635459306         5.556974031                
    -3.286525826        -1.615921172        -2.109520857                
     14669.96867        -1060.159664        -4180.010338                
O              263                                                      
    -6.087036375         2.588489016         5.293277891                
    -5.320083968        -1.073605840         6.046513584                
     2290.579584        -244.3248157         2935.917302                
O              264                                                      
     3.979207667         7.579764897         1.206061818                
    -4.020970941        -1.553408623        -5.732735942                
    -2505.671920        -3791.122811         3377.792313                
O              265                                                      
     3.993388494       -0.1316007573         1.452675752                
     8.386607879        -3.304578539         3.335968250                
    -4874.361872         1977.430034         782.0031358                
O              266                                                      
    -6.205172216        -9.997193854         5.556495877                
    -2.636762116        -4.602077593         2.316816107                
    -550.3739047         8983.100135         10406.12809                
O              267                                                      
    -6.169342119        0.6481376958E-01     5.343476788                
    0.7225650868         4.861947839         5.621409558                
     1525.701972        -7263.351323         14087.82207                
O              268                                                      
     3.922846937        -9.994215126        0.9824029316                
    -2.694082894        -5.184561659        0.1050557442                
     2423.834690        -6663.884065         10082.38517                
O              269                                                      
     4.077617802        -2.663776468         1.317300798                
     3.300503262         2.429908491        0.8706975953                
     1707.466837         8432.461703        -5187.228617                
O              270                                                      
    -6.130805707        -7.506783116         5.613505912                
     1.141570940         6.125946153         7.061883432                
     2512.354490         3820.316394         198.7847492                
O              271                                                      
    -6.216572266        -2.469244104         5.506973510                
    0.4670962057       -0.7385033857         2.005858253                
     8937.489177         15172.75384         11643.77050                
O              272                                                      
     3.853415487        -7.473988034        0.8731578613                
     2.806708782        -1.070892541        -6.654735070                
     10622.86625         29.03828347         16948.50857                
O              273                                                      
    0.2664505276E-01     1.014333191         4.178136098                
     3.138067903        -3.304907880         3.396972448                
    -19836.16722         5849.603687         5518.562967                
O              274                                                      
    -10.14531673         8.918995508         2.452400882                
     1.821287436         2.650250022        -5.417773407                
    -7913.170642        -367.8179755        -2410.624324                
O              275                                                      
    -10.14920088         1.133389331         2.653601895                
    0.9773272410         2.564006409        -2.561155280                
     24101.92160        -5977.005036         4372.840862                
O              276                                                      
   -0.1041111599         8.995369963         4.024403778                
     4.297653348        -2.777571677        -9.790003136                
     15833.19473         9991.671753         3115.859572                
O              277                                                      
    0.3267293898E-01    -3.183819980         4.193654496                
     5.392739282        -2.257373884        -1.139103644                
     2393.235437        -10528.39329        -89.51515466                
O              278                                                      
    -10.12299742        -7.126556625         2.453810123                
     1.337179431        -3.818498606        -1.838341194                
    -4859.746999         7056.865084         3953.000121                
O              279                                                      
    -10.10556529        -3.047286826         2.524129893                
    -7.000736367        -1.910839111         2.723447233                
     10898.43082        -3668.249654        -3383.436629                
O              280                                                      
   -0.3723901916E-01    -7.064098656         4.152515274                
    0.8766312115        0.5656156483       -0.2526922094                
     17173.61469        -4086.489258         375.2200719                
O              281                                                      
     8.633878597        -5.118675551         1.944569584                
    0.1278466753         4.958696852        -2.196077361                
     7974.904388         16055.05024         16948.46033                
O              282                                                      
    -1.607592490        -5.118124670         4.626403387                
    -2.613631050        -1.750521035         1.429745591                
     1146.346750        -8385.534572        -2138.861106                
O              283                                                      
     3.872100051        -5.145944815         2.270860603                
     8.095190683         4.137335721        -1.725838575                
    -118.9037453         692.6371716         1418.883105                
O              284                                                      
    -6.309475182        -4.998463902         4.535980801                
     6.005681831        -5.204627077        -5.653647801                
    -2844.136896        -8109.873422        -2646.241198                
O              285                                                      
     4.203797943         4.886722989        0.5465339428                
    -6.622811861       -0.7563580898         2.939574798                
     1700.746843         5303.148813        -5439.151506                
O              286                                                      
    -5.818184451         5.104483020         6.387119654                
    -1.945888487         3.006464910        0.3357364253                
    -26.68322883        -18090.32558        -8361.065892                
O              287                                                      
     8.002276357         5.000187744        0.4478186189                
     3.715206393        -4.098543592        -3.237964868                
    -11254.27291        -1012.791353        -6759.534293                
O              288                                                      
    -2.096938036         5.047934287         6.245975446                
     1.564966628         2.251998422        -5.955724407                
     2020.782078        -16532.37866        -4772.106460                
C              289                                                      
    0.9201446903         5.204318546        0.7198087461                
     1.733201202        0.2799649448        -2.183007580                
     39.20204654         68.61272736        -101.4652229                
C              290                                                      
    0.5505684473         6.536504619        0.9402796668                
    -3.208081992        -1.245210052        -1.250294954                
     126.1555285         16.23769681        -68.62562004                
C              291                                                      
   -0.5791903748         6.830846609         1.712942461                
    -4.355743816        -5.978743587        -1.125147719                
     2.263599779        -146.4101317        -160.8564194                
C              292                                                      
    -1.339372955         5.793002528         2.265134336                
   -0.5621224519        -9.187102128        -1.932713109                
    -39.32120418       -0.6316682699         36.51118921                
C              293                                                      
   -0.9697967106         4.460816454         2.044663415                
     4.379160746        -7.661927128        -2.865425736                
    -64.39148421        -74.61382121         44.80693030                
C              294                                                      
    0.1599621114         4.166474463         1.272000620                
     5.526822571        -2.928393593        -2.990572971                
     7.280154869        -17.37644020        -49.57688982                
H              295                                                      
     1.791672926         4.977254724        0.1237545896                
     2.618540326         3.931547962        -2.279549733                
    -997.1068881        -130.8166402        -151.8924379                
H              296                                                      
     1.136998231         7.337146744        0.5143003418                
    -6.134661950         1.229823277       -0.6273015839                
    -14.12548656         77.35358024         104.3435934                
H              297                                                      
   -0.8642888267         7.858552559         1.883017293                
    -8.167662905        -7.155293275       -0.4056121946                
    -30.38574443        -220.8287887        -549.0039680                
H              298                                                      
    -2.210901189         6.020066350         2.861188492                
    -1.447461575        -12.83868514        -1.836170956                
     12.00076178         179.2769985         61.17290249                
H              299                                                      
    -1.556226495         3.660174329         2.470642740                
     7.305740702        -10.13696046        -3.488419106                
    -5.546218826        -31.88369899        -24.25991566                
H              300                                                      
    0.4450605616         3.138768515         1.101925790                
     9.338741656        -1.751843912        -3.710108495                
     114.3456318        -108.4700332         137.8424386                
