Diffusion in Zeolites. ZSM5 (Silicate) Crystal Structure, Si(96)O(192) +
         2         2       300     13334   1.0000000E-03   1.3334000E+01
       20.3183600000        0.0000000000        0.0000000000            
        0.0000000000       20.1714600000        0.0000000000            
        0.0000000000        0.0000000000       13.5858629500            
Si               1                                                      
     1.817857635        -1.192251641        -4.475347202                
    -2.810065000         7.542801791        -3.598083507                
    -19224.56486         21149.30791         27917.86102                
Si               2                                                      
    -8.645560605        -9.077586000        -2.327439648                
     1.360975903       -0.2784895029        -1.975580843                
    -17713.57855         18781.98764         19106.53726                
Si               3                                                      
    -8.502330423        -1.292386213        -2.307196819                
    -5.401557309         4.010362317         7.946094992                
    -18814.23102         5352.974611        -2693.446735                
Si               4                                                      
     1.672646224        -8.865593886        -4.776688381                
     2.981132318       -0.4005056518E-01    0.2797099090                
    -3349.300855        -997.3534057        -10039.64912                
Si               5                                                      
     4.116718741       -0.4932144184        -2.472696574                
     1.492510440        -3.068921845        -2.886769452                
    -18758.62235        -30424.14868         6558.980085                
Si               6                                                      
    -6.133894888        -9.638866382        -4.152260364                
     7.472686694       -0.9310513412        0.7092445400                
     10359.35800         13217.36934         9290.353798                
Si               7                                                      
    -6.193594347       -0.7564285598        -4.274820928                
     6.314399463        -9.453528303        -7.675549196                
     14803.23247        -11272.15888        -33724.64538                
Si               8                                                      
     3.928340965        -9.354696882        -2.710914340                
     4.278350110        -5.942108902         1.677923363                
    -3537.121912        -12835.85768         5109.615110                
Si               9                                                      
     5.832059602         1.279927670        -6.462136597                
     1.801216341        -1.724044857         2.114196404                
     14878.16116        -35634.94957        -9274.988988                
Si              10                                                      
    -4.578384048         8.638363133       -0.4794367684                
    -8.429074005        -5.009664761        -4.372276620                
     38608.23961         23079.38934         44002.04164                
Si              11                                                      
    -4.391200270        0.9427896719       -0.6099010184                
    -3.264062001         3.971860597       -0.8342899226                
     16349.72063        -13042.07440         25245.14025                
Si              12                                                      
     5.459412892         8.718812500        -6.633101152                
     8.135351132        -4.812793951        -2.237151573                
     1036.603867         12504.13569        -6558.520845                
Si              13                                                      
     2.620326034         1.317711259        -6.253571159                
     1.826736199        -6.089653400         4.505576871                
     13201.21939         11911.72423        -3188.152572                
Si              14                                                      
    -7.747545907         8.816274420       -0.3322044434                
    -1.518637782         10.01297189         3.208462489                
    -10597.12066        -7188.231155         11664.02572                
Si              15                                                      
    -7.486681563         1.174924389       -0.5993409433                
     2.183546775       -0.2377286886        0.1693738743                
    -43330.64217         15992.06845         19237.33948                
Si              16                                                      
     2.273011686         8.766251181        -6.561714912                
    -4.566907897        -1.623728299        -10.12150225                
     21661.73974        -17484.21024         49412.48071                
Si              17                                                      
     8.796578856       -0.5840028233        -2.462046167                
    -6.101778314        -1.780795711         5.003646119                
    -44827.34407         13946.55148         3994.516330                
Si              18                                                      
    -1.408647555        -9.432775479        -4.381925881                
     2.097035036       -0.4623137031        -1.514022561                
     13102.83512        -6842.585586        -16550.44027                
Si              19                                                      
    -1.389546932       -0.6231264805        -4.298003716                
     5.814092711       -0.6159782441         2.022991691                
     50070.93741        -4671.013501         2625.862969                
Si              20                                                      
     8.575862878        -9.576214653        -2.699009821                
    -2.977272555         4.239744965         1.266637428                
    -32886.79372        -2880.403841        -1298.213144                
Si              21                                                      
     6.454824507        -1.128472133        -4.389922592                
    -3.497455075        -10.74318444        -1.607137646                
    -7085.676241        -22022.69481        -56817.42977                
Si              22                                                      
    -3.599327891        -9.091448574        -2.289847334                
     1.157802248        0.5988688303        -10.24428704                
    -23035.49865        -16866.75932         4652.924796                
Si              23                                                      
    -3.775362976        -1.537926911        -2.500159828                
     1.213922933         1.629849878         1.128769024                
     34019.66341        -18056.55029         18777.41098                
Si              24                                                      
     6.250620219        -8.996176454        -4.777461279                
    -3.862448659        -6.333097518       -0.3934631779                
     17964.99547        -4616.508095         5115.159202                
Si              25                                                      
     1.621469134         3.535297742        -4.295227477                
    -7.681297760        -4.260498604        -7.664212956                
    -23583.24419        -8286.254031        -6501.520452                
Si              26                                                      
    -8.749073931         6.736140668        -2.402326376                
     2.376057093        -3.138115854        -3.802716986                
     6779.305484        -14115.22887         16261.62118                
Si              27                                                      
    -8.440064916         3.590537459        -2.362378121                
    0.1632069477         1.801933678        -2.536229810                
    -7446.193956        -26611.64607         24563.70111                
Si              28                                                      
     1.358330072         6.639769772        -4.489371660                
     4.492927177         1.262968715         1.287848841                
     41608.00993         1259.307027         17769.23617                
Si              29                                                      
     4.194930862         2.655973150        -2.672958277                
     2.859118284        -1.302961121         4.049173425                
    -26539.60200        -41963.11789         7285.109711                
Si              30                                                      
    -6.300308023         7.389966411        -4.280598260                
    -1.508728487         3.087881120         6.799256454                
     27439.74000        -3429.541900        -5304.541301                
Si              31                                                      
    -6.218159311         2.403260307        -4.261265708                
    0.9518228282         4.703116971         2.880859894                
     2798.966129        -24255.39871         15731.10287                
Si              32                                                      
     3.859525863         7.660399022        -2.806110612                
     7.237391944         1.237346430         3.426548257                
     4733.150046        -27730.60894         24881.44712                
Si              33                                                      
     5.794554539        -3.575679357        -6.310283862                
     2.724736069         3.372172314        -4.763078754                
     5966.061099         4151.772506        -10416.22235                
Si              34                                                      
    -4.398037341        -6.812471449       -0.3589792083                
     3.368933248         2.118014313         10.79939653                
     4978.247689         5184.581105        -15064.38708                
Si              35                                                      
    -4.259274578        -3.703468297       -0.3207344035                
    -2.756377503        -3.117239361        -4.513723992                
    -7813.988926         3064.782955        -25974.35121                
Si              36                                                      
     5.824632350        -6.599645585        -6.659479038                
     2.743487226         4.194328443       -0.9889091300                
    -1093.057666        -3162.106269         11609.09269                
Si              37                                                      
     2.650901837        -3.438356296        -6.441086125                
    -1.554052682        -7.149594553        -1.433346876                
    -11258.80147         8746.460915        -29283.98043                
Si              38                                                      
    -7.564605238        -6.650467558       -0.4996520745                
    -5.991534209         2.748277664       -0.1969072085                
    -4945.255814         220.6066501         14608.99940                
Si              39                                                      
    -7.456865210        -3.562995800       -0.4351528465                
   -0.6092686067E-01   -0.1171411386         4.435443184                
    -12819.74165        -5093.433839         23426.71740                
Si              40                                                      
     2.652583659        -6.506719180        -6.650492772                
    -1.823947357        0.4909639534E-01    -1.281199845                
    -29115.05368        -12849.00764         2225.430627                
Si              41                                                      
     8.876001079         2.620549304        -2.445480640                
     6.320241479         1.948777553        -2.555530765                
     5751.622510        -25956.83494         28016.30217                
Si              42                                                      
    -1.526659732         7.639958176        -4.182317356                
    -5.803423878         2.700947381         2.982039723                
    -17021.21776        -35319.68001        -14958.20832                
Si              43                                                      
    -1.349054807         2.490905324        -4.283497162                
     1.553321871       -0.5915263273        -5.287630955                
    -1062.014039         3219.932471         17176.99889                
Si              44                                                      
     8.547260990         7.497220960        -2.590595106                
    -8.576434769        -1.452016493         5.553275150                
    -11832.36662        -5501.121018        -1052.735078                
Si              45                                                      
     6.617525181         3.497743774        -4.465114965                
     3.803460372        0.6728151713         1.984354258                
     5670.341587        -5309.146890         8238.463707                
Si              46                                                      
    -3.878671171         6.413351990        -2.409372514                
    -4.064519327       -0.5413349539         3.200916454                
     12762.31319         2355.640658        -23116.49861                
Si              47                                                      
    -3.822687058         3.322730393        -2.433558612                
     2.940459088         2.357544468        0.5675267825E-01            
     40062.58544        -20489.08084        -202.6133642                
Si              48                                                      
     6.250394161         6.576694022        -4.539951225                
     2.059383840         1.883701875         3.077034711                
     15282.07515         8828.941975        -1441.759660                
Si              49                                                      
     8.745568460         1.217759429         2.267789595                
     9.984447475        -2.762354372         2.340923671                
     14716.38896         22963.42021        -13802.39994                
Si              50                                                      
    -1.661268098         8.721048215         4.409156650                
    0.9425556234        -1.493370574         1.897376148                
    -32756.63233         23481.68058         17117.40614                
Si              51                                                      
    -1.481579958         1.359255134         4.461910691                
    -3.660015786        -2.359855764         3.000667741                
    -13454.28409        -5829.098847         1626.095152                
Si              52                                                      
     8.570641809         8.851044227         2.371457202                
     1.468731537        0.1013296180        0.5539245361                
     18612.53849         41424.15154         3705.204430                
Si              53                                                      
     6.464861174        0.4330053663         4.199236153                
   -0.7376174461        -5.734013559        -1.019889171                
    -850.1864716        -18747.79376        -20142.24156                
Si              54                                                      
    -3.937040263         9.412066879         2.498651905                
    -1.388889492         2.176300957        -1.172233416                
     7648.455853         6423.510128        -6791.745459                
Si              55                                                      
    -3.693450164        0.4594868845         2.404937754                
     1.837925023        0.4736818120        -1.713115591                
     34585.62976         43110.85808         11070.64787                
Si              56                                                      
     6.067962195         9.490057917         3.929802271                
   -0.5263196528         1.098455651         3.418220498                
     9572.085680        -13432.19312         22776.74324                
Si              57                                                      
     4.523563039        -1.306509080        0.5531193074                
     3.111411234        -2.994733943        -1.039680803                
    -2414.970514         30866.03729        -1962.359417                
Si              58                                                      
    -5.617500530        -8.961770492         6.431528569                
     2.834589727         7.643723381        -5.280773129                
    -5542.117369        -19866.54816        -4901.003296                
Si              59                                                      
    -5.510415331        -1.349673824         6.322594052                
    -1.026011590        -9.788051307        -2.703737884                
    -8164.891541        -8069.426188        -24501.34045                
Si              60                                                      
     4.493166744        -8.846241157        0.3250867014                
     3.337245595         1.432020546         1.695990697                
     13535.33306        -14679.90429         1402.956187                
Si              61                                                      
     7.688571844        -1.165606848        0.4568578910                
    -1.543520491        -1.175771804         5.504455996                
     16223.01240         5973.189265         8104.017364                
Si              62                                                      
    -2.471968896        -8.880988907         6.271868279                
     1.109079382         6.016468543         7.702489698                
    -4070.406392        -14404.74547        -10512.65376                
Si              63                                                      
    -2.405975479        -1.017786062         6.370117921                
   -0.6469423529         1.998271960         1.779498571                
     14199.36270        -2738.744405         12717.70655                
Si              64                                                      
     7.668103115        -8.941511767        0.2580051904                
    -1.302487991        -7.973505527         3.198635239                
     3767.328349        -42646.91439         3717.315811                
Si              65                                                      
     1.542348255        0.7729682738         4.403183696                
     4.218976000         1.398566787        -2.305605485                
     13248.66695        -9633.331633        -23457.40764                
Si              66                                                      
    -8.756104385         9.560589428         2.615166952                
    -1.570464013        -9.450687443        -13.14467035                
    -9224.886658         6221.975159        -10148.02568                
Si              67                                                      
    -8.510232327        0.5556156528         2.424659788                
    -9.419286725        -4.393784775        -7.362210881                
     8570.885232         2010.607441        -26891.33589                
Si              68                                                      
     1.281263888         9.385460715         4.169328582                
   -0.8880809204        0.3922795806         3.015211609                
     10342.96983         4238.349253        -12387.04759                
Si              69                                                      
     3.967863226         1.248922578         2.363422075                
    -9.444983616         8.755280621        -3.818606237                
    -13547.73433        -1795.639595         37532.19862                
Si              70                                                      
    -6.335701637         8.958565530         4.383948343                
     1.145492769        -1.824929360         4.612947206                
    -34952.40381        -46249.37246         44237.00608                
Si              71                                                      
    -6.084325984         1.096163148         4.322467385                
    -7.879338298         2.895105857        -2.010705711                
    -16467.98592        -10360.28728         33220.01921                
Si              72                                                      
     3.635075507         8.821278179         2.071963350                
     2.437427603        -3.395983886        0.8482321680                
    -13145.77237         11542.08341        -6030.093790                
Si              73                                                      
     8.679726129        -3.544242785         2.236803906                
     2.351316590         5.022323017         6.807521456                
     5494.687072         3671.387592        -11997.95265                
Si              74                                                      
    -1.520174883        -6.473349590         4.472668959                
    -7.108241395        -3.035508353        -1.320323204                
    -44029.10058         1453.846199         4053.771164                
Si              75                                                      
    -1.539686963        -3.355901174         4.649730481                
    -1.340948625         5.723604611        -6.189984595                
     14099.69715        -7628.457400        -5970.396913                
Si              76                                                      
     8.563323015        -6.588136868         1.971170914                
     1.620353614        -1.185616497         5.402916125                
    -24455.72049        -19024.00031        -5065.913047                
Si              77                                                      
     6.372558525        -2.787217203         4.209984184                
   -0.2715328038        -9.862989409        -2.074561785                
    -18368.93291         2723.278102         18940.71270                
Si              78                                                      
    -3.809687596        -7.651795401         2.606591548                
     1.205192861        -1.127329604         1.283845419                
     24972.55202         38159.00488         26858.26379                
Si              79                                                      
    -3.808917099        -2.586077296         2.560695584                
    -3.128198776        -3.548331877         6.914721907                
     28018.84125        -11165.35454         5964.516792                
Si              80                                                      
     6.223080568        -7.520541695         3.995970364                
    -3.092985067        -1.379733412         5.257125774                
     10046.53479         5438.286965        -1244.135895                
Si              81                                                      
     4.663932378         3.454880329        0.2954085521                
    -1.891454474         6.802740279       -0.5966020919                
    -13650.90576        -1790.741689         18194.51793                
Si              82                                                      
    -5.744761575         6.457284533         6.319864790                
   -0.9544795132         1.630418445        -2.899843926                
     15537.49342        -4188.130303         21559.12417                
Si              83                                                      
    -5.671796064         3.329572046         6.447065057                
    0.6226004922         12.81846661        -2.123073097                
     10423.86700        -4771.793175        -29319.65491                
Si              84                                                      
     4.560247496         6.592607241        0.2103497467                
    -3.796147968        -2.795925930        -2.843971354                
    -623.3922271        -21841.03766        -28229.39338                
Si              85                                                      
     7.819633099         3.546186735        0.3787820587                
    -1.199489963         2.048964016       -0.9327261844                
    -17168.64070         9874.511344         35580.86758                
Si              86                                                      
    -2.502508865         6.577387817         6.555381729                
   -0.9599103583        -1.395987587        0.6905353566                
     8088.073962         3112.492919         12766.24593                
Si              87                                                      
    -2.523751515         3.470025217         6.527975871                
    -2.623834752         4.672236837       -0.1864473284                
     21913.56858        -30712.66620         11055.28461                
Si              88                                                      
     7.769225373         6.639528692        0.3812569082                
     3.817715371        -2.202440262        -7.980385928                
    -10028.64313         13386.49955         6117.131162                
Si              89                                                      
     1.441870042        -2.407774719         4.325038206                
     4.865747108         4.847373422        -5.471292129                
    -9439.455429        -2970.757548         14158.45586                
Si              90                                                      
    -8.760473321        -7.416190758         2.448799882                
    -2.263923320        -3.053848016        -7.225936658                
     8725.279623         10124.95622        -35837.12749                
Si              91                                                      
    -8.661490400        -2.682001009         2.391989174                
     1.982212635         3.513513285        -2.780365346                
    -3512.015966         3337.853233        -71.72454574                
Si              92                                                      
     1.323313538        -7.560480174         4.178188827                
     5.306337203         1.278200750         1.266943200                
     19630.55769        -7623.658993         19739.81928                
Si              93                                                      
     3.759780375        -3.508037579         2.537335535                
     3.266224735        -1.175762187        -3.715920605                
     2017.336808        -4637.161983         10263.53053                
Si              94                                                      
    -6.308361421        -6.769718780         4.389791914                
    -3.011752350         3.455317607        0.6976082929                
    -5720.884544         19176.61723        -29071.32503                
Si              95                                                      
    -6.321285088        -3.584244643         4.283100150                
    -3.406520055        -3.105989663        -3.381371854                
     7437.180106        -1852.634474        -3509.166617                
Si              96                                                      
     3.771873950        -6.645186426         2.378234529                
     1.962540244         1.824983060         4.486624508                
    -41971.99241         26424.35569         2225.876326                
O               97                                                      
     2.794756255        -1.042443868        -3.176366811                
     9.441653886       -0.8821799350         2.685360487                
    -7469.196850         2157.287975        -18759.41935                
O               98                                                      
    -7.516851082        -9.343641985        -3.384955429                
   -0.8572001756        -2.136413192       -0.1713458673                
     2436.371865         2167.326953        -9684.738179                
O               99                                                      
    -7.414192625        -1.247103952        -3.482270815                
     1.137781002         1.796515380         3.753639996                
    -26870.35063        -2378.457117         13057.89815                
O              100                                                      
     2.663177504        -8.978284655        -3.539260760                
     5.188353117         2.110681432         4.319532604                
    -15465.87744         8502.667401         702.8694605                
O              101                                                      
     4.194162848        -1.037109526       -0.9748341672                
   -0.8366341623E-01    -6.843444197         8.685939324                
     5290.874307         6556.448535         6806.633539                
O              102                                                      
    -5.977546152        -9.130651815        -5.629986572                
     9.689817144         9.182639182         11.86391868                
    -11472.63495         5445.888215        -3106.166960                
O              103                                                      
    -5.943783151        -1.188174204        -5.814466715                
    -2.609197148         13.37470025        -5.859196873                
    -20797.41340         4152.613918         30954.19025                
O              104                                                      
     4.075664027        -8.834266517        -1.178322526                
     1.271460242         7.097883881        -9.901755871                
    -4153.416550        -9344.944118        -24217.91935                
O              105                                                      
     4.280961416         1.264058398        -6.454558117                
     10.20953767         5.239386208       -0.2537372429                
    -34153.53816         14327.68219         6429.300074                
O              106                                                      
    -6.129044500         8.776973383       -0.3077350781                
     1.608579625        -4.813353140         1.360402658                
    -13808.41981         2722.041540        -16896.95417                
O              107                                                      
    -5.993794054        0.9221728973       -0.6458699105                
    -7.320013389        -9.419206905       -0.1078521062                
     34339.64099         3929.531505        -9295.898889                
O              108                                                      
     3.849573474         8.756714631        -6.585856419                
    -4.161131877       -0.2371617231        -6.869904538                
     22381.11507        -11958.19403        -2411.353152                
O              109                                                      
     8.055305640       -0.9194513497        -1.036743050                
     9.170334504        -1.925281080        -1.325442780                
     18928.07745        -8757.059803        -21177.63557                
O              110                                                      
    -1.918523377        -9.085677939        -5.834794439                
    -12.70371913         9.972198878         5.857209327                
    -7616.378132         17232.64504        -670.5719405                
O              111                                                      
    -1.821258138       -0.8286504243        -5.770795104                
     7.640414403         8.071085138         3.954762208                
    -12226.54594        -7182.183249        -5113.987401                
O              112                                                      
     8.027400185        -9.235515120        -1.222657145                
     3.372551357        -4.832032691        -2.398263782                
     12199.02811         2063.314895        -18864.04972                
O              113                                                      
     7.779546180       -0.9999489356        -3.636226289                
     2.905003634        -5.560707036         5.409260267                
     14242.45472         2100.317465         19712.14880                
O              114                                                      
    -2.316673894        -9.115449165        -3.140085134                
     1.358543097       -0.4982968909         20.24330660                
     3405.894879         8312.447981        -10514.06431                
O              115                                                      
    -2.437501239        -1.263717264        -3.372090225                
    0.1860319115E-01     6.199102119        -4.375399867                
    -22572.68655        -7303.481559         17835.30419                
O              116                                                      
     7.542847373        -9.177896929        -3.847728207                
     5.895926472         8.184536688         2.771905492                
     4397.353891         12740.44857         1375.482146                
O              117                                                      
     5.295847659        -1.068029052        -3.342188674                
     5.635595789         10.74775498        -6.575356549                
     7642.896513         4290.040853        -4893.215799                
O              118                                                      
    -4.895679106        -9.110940090        -3.286090670                
   -0.4372833966         4.828181052         7.942501250                
     5051.110970        -11460.73167         2337.247055                
O              119                                                      
    -4.947913234        -1.394483333        -3.528610564                
    -7.632649997        -5.353830756        -2.675339042                
    -2442.504115         12740.64995         12671.46639                
O              120                                                      
     5.061383561        -9.073443785        -3.747076131                
     11.00849314         5.920639362         1.202583073                
     6839.039474         11820.90209         8958.533476                
O              121                                                      
     2.768866811         2.976530041        -3.342025915                
     3.834023723         14.41536106        -2.972522259                
     10780.51493         20493.82508         2966.804924                
O              122                                                      
    -7.643502253         7.144590571        -3.471239501                
    -4.269640539        -6.969441847        -4.254598009                
     1354.237950        -955.9686743        -1738.911170                
O              123                                                      
    -7.417328389         2.997236829        -3.395730720                
   -0.5295866905        0.2034928493         3.223381923                
     10743.54969         8783.890996        -17872.21187                
O              124                                                      
     2.551227271         7.181127747        -3.501431518                
     1.911309123        -7.405445702        0.2989818784                
    -11509.88151        -2907.568430        -5056.573100                
O              125                                                      
     4.209688112         2.990725843        -1.138622880                
    -7.878441133        -1.574070242       -0.4172959402                
     7783.557865         9092.773855        -7808.982570                
O              126                                                      
    -6.249892965         6.794138313        -5.752342731                
     4.425132965       -0.6748263638E-01    -1.017731851                
    -599.3093004         6094.479627        -4588.991630                
O              127                                                      
    -6.132218737         2.835839311        -5.743011629                
   -0.9590004578        -1.300635702        -5.234122600                
    -10875.33110         14239.97311         6212.401481                
O              128                                                      
     4.166687933         6.991684626        -1.345964827                
    -7.102910095         5.660786861        0.7824507179                
     535.0696499         5823.036682         16205.47898                
O              129                                                      
     4.228807121        -3.453675514        -6.354941470                
    -9.936326968         6.163356818        0.2933238214E-01            
    -9178.828715         604.0636037         2590.056979                
O              130                                                      
    -5.954603093        -6.820389545       -0.4658316877                
   -0.2742979909        0.1860460429       -0.6026769273                
    -20585.61074        -5515.654036        -5890.381989                
O              131                                                      
    -5.872083337        -3.405182762       -0.4738874289                
    -3.554517194         2.155306192        -6.838112908                
     2893.055225        -11358.60153         7921.517856                
O              132                                                      
     4.215280938        -6.581865714        -6.678525907                
     4.041827471        -4.408645048         10.60974164                
     8375.473573        -4769.218603        -4152.577176                
O              133                                                      
     8.466351453         3.116396084       -0.9532061362                
     13.46171738        0.4014326705         5.324382801                
    -1216.387930        -6048.772915        -20086.46317                
O              134                                                      
    -2.032479107         7.101414757        -5.622359258                
    -7.905235588        -9.104351366         4.165601229                
     5411.846292         99.82292103         7054.392896                
O              135                                                      
    -1.737304125         2.918999059        -5.698641172                
    -2.397119974        -7.081104590        0.9337120187                
    -34610.46520         14605.08133        -38958.53270                
O              136                                                      
     8.273444503         6.997377810        -1.106478599                
   -0.6772196499        -1.448176122        -6.854879394                
    -14439.09880         6884.231409         11900.59437                
O              137                                                      
     7.807996538         3.117528265        -3.435424896                
     1.764399694         2.872960559        0.6638865983                
    -3435.607133         10315.85631        -30662.57587                
O              138                                                      
    -2.582968868         6.985534774        -3.153702636                
   -0.4345951851         4.266664003        -14.32968402                
     10554.97593         1635.566171         5215.247064                
O              139                                                      
    -2.423879171         3.055145599        -3.249387777                
    -3.667718162         1.353616297         1.755557404                
    -19893.12634         5738.195758         10518.25072                
O              140                                                      
     7.530474953         6.893755837        -3.622395718                
    -2.908027507       -0.2928357580        -1.669379036                
    -1166.541688         1970.259854        -9037.155165                
O              141                                                      
     5.422063135         3.057987975        -3.523312210                
    -15.22815751         11.44287608        0.3112417119                
    -7126.508827         17841.06492        -5809.624500                
O              142                                                      
    -4.992582303         6.810129449        -3.479917937                
    -6.983601323        -1.154781257        -4.560547127                
    -28170.53101        -1567.104010         8251.100471                
O              143                                                      
    -4.876453619         2.686175989        -3.402678942                
     3.434859204        -5.173938816        -1.077928517                
    -24342.43203         15347.73443        -6937.960839                
O              144                                                      
     5.096449319         7.108955028        -3.615318522                
     2.114188259        -1.440424707        0.8894733805                
    -2484.473358        -3892.296592        -16154.33934                
O              145                                                      
     4.278846041         1.028155891        -2.655126467                
     2.934575758         3.601084308        -1.961728864                
    -2452.037202         21010.05494         5127.696840                
O              146                                                      
    -6.035203243         8.971260863        -4.209371670                
   -0.8200669412        -5.832382707        -1.703201912                
    -12786.91556        -12262.16677        -1821.109403                
O              147                                                      
    -6.305377122        0.8214155524        -4.265810088                
    -4.272853180        -5.901468591         11.70325989                
     2772.358788        -4253.576960         4909.326401                
O              148                                                      
     3.895370171         9.191639634        -2.723631584                
     4.762678697         2.269864457       -0.7404862857                
     565.0085623         27603.93081         13901.67339                
O              149                                                      
     8.845402417        0.9832953950        -2.480580181                
    -9.002757484         2.227019525        -1.728321058                
     1307.800686         27636.84497        -3357.764882                
O              150                                                      
    -1.517911061         9.175111882        -4.297774507                
    -6.004017950        -10.86402003         2.156606664                
     3699.579110        -1274.322531         14218.46306                
O              151                                                      
    -1.364282466        0.9243128035        -4.139434201                
    -1.665701074         2.922825657         1.953248456                
    -4515.143351         8922.678727         5677.685859                
O              152                                                      
     8.436090236         9.035853001        -2.821705165                
    -1.487986486       -0.7593808837        -4.739392299                
     9160.752804        -2077.238068         10107.34543                
O              153                                                      
     2.158474819        -2.437201725        -5.367554496                
    -1.492777655         1.461479377        -2.949429179                
    -5201.230328         5860.469425         12447.53409                
O              154                                                      
    -8.161576890        -7.708760472        -1.537778191                
     11.02976942         5.731475094        0.8023136840E-01            
    -7005.711614        -10446.77573        -7259.406393                
O              155                                                      
    -8.144398330        -2.535263694        -1.395859002                
    -5.695782965         11.95311922         3.346944502                
    -950.6071654         5914.249776        -12397.71873                
O              156                                                      
     2.033393455        -7.549492250        -5.596388520                
     2.274492958         1.848996921        -9.829237283                
     6205.099685        -1563.955333         7014.840134                
O              157                                                      
     2.266269031        0.1305304419        -5.302665586                
    -1.121615799        -3.633687544        -9.174231461                
    -5486.321561        -12510.19072         2650.521455                
O              158                                                      
    -8.434927604         9.941574958        -1.263724534                
     9.465102256         4.008867034         9.126856795                
     21266.40884        -7246.242602         540.4551503                
O              159                                                      
    -8.192656262        0.1925681593E-02    -1.449353092                
    -5.975844439        0.3855270563         7.517786301                
     9410.296591         4388.956511        -1433.575643                
O              160                                                      
     1.987182180         10.04739607        -5.725576095                
   -0.4662392961         1.393663539        -3.392160859                
    -12537.06373         14314.93042         13118.47916                
O              161                                                      
     2.092376945         2.691967525        -5.549280896                
     1.772385789         1.443971515        -5.946291707                
     12913.48376        -17243.90216        -9197.731815                
O              162                                                      
    -8.264259280         7.497017720        -1.079470523                
    -1.414203055        -3.631739567         10.15992151                
     2960.702343         10787.60363        -9481.777254                
O              163                                                      
    -7.928337289         2.640815785        -1.155302251                
     4.286866304         8.586613954        -4.011422945                
     1376.779123        -12061.74417        -8340.810077                
O              164                                                      
     1.712501628         7.487457288        -5.730337495                
    -10.20124421         3.514757580         2.932806455                
     6663.401009         16522.77846        -23089.81205                
O              165                                                      
     6.312910276        -2.491169073        -5.343470608                
     3.697587853         7.937918987        -12.55411528                
     5098.608648         14469.24290         27664.20432                
O              166                                                      
    -3.802440054        -7.898566533        -1.376343037                
    -7.180126015         1.889206550        -4.125851133                
    -2286.358173         30872.98321         22657.51411                
O              167                                                      
    -3.719978094        -2.845966249        -1.522569766                
    -2.258578618         8.871038444         12.02674021                
    -4797.121110         17661.35555        -14274.25827                
O              168                                                      
     6.267421009        -7.695322117        -5.634388085                
    -2.044309635         3.926669424         5.272468407                
    -2951.078646         5286.851094         3985.980077                
O              169                                                      
     6.291694162       -0.2766588093E-02    -5.554433589                
     2.030377534       -0.9688732540        -7.010690709                
    -5251.996372         15852.70495         16506.30751                
O              170                                                      
    -3.902648523         9.847766795        -1.288070248                
     8.747645822        -1.112403428        -1.989441354                
    -12050.80610        -5422.542324        -13280.24613                
O              171                                                      
    -3.929023305       -0.3354131626        -1.427138883                
     8.053230930        -3.197807701         7.724444119                
    -9735.043801         2867.292531        -19838.39643                
O              172                                                      
     5.999103012         10.01570771        -5.788574695                
     3.145043602        -7.470367541        -9.777656161                
    -6439.357958        -30563.71834        -7359.744622                
O              173                                                      
     6.371641843         2.571580782        -5.735042895                
     4.001092719         6.635225197         5.687303293                
     7726.225918         3327.304101         8357.521268                
O              174                                                      
    -4.123409273         7.343216032        -1.178697760                
     4.087242937         9.329433360        -5.511585809                
    -11060.49607        -5764.635256        -4221.526803                
O              175                                                      
    -3.940562134         2.331365891        -1.192925647                
    -3.212715445        -5.257764236         1.675635298                
    -5426.618363         252.0584999        -13423.14472                
O              176                                                      
     5.963422380         7.373312190        -5.909035648                
     1.218128664        -4.926013234         1.747833561                
     991.4237070         14282.72241         13359.61373                
O              177                                                      
    -10.11257878        -1.070100628        -2.614908708                
    -2.448463621        -13.73632281         10.58686182                
     53214.18574        -26354.65633         5541.900001                
O              178                                                      
    0.1115336470        -9.066184246        -4.454663502                
   -0.9969917805E-05     2.734928220        -4.357304301                
     12576.65078         11969.44968         9961.662464                
O              179                                                      
    0.2123946956        -1.015645722        -4.172990406                
     1.160517564        0.9538060989        -5.379640323                
     5285.213729        -8204.565539        -7785.121362                
O              180                                                      
     10.06931193        -9.190391090        -2.661263699                
     4.827161875        -15.11123893        -2.797221516                
     37122.30618         12250.45014        -8155.952604                
O              181                                                      
    -9.970618192         3.140077482        -2.584248585                
    -6.417223046         2.694603898         8.927540461                
     10075.12388         6600.309496        -8455.474189                
O              182                                                      
   -0.4273217967E-01     7.030178245        -4.126588273                
     9.728187726         4.509527862       -0.9595339316                
    -39394.47328         17859.22891         14108.80342                
O              183                                                      
    0.5445596092E-01     3.117574065        -4.143383262                
     2.999275801         7.365319981        -2.300829213                
     39747.89629         3848.713355         14633.51907                
O              184                                                      
     10.05951674         7.146842251        -2.675463085                
    -1.901961822         8.242492205        -1.437960314                
     28476.24523        -14117.24935        -7947.650927                
O              185                                                      
     1.588836278         5.117800074        -4.410310525                
    -5.264471597        -7.387546111         9.865110489                
     4316.166186        -24407.72997        -3581.596712                
O              186                                                      
    -8.449674310         5.125355389        -2.271303508                
    -4.532313652        -6.890494680        -1.408569161                
    -12166.45545         27715.20419        -8716.013331                
O              187                                                      
     6.475463980         5.046849078        -4.696782228                
     3.043613719         4.333948285       -0.5494328181                
    -6058.662947        -15887.00352        -4093.444646                
O              188                                                      
    -3.988286899         4.849293751        -2.182168561                
    -3.568501782       -0.9438127116         11.71826952                
     3744.517531         8289.309102        -5019.449991                
O              189                                                      
     6.137771713        -5.127576661        -6.182093846                
   -0.3305286198        0.1775855254        -4.782214887                
     132.2309307        -348.2918293        -7245.845487                
O              190                                                      
    -4.050270580        -5.286119819       -0.5605237887                
    -2.501957487        0.5617612793         1.828944708                
    -1295.052306         15806.82195         12254.03211                
O              191                                                      
     2.373875296        -4.976914983        -6.368118916                
     8.156341459         2.693869859        -3.727470305                
    -1645.188286        -6084.728249        -2939.513017                
O              192                                                      
    -7.743125487        -5.092627547       -0.6319140925                
    -9.716473747        -2.291327243        -3.531445042                
     8395.892058        -289.6153059        -22251.62472                
O              193                                                      
     7.813796237        0.8603031782         3.436086226                
   -0.8136747698         6.865597426         3.820480812                
    -13337.56245        -3086.998008         17407.14859                
O              194                                                      
    -2.782077453         8.786313649         3.257997416                
    -2.419265965        -8.257850255        -22.24810921                
     21975.87556        -17153.62783         35444.09530                
O              195                                                      
    -2.358131551        0.9932058088         3.196501921                
     2.922803695         4.880728117        -7.094795096                
    -17510.20669         1788.581949        -3490.432456                
O              196                                                      
     7.502635166         9.015940740         3.487802409                
    -2.891877556         6.019676217        0.7316181510                
    -9425.250984         1274.330091        -11227.32012                
O              197                                                      
     6.327294787        0.9350599001         5.630206757                
     6.215584917        -2.475230648         3.151980226                
    -2714.148781         15745.98699         27643.24671                
O              198                                                      
    -3.984401500         8.874544961         1.069570615                
     3.680758440        -2.237888180        -5.228018987                
    -27511.07336        -963.6136817        -36272.12235                
O              199                                                      
    -3.891138579        0.7910645752        0.9060483400                
    0.6470196677         1.755943249         2.260739595                
    -15174.05716         12863.55209        -13641.40927                
O              200                                                      
     5.863770008         8.978881844         5.437832594                
     7.964469165       -0.5880310632         7.611668190                
    -13306.56097        -529.8256392        -4420.926151                
O              201                                                      
     6.148889164        -1.308577527        0.6057325521                
   -0.5028850173        -2.611651714        -9.816293358                
    -22479.55244         6264.852129         261.2865463                
O              202                                                      
    -4.068894939        -8.972967631         6.375496229                
    -6.265615093        -2.707167410        -5.669044605                
     11828.91027         9876.784538         2956.536132                
O              203                                                      
    -3.977417035        -1.167832792         6.331984638                
     2.199806953        -1.694152602        0.9614248265                
     20141.18021        -4761.017738        -1267.791225                
O              204                                                      
     6.094053956        -9.001763156        0.2764605595                
     1.516168086        -7.516498536         1.210183375                
    -12829.02803         8986.381380         7492.909835                
O              205                                                      
     1.962055754         1.061833304         5.914385281                
    -1.131712236        -4.670777136        -3.507464414                
     4641.873810         297.0151535        -7445.824396                
O              206                                                      
    -8.202013800         9.095066187         1.139316868                
    -1.613380787        0.1754245987        -3.557469452                
    -7122.947246         3566.641012         17096.04278                
O              207                                                      
    -7.896288502         1.001740586        0.9267126965                
     1.688394924         8.466700461         10.63059465                
    -13048.74089        -10361.57367         21542.02381                
O              208                                                      
     1.784470848         8.913297325         5.641644691                
    -8.845653986        0.2012791143         3.822500344                
    -30697.08561         8458.411320        -64039.37722                
O              209                                                      
     2.670674183         1.352083743         3.369857260                
    -9.155237181        -14.65909842         7.043611134                
     2037.044021        -21600.19750         3560.370620                
O              210                                                      
    -7.734006370         9.119080602         3.707467690                
    -7.376230147         3.301227929         7.050896940                
     2861.166106         3100.580764        -8477.562907                
O              211                                                      
    -7.433309455        0.8766334707         3.524569961                
     4.118840665         1.554409376        -2.760574036                
     1612.470054         7053.180190        -7078.109447                
O              212                                                      
     2.395989361         8.906133071         3.094693365                
     1.324000537        -10.99620563         6.531702360                
    -2859.256200         9261.909513         13.76418057                
O              213                                                      
     5.229739514        0.9774863955         3.359598947                
    -4.935798247         5.856025370        -1.557657462                
    -4794.614593        -1760.631803        -11216.80061                
O              214                                                      
    -5.329407715         9.151498095         3.267161186                
    -1.627510598        -8.092606445         6.872993367                
     28210.44830         3247.201086        -11850.93879                
O              215                                                      
    -4.888806281        0.9995596116         3.367832364                
     3.213045099        -2.951988830        -10.29291534                
     15431.81162        -16218.45265        -24263.51060                
O              216                                                      
     4.954944126         8.951503507         2.901095205                
   -0.2096018780         1.594664874        -3.072640164                
     8154.438381         6679.802465         24752.36962                
O              217                                                      
     7.624744212        -3.206259472         3.322654698                
    -7.770462282         11.95646579         5.363592791                
    -6963.402701        -6625.958377         20876.97141                
O              218                                                      
    -2.526535772        -6.899347238         3.317047397                
     3.368408807        0.2670733761        -3.494579082                
    -15307.48332         1895.770734        -16667.86343                
O              219                                                      
    -2.569224134        -3.058277774         3.499027210                
    -4.419552669        -1.019836907        -3.539658252                
    -16975.58658         1779.874561        -10275.08762                
O              220                                                      
     7.398198018        -6.968645441         3.065977824                
     6.447990545         1.937541612         4.767168088                
     10620.57918        -7389.842847        -4031.993431                
O              221                                                      
     6.183934127        -3.293973232         5.767396855                
    -3.989112680         6.065845701        -5.907596787                
     17774.82968         6839.266542        -27329.64174                
O              222                                                      
    -4.092571809        -7.130807884         1.132258024                
    -4.982332806         1.663700024        -2.622376324                
     10066.70247        -16930.27110         10559.70831                
O              223                                                      
    -3.922680119        -3.103348152         1.086531728                
    -4.012781171         4.370075013         4.433422163                
     1760.393336        -22166.19623        -342.1419806                
O              224                                                      
     6.253646579        -7.144394069         5.508143214                
    -6.692797002        -2.525772350         1.322020256                
     2241.268492         17980.50470         2049.340586                
O              225                                                      
     6.197481704         3.409385863        0.3829314453                
    -3.902022669        -6.980129940        -4.974218538                
     35480.41911        -4536.698296        -15137.97246                
O              226                                                      
    -4.068318308         6.592734206         6.473446007                
    -4.391158694        -3.742928973        -6.220316160                
    -34961.96355         2241.333236        -16160.84749                
O              227                                                      
    -4.087244496         3.192859692         6.600972114                
     4.127628472         4.300222638         8.194178615                
     1364.511752         16979.85396         936.1672671                
O              228                                                      
     6.139278645         6.732669443        0.4695033987                
    -4.976325077        -2.220565149         3.161355061                
     3905.568392         11219.15338        -12080.47025                
O              229                                                      
     1.957342439        -2.881424843         5.742029465                
    -2.491408938        -2.918838429         11.05205714                
     15314.50004        -11181.05100         24618.68881                
O              230                                                      
    -8.179798772        -6.866040373        0.9505161701                
     1.609648884        -12.05580511         9.464540884                
    -3596.090107        -30529.28404         22415.99689                
O              231                                                      
    -8.140991000        -3.286059602         1.020099710                
   -0.2953151155         4.218044888       -0.8835754618                
     15071.33470         19133.24443        -9322.919859                
O              232                                                      
     1.897726244        -7.029539110         5.615015252                
    -6.075633911        0.4532313129         6.454990820                
     9103.686108         483.8171017        -13800.31457                
O              233                                                      
     2.594159021        -2.960552057         3.417733185                
    -2.334386331         1.656724975         3.963592998                
    -12753.31836        -11814.86111        -14308.74808                
O              234                                                      
    -7.597376491        -7.074259883         3.488534215                
     2.191422373         4.318753401        -1.077526402                
    -14503.97409         4594.172381         3630.752024                
O              235                                                      
    -7.674869696        -3.188327319         3.491655675                
     13.39642486         11.81745519        -3.155143936                
     24301.76772        -414.2920205         13512.47192                
O              236                                                      
     2.442529871        -7.122741848         3.137087614                
     11.59783552        -2.110472099        0.9864510603                
    -5824.442706        -3002.894691        -2264.706955                
O              237                                                      
     5.061342515        -3.290314735         3.458291050                
     1.413964246        -9.018213406         1.030104946                
     3583.975226        -7537.960695        -10750.11216                
O              238                                                      
    -5.055081126        -7.191372211         3.510885947                
    -2.852630255        -7.881476477        -6.490793423                
     4908.168896        -3822.087662        -7024.413105                
O              239                                                      
    -5.063299900        -3.063760783         3.361960407                
    -3.050109232         7.982899643         1.254316006                
    -20685.30560        -6605.971753         712.7027893                
O              240                                                      
     4.912017822        -6.843933932         3.381046535                
     3.764062587        0.3824684118       -0.7078471445                
     20786.12005        -9903.375527         5293.457949                
O              241                                                      
     6.386771184        -1.199963322         4.173503508                
     3.939121559        -7.482223715         8.498551720                
     5190.657611         11988.15348         3450.960234                
O              242                                                      
    -3.595456323        -9.188098458         2.658470676                
    -4.454376821         5.083045861        -10.56403371                
    -24928.17295        -11504.95493        -15459.14355                
O              243                                                      
    -3.621033813        -1.049838396         2.371374782                
     2.713934448         1.694576964         14.66424582                
    -16912.90887        -19413.28208         19183.55262                
O              244                                                      
     6.136890423        -9.098770968         3.954132550                
     5.174643101        -2.362175001         3.883203884                
    -9107.931841        -179.7477829        -11605.45619                
O              245                                                      
     1.453158566       -0.8814348999         4.168080720                
    0.6577760076        0.9754593738         2.828352366                
     6140.571102         50145.16548         9117.370947                
O              246                                                      
    -8.827361545        -9.002491342         2.570348770                
    -3.296491293        -7.303039230        -5.993673527                
     6212.162418        -2698.891598        -2778.387693                
O              247                                                      
    -8.608160408        -1.048505037         2.426300551                
     1.243784919         5.599738798        -10.78962140                
    -4071.400861        -9096.082767        -4760.691910                
O              248                                                      
     1.244297753        -9.175675196         4.165216065                
    0.6396924702        -8.274554457         8.299273997                
     4467.413202        -3661.735179        -2213.391684                
O              249                                                      
     8.273754749         2.593077309         1.564887047                
    0.6806944897        -3.361755757        -6.698515962                
     12932.16146        -8068.094232        -4941.870121                
O              250                                                      
    -1.858148253         7.556879360         5.476105562                
     2.810093255        -1.204373460         2.624646686                
    -7137.467367        -4109.842235        -15601.52266                
O              251                                                      
    -2.006398996         2.587883639         5.314572999                
     16.78884963        -1.101460822        -10.27161655                
     7585.721759         8122.403092        -4207.763918                
O              252                                                      
     8.356116225         7.645577478         1.502010741                
     14.16591675        -6.894178854        -3.770091143                
    -10333.00793        -34719.11742        -28288.70029                
O              253                                                      
     8.341805761        0.9501579521E-01     1.236351259                
     4.286763198        -2.466903247        0.9546690624                
    -6902.542569        -11636.83052        -3228.235684                
O              254                                                      
    -2.024180122         10.07646166         5.366192018                
     1.100226830       -0.6916783118         3.238771844                
     10249.62771        -25364.96541        -15204.98834                
O              255                                                      
    -1.942624979        0.1923718657         5.519141723                
     4.327346346         5.575573037         5.445224517                
     9345.564403         6950.301271        -21446.15556                
O              256                                                      
     8.231785683         10.07832578         1.293593851                
     4.251533171         4.452894318        -16.31421486                
    -7130.941615        -606.8855543         3645.747214                
O              257                                                      
     8.347637044        -2.437571787         1.165841986                
     3.378510851       -0.6292436232        -4.029521036                
    -2745.010910         2613.733665        -9868.375477                
O              258                                                      
    -2.089780859        -7.574676015         5.472325648                
    -4.954665743         5.149625034        -3.542370103                
     7181.089806         4802.071732         22589.15791                
O              259                                                      
    -1.806260665        -2.382486973         5.791335115                
     11.57771162        -6.995056948       -0.8883684305                
    -25802.14521         18350.52670         11492.12016                
O              260                                                      
     8.232636445        -7.629591222        0.7918616137                
    -4.005744104        -13.85684614         2.496929400                
    -3075.710788         25199.17060         16544.77681                
O              261                                                      
     4.189465432         2.471678054         1.447994868                
     3.162251893         1.034805137         1.507262260                
    -4077.197304         8206.891911        -10851.86916                
O              262                                                      
    -6.259862320         7.497603570         5.295340910                
    -2.669523656         5.198809036        -12.47102766                
     11919.51787         20580.12949        -23468.48087                
O              263                                                      
    -6.030242857         2.365654474         5.231589216                
    -6.578997689        -5.307951440        -3.558642711                
    -5317.525259         11437.58092         9481.251907                
O              264                                                      
     3.740817176         7.593042155         1.105173098                
   -0.8425866210         3.243617475         16.58403688                
     6744.446790        -4281.445064         6281.620582                
O              265                                                      
     3.947011774       -0.1365256966E-01     1.435726831                
    -3.142671424        -5.444054341        0.1599760735                
     17792.85659        -17654.73793        -15666.49760                
O              266                                                      
    -6.096944400         9.955733073         5.536952861                
    -1.881901742         9.235105613        0.8420687016                
     7221.718393         15836.98218         8604.361648                
O              267                                                      
    -5.970097685       -0.1278369101         5.413403937                
     2.529448150        -8.520260249        -14.60515533                
    -2782.696799         2371.990125        -16547.08261                
O              268                                                      
     3.883276482        -10.04612637         1.147222417                
    0.4447800264         3.544740514        -10.29218976                
    -10390.30445        -12109.06287         541.7906043                
O              269                                                      
     4.036594547        -2.522349527         1.341265984                
     1.778770262        -7.323035541         15.72035859                
    -3897.198593        -16440.32463        -1148.046206                
O              270                                                      
    -6.159913179        -7.788120424         5.536418744                
    -5.470390811        -6.024719121         5.049137634                
    -3321.701465         7936.749132         23585.45552                
O              271                                                      
    -5.920908080        -2.729055995         5.538963230                
    0.5936640628         3.979084102        -6.439922358                
    -11317.46729         19385.25229         8154.247014                
O              272                                                      
     4.148645050        -7.650597022         1.244513818                
     4.000082592         9.961179101        -2.853481139                
    -3020.669981         18694.92739        -4600.598368                
O              273                                                      
    0.7334645500E-01     1.291017228         4.186086159                
     3.501901720         5.291231498        0.8702231200                
    -3354.009209        -1678.489242         11091.81374                
O              274                                                      
     10.07960478         9.070274336         2.801367896                
    -9.790407191         7.115712371       -0.1599501036                
     1121.686253        -2748.334302        -8492.836736                
O              275                                                      
    -9.970876030         1.159556260         2.486284754                
    -3.678036344        0.5904077719         1.427087293                
    -9314.386234        -9071.642074         3383.884365                
O              276                                                      
   -0.2324767662         8.913573228         3.908571858                
    0.2405847359E-01     3.800526395         1.865357655                
     31948.35665         73.25775838         10456.51428                
O              277                                                      
   -0.9289989355E-01    -2.853101486         4.290500276                
     8.492868300        -7.766055926         7.249096783                
     17050.88450        -16928.27379        -14207.74484                
O              278                                                      
     10.02335412        -6.920122859         2.312488205                
    0.7065133189        -6.046488546         3.115859266                
     28637.19416        -3966.695862         24843.23848                
O              279                                                      
    -10.11305094        -3.258163867         2.586122204                
    -1.055086265         5.851225777         14.12704396                
    -10467.56902         2262.626207        -1987.801701                
O              280                                                      
   -0.1062058691        -6.934313198         4.168878457                
    -3.548496622         1.149516950         8.864557256                
     23483.47151         1166.864088        -10918.35212                
O              281                                                      
     8.445323959        -5.066769378         1.826578808                
    -2.500978052         1.114021418        0.7989023450                
     7552.948553         19643.35713         3461.988329                
O              282                                                      
    -1.609663889        -4.918756986         4.887285532                
     5.048677597        -1.048364942        -10.22262559                
     6701.899005        -15187.80575        -13761.67951                
O              283                                                      
     3.511115007        -5.045464812         2.150860321                
    -8.041042045        -6.672789690         2.962981214                
     20540.34585        -8991.892737         4142.338502                
O              284                                                      
    -6.341465243        -5.151092009         4.527347087                
     1.617796201         3.035766296        -11.23048806                
     3233.060300        -11344.24230         1690.003283                
O              285                                                      
     4.401918853         4.985481056        0.3887761992                
     6.625830631         8.846617799         12.08633392                
    -11883.86954         28214.84417        -1496.118510                
O              286                                                      
    -5.952048696         4.876623977         6.165524843                
    -6.172686049         1.798738414        -4.212969058                
     2193.142522         2650.096492         4619.316590                
O              287                                                      
     8.010433165         5.140857811        0.5730817460                
    -8.270035223       -0.3634692823E-01    -12.95734859                
     7421.121939        -26290.28669        -4109.940266                
O              288                                                      
    -2.266863816         5.002839919         6.430560197                
    -7.355334406         2.405345105         6.734973719                
    -2614.777779         9160.916251        -2694.837188                
C              289                                                      
    -1.258776233         4.161016025         1.059675311                
   -0.2195420079        -2.212419156       -0.1201312430                
    -21.45854711         119.8026934        -3.058653084                
C              290                                                      
    -1.133610569         5.532556402         1.310920827                
    0.9534716337        -2.863761584         2.851151270                
    -13.74485888         17.81881533         13.44078657                
C              291                                                      
    0.1819384209E-01     6.027860501         1.933833699                
    0.8576636101        -5.348763668         5.004235402                
    -28.34936960        -25.93980479         28.70632520                
C              292                                                      
     1.044832590         5.151624223         2.305501056                
   -0.4111580550        -7.182423327         4.186037025                
    -46.93247275         102.7444681         31.41058502                
C              293                                                      
    0.9196669256         3.780083844         2.054255540                
    -1.584171698        -6.531080897         1.214754508                
    -198.5923408         467.8655365        -250.8983792                
C              294                                                      
   -0.2321374849         3.284779746         1.431342668                
    -1.488363674        -4.046078813       -0.9383296242                
    -23.77200102         249.4197554        -130.1808065                
H              295                                                      
    -2.147311065         3.778924292        0.5791425236                
   -0.1456329612       -0.2954175459        -1.781081862                
    -6.978251100        -218.3605046         85.67594355                
H              296                                                      
    -1.925596467         6.208528643         1.024205016                
     1.932297060        -1.449214381         3.482364133                
    -74.77435036         162.3093643         40.00438900                
H              297                                                      
    0.1147427759         7.085924476         2.127650676                
     1.762579990        -5.851218076         7.296398887                
     62.29083205        -361.6036255        -524.5093172                
H              298                                                      
     1.933367422         5.533715956         2.786033843                
   -0.4850671018        -9.099424936         5.846987642                
     8.116302888        -151.1348695        -70.63053112                
H              299                                                      
     1.711652825         3.104111604         2.340971351                
    -2.562997123        -7.945628101        0.5835416468                
    -2066.876142         3300.503968        -1682.010420                
H              300                                                      
   -0.3286864178         2.226715771         1.237525692                
    -2.393280054        -3.543624408        -3.230493106                
    -25.45078355        -179.1817516         75.22525303                
