Diffusion in Zeolites. ZSM5 (Silicate) Crystal Structure, Si(96)O(192) +
         2         2       300    133340   1.0000000E-03   1.3334000E+02
       20.3183600000        0.0000000000        0.0000000000            
        0.0000000000       20.1714600000        0.0000000000            
        0.0000000000        0.0000000000       13.5858629500            
Si               1                                                      
     1.653222574        -1.304634804        -4.391912295                
   -0.1701985036E-03     5.083279761        -1.676522100                
     3860.983791        -3617.435888         5058.867722                
Si               2                                                      
    -8.555875245        -8.981194084        -2.252510910                
    -4.560509605        -1.102191410        -1.749103171                
    -6998.450002         1791.962169         18645.81015                
Si               3                                                      
    -8.529516487        -1.326304101        -2.561866287                
     3.149670685         7.329700274        -5.145529773                
    -3313.260688        -18257.08529        -8658.229351                
Si               4                                                      
     1.689188994        -8.740922634        -4.559880220                
     3.558583277         1.796999222        -3.159566285                
    -12036.25117        -13737.91482        -1246.898282                
Si               5                                                      
     3.850437758       -0.5643328001        -2.293939043                
     3.074556005       -0.6239590399E-01     2.836866954                
    -21479.59316        -6665.641876        -7364.462735                
Si               6                                                      
    -6.371844981        -9.663014648        -4.219148679                
     2.640436510       -0.3376173272        -1.788068506                
     39580.05241        -5067.276509        -12680.06780                
Si               7                                                      
    -6.202868076       -0.7150852337        -4.462252800                
     1.430659567        -1.272433331        -2.402109483                
    -802.9629157        -20800.17958        -22587.13103                
Si               8                                                      
     3.788385232        -9.654072531        -2.457192971                
    -2.177945440        -1.483156643        0.5192276177                
     2813.403141         27334.69791        -23903.42249                
Si               9                                                      
     5.744232518         1.084213793        -6.249719511                
    -2.470957505       -0.7664680881        -2.731600271                
     7227.905039         14853.19944        -13718.00728                
Si              10                                                      
    -4.542747104         8.575809376       -0.3036032384                
    -2.307641470         2.441804018       -0.3483721932                
    -645.7710526         15289.40962        -23194.72868                
Si              11                                                      
    -4.392327120         1.088325241       -0.7632577340                
     2.754898565        -1.791136309       -0.9754442241                
     22751.54154        -782.8671021         34940.69646                
Si              12                                                      
     5.743184801         8.859772271        -6.197790340                
     3.494694539         2.916465936       -0.3440677515                
    -8872.341279         5188.251826        -677.2455343                
Si              13                                                      
     2.581423432         1.048793080        -6.298863907                
     9.124685004        0.2240945985         3.213249037                
    -10240.80386        -9613.101210        -24532.74014                
Si              14                                                      
    -7.674651828         8.742921487       -0.3090983170                
     1.807790548        -3.253749918        0.9298499782                
    -15888.59430         25306.96052        -18632.18669                
Si              15                                                      
    -7.594569579         1.045902145       -0.7438528750                
   -0.3448380199         4.280158039         3.931834272                
     10045.76221         22344.23365         29427.91114                
Si              16                                                      
     2.565675396         8.874426432        -6.357673751                
    -5.142432583        -5.511099617         1.731484966                
    -8302.557525         6503.659856         23249.55688                
Si              17                                                      
     8.740569023       -0.6981419265        -2.376285517                
     4.969107907       -0.4081455671        -2.097223337                
    -4541.256254         4844.515732        -7665.522961                
Si              18                                                      
    -1.351253988        -9.499884296        -4.287987345                
    0.5457676549         3.495636740         2.183613928                
     1782.605675        -1385.867686         14496.96433                
Si              19                                                      
    -1.371379393       -0.6759345837        -4.546202675                
   -0.1460311165         1.977023235         3.145890414                
     1132.049424         23272.29016         1675.078751                
Si              20                                                      
     8.713918303        -9.499371056        -2.513867767                
   -0.6744885767         4.338738690       -0.1279283413E-01            
     3362.757020         9065.582253         16948.61358                
Si              21                                                      
     6.316350404        -1.251285703        -4.179971467                
    0.8166071142        0.2793972380E-01     3.977706590                
    -14133.53100        -2825.764401        -18335.57713                
Si              22                                                      
    -3.847535233        -9.183607042        -2.352575697                
    -2.758352667         5.705092631        -1.635120276                
     7870.028663         835.7671167         16630.75752                
Si              23                                                      
    -3.745550147        -1.379301033        -2.586621606                
     1.602763567         1.297343234         4.331584929                
     13641.53225         7798.783337        -19879.53809                
Si              24                                                      
     6.270100891        -8.829992978        -4.292016013                
    0.4362429211       -0.9512853988        -4.969425219                
     2931.426486        -4602.964850        -651.2096114                
Si              25                                                      
     1.579802770         3.384514336        -4.594713522                
     3.834673784        0.2261402729         1.600445246                
     7676.534695         12455.13113         15219.08657                
Si              26                                                      
    -8.547598700         6.460269848        -2.272126401                
    0.6329693775       -0.7019256270        -3.525273199                
    -11563.59105         27860.45374         5619.269348                
Si              27                                                      
    -8.654964837         3.363464233        -2.596718914                
   -0.4588521120        -5.004774267        -3.273412861                
     18938.42161         8865.894818        -1963.218825                
Si              28                                                      
     1.533333487         6.488654791        -4.556796581                
    -5.994290910         6.258967665        -3.730071886                
     3958.799884         23717.68093        -9432.081935                
Si              29                                                      
     3.764852465         2.589386177        -2.372560097                
    0.9246914151E-01    -5.434820312         3.260871821                
    -17930.06787         3866.242589        -39237.72977                
Si              30                                                      
    -6.302758235         7.333704827        -4.319494989                
     1.560107928        0.3781102288E-01    -3.131908570                
     14875.82130         34.84972948         5881.251862                
Si              31                                                      
    -6.365983561         2.474919593        -4.584859436                
     2.489621045        0.3722681457         3.543232559                
     1292.825136        -4004.227246        -1013.252018                
Si              32                                                      
     3.749013326         7.394720113        -2.542659565                
    0.4376632671       -0.3989808483        -2.289500379                
     8402.803512        -8104.902456         18768.09237                
Si              33                                                      
     5.733718548        -3.448790840        -6.239852445                
     3.491420341        -1.378546394        -1.908436309                
    -3757.860911        -3678.560503        -25006.28119                
Si              34                                                      
    -4.452769964        -6.768957082       -0.4003950455                
    -1.567415163        -4.673927993        -1.925021721                
     15559.36129        -9734.415078         79.48972937                
Si              35                                                      
    -4.379443996        -3.652256547       -0.6979702190                
     1.890911338        0.4216490411         1.814648406                
    -1562.058999        -28856.19690        -22189.00852                
Si              36                                                      
     5.675900746        -6.568022367        -6.366265386                
    -1.314543940        0.3466645065        -4.224401350                
    -1147.986603        -9415.476085         23138.70640                
Si              37                                                      
     2.537290553        -3.429904888        -6.519434910                
    -3.539134526       -0.7320029693         3.315075433                
     4658.435719        -2136.294127        -2432.911129                
Si              38                                                      
    -7.635472100        -6.658951918       -0.4003260640                
    -3.431324419         2.944816472        0.1093690264                
     2687.038853         6738.115082         4281.761227                
Si              39                                                      
    -7.548571255        -3.579706081       -0.6299890355                
    -3.751695131        -1.243482970        0.5613550544                
    -4384.195434         7436.268406        -20688.18627                
Si              40                                                      
     2.552314025        -6.516232501        -6.512979920                
    -1.646763735         1.925481471        -2.041033728                
    -26098.53222        -32371.26593         7638.403685                
Si              41                                                      
     8.691895650         2.457314861        -2.443825707                
    -2.254621385        0.9234172906         1.620123944                
     4523.674593         15737.19741        -15521.04124                
Si              42                                                      
    -1.407110410         7.509826380        -4.215581208                
   -0.4057407865         4.961690076        -1.350674632                
     444.5783116         11866.15001        -11222.97856                
Si              43                                                      
    -1.447659427         2.529033631        -4.563730305                
    0.9184496143        -1.317100898        0.1664405004                
     11296.49694        -13739.01692        -13311.91221                
Si              44                                                      
     8.763055208         7.511691159        -2.469242508                
    -2.149768219        -1.559420002         2.892017273                
     10990.46655         15198.24508         8600.487109                
Si              45                                                      
     6.258794647         3.417371635        -4.235197740                
     1.996819772        -2.538961652        -3.213176809                
     10016.33611        -10420.44020        -163.9454667                
Si              46                                                      
    -3.786710489         6.507252528        -2.470470331                
    -1.883811621        0.2009710693         1.840011961                
    -11219.17118        -3513.798687        -7671.957801                
Si              47                                                      
    -3.877495757         3.369753113        -2.789202798                
    -3.378407029         7.246060105         1.596770225                
     12169.56771         5122.226536         5595.115216                
Si              48                                                      
     6.351050024         6.560749541        -4.221060766                
     1.720405549        -2.285809481       -0.7746239115E-01            
    -1250.595482        -9349.479840         6770.848652                
Si              49                                                      
     8.601057518         1.166373916         2.275107092                
     4.584631296         1.429164852         1.712947073                
    -5400.708399        -4708.384038        -5251.493073                
Si              50                                                      
    -1.503578108         8.952683741         4.632620491                
   -0.8053660212        0.2489578773         3.334162801                
     19676.99495        -15396.23458        -19949.08114                
Si              51                                                      
    -1.521150028         1.312520066         4.276719641                
   -0.7163428851        -1.371133393        -3.664928641                
     5197.554719        -19960.29695        -5817.403937                
Si              52                                                      
     8.561356764         8.801365300         2.319143006                
    0.4698220022       -0.7483259497         1.865893428                
     3292.968572        -5858.518750        -2646.706820                
Si              53                                                      
     6.350754305        0.5468075728         4.319110521                
    -2.714444347        0.3711949416         2.369072303                
     1159.808274        -9382.614455        -3532.467632                
Si              54                                                      
    -3.798673433         9.374954665         2.595178973                
    -2.542588245       -0.4120703863         2.432190316                
     7108.949241         9999.932792         11374.70315                
Si              55                                                      
    -3.783663163        0.5720814787         2.260760684                
     1.335276482         2.178732574        -4.688697028                
     7966.012967         3807.224288        -6141.105446                
Si              56                                                      
     6.385801088         9.421736309         4.405294224                
    -1.263366441         3.270957273         2.631452668                
     4058.050911         5552.385870        -18596.96050                
Si              57                                                      
     4.520311831        -1.220210353        0.6465786325                
    -1.825626842       -0.9794133220         3.591029003                
     613.9650161        -10004.01341        -4300.675313                
Si              58                                                      
    -5.667232824        -8.836010469         6.433461188                
   -0.7537108181         1.475855246       -0.1510656219                
     11502.31067         20933.88454        -213.6677122                
Si              59                                                      
    -5.519918122        -1.265348512         6.064105135                
    -1.813575292        0.6150210219         1.217522732                
    -3496.842265         15713.03691         4485.840616                
Si              60                                                      
     4.517688753        -8.925128594        0.4555699951                
    -7.705540900         6.231037510        0.5049804486E-01            
     8858.369025         509.7908759         1161.964494                
Si              61                                                      
     7.726916092        -1.328456389        0.5127523680                
    -1.384749374         4.119711653         1.122534407                
    -11364.71176        -2026.896832        -4640.168161                
Si              62                                                      
    -2.471098920        -8.833241580         6.398996608                
    -1.477769387        -3.061144452        -1.704491943                
     10258.90320         20716.25840         14268.20154                
Si              63                                                      
    -2.330291738        -1.203728016         6.075549403                
    -5.921354705        0.2928617497E-01   -0.7489914124                
     854.3460263         4089.577115        -18469.91370                
Si              64                                                      
     7.664982614        -8.946510942        0.4451945327                
   -0.2697089104         1.362300737       -0.3195339658                
     36600.71160        -2534.274075        -5438.059626                
Si              65                                                      
     1.463494645        0.6917905199         4.297909982                
    -3.918726515       -0.1544838890        -4.167941091                
    -3625.511147         1764.529221         16835.08312                
Si              66                                                      
    -8.746321133         9.577486333         2.594974964                
     3.166576539         2.011914752         3.202546225                
    -6113.499187        -6954.819560        -30922.95037                
Si              67                                                      
    -8.642956515        0.5078540965         2.187697243                
     2.527387251        -4.774754780        0.4471618491                
    -16539.59533        -15111.55845         9253.677695                
Si              68                                                      
     1.562680290         9.359042082         4.337754976                
    -5.905254121         5.163470982        0.5110347767                
    -11302.93913        -14633.75363         4546.894652                
Si              69                                                      
     3.893055708         1.252202910         2.492309322                
    -3.999815066         1.116795825         1.283162330                
    -12889.61835        -15914.62166        -14385.07628                
Si              70                                                      
    -6.340767716         8.992790171         4.458563794                
     3.638124408        -1.602696975        -8.423947150                
    -3724.656507         427.3473043         5932.329527                
Si              71                                                      
    -6.303657785         1.170241297         4.133367942                
     3.901142820       -0.7446767152        -6.766557552                
     3658.579651        -9640.924748         12004.17214                
Si              72                                                      
     3.925763305         8.856879798         2.463429657                
    -1.138229491        -1.009453219       -0.3281439335                
     13316.32357         12256.45791         3941.370729                
Si              73                                                      
     8.811233648        -3.456764528         2.492085609                
    0.2419015208        -4.004517867         1.253418014                
     9351.394167        -17267.78600         2815.869227                
Si              74                                                      
    -1.473116951        -6.646379650         4.441819443                
     2.384283359        -2.829894129       -0.4532403899                
    -26349.70924         4810.648158         2446.758738                
Si              75                                                      
    -1.442438176        -3.499090453         4.214337048                
     1.325526861       -0.4287288269        -5.918518531                
     20447.85158        -9906.352085        -8413.236711                
Si              76                                                      
     8.604933423        -6.616804962         2.413359613                
     3.875901580       -0.7931064498         2.236099911                
    -780.6549559        -2764.079940         14668.80921                
Si              77                                                      
     6.517346191        -2.617506140         4.416101175                
   -0.9474392127        0.3084028366        -1.373420048                
    -8485.137475         832.6506635        -13723.11402                
Si              78                                                      
    -3.835484154        -7.617760136         2.598088629                
     2.251295749        0.4791958272         1.968274665                
    -2995.363932        -18123.24251        -4466.784048                
Si              79                                                      
    -3.664268069        -2.598581543         2.170263584                
     4.025583595       -0.6870451084        -2.390547734                
     9280.732835        -3965.852988         14440.63193                
Si              80                                                      
     6.389139409        -7.591648543         4.400620503                
     1.339315045         2.787883080         3.017983308                
    -3313.844185        -15001.64456        -22833.54966                
Si              81                                                      
     4.591376361         3.522264261        0.4336792480                
    0.2525005788        -2.261339105         1.319477916                
    -10976.12430         8732.195756         20664.62475                
Si              82                                                      
    -5.643749463         6.555398116         6.288116207                
    -2.292379586        -4.711050026         4.137553027                
    -24642.01585         16052.05155        -1622.330306                
Si              83                                                      
    -5.822561057         3.531520532         6.097240743                
    -2.467846721        0.4520134519         4.761683762                
     13919.25643        -648.3325013        -399.5871376                
Si              84                                                      
     4.451892068         6.636929086        0.4078741906                
   -0.1893409366        -2.293318275         4.262839450                
     5936.407325        -21966.48631        -9818.004170                
Si              85                                                      
     7.755006378         3.490101874        0.3249948889                
     1.237521808        -2.833613808        -3.148998120                
    -488.4864911        -4853.982246         15832.85978                
Si              86                                                      
    -2.515175994         6.627634400         6.477468918                
     3.477157201         2.999978201       -0.2320837234                
     17915.81696         8496.431906         446.9877583                
Si              87                                                      
    -2.576311199         3.525592731         6.198391527                
     2.407455265        -1.277390191         4.597418010                
    -16042.09860        -6975.482322        -4041.618009                
Si              88                                                      
     7.653752672         6.563866148        0.3758776289                
    -2.491031454        -1.035660792        -7.447695024                
    -8987.568466         13660.71876        -28129.26101                
Si              89                                                      
     1.542927444        -2.427781575         4.262927434                
     6.049557504         1.228918531       -0.9004866177                
    -23524.55057        -21493.91327        -18634.92868                
Si              90                                                      
    -8.746711252        -7.487903363         2.450634830                
   -0.4455272195         1.746562118        -1.892676864                
    -4695.738907         14964.82079        -234.5404790                
Si              91                                                      
    -8.492851398        -2.688402188         2.240966891                
     3.060697484         1.281035609        -1.429682146                
     19053.21782         18815.78956         19119.56942                
Si              92                                                      
     1.492120637        -7.690710054         4.347949082                
     4.806794900         1.203138656        -5.598605512                
    -1388.952388         7577.968456        -8138.651129                
Si              93                                                      
     4.014111613        -3.533162090         2.669319630                
     2.992756799         6.037137654         4.588139220                
    -13301.62886        -5936.703823        -14139.35091                
Si              94                                                      
    -6.340504327        -6.686976963         4.338519136                
     4.725052458        -2.908763957        0.7082101748                
     13666.31568        -6504.342198        -260.3015768                
Si              95                                                      
    -6.011001200        -3.591138121         4.086136963                
    0.4701970154       -0.9377504668         3.540716479                
    -17714.23182         16212.89670        -9230.109677                
Si              96                                                      
     3.923234037        -6.736582781         2.529944005                
     4.783264712        -2.557318457        -5.666388061                
    -24667.83590         12764.50070         10831.61866                
O               97                                                      
     2.629822781        -1.140360868        -3.152082322                
    -3.026393743        -6.976297319         3.048463255                
    -782.8118290         1012.570362        -3642.993949                
O               98                                                      
    -7.543131063        -9.107122578        -3.448406482                
     1.284388841        -1.853210062        -3.055014628                
    -23723.73492         1900.371495         9227.747887                
O               99                                                      
    -7.530819379        -1.211573135        -3.783466473                
    -1.153002301        -5.287659357        -1.144491243                
    -10617.51938         9327.347422         2181.588305                
O              100                                                      
     2.620281678        -9.002689338        -3.330945917                
     4.758001377        -3.322807143         2.631050133                
     5651.370278        -5987.784863         11160.03494                
O              101                                                      
     3.930094240        -1.044488886       -0.8074923730                
    -5.142828273         8.772788351         4.061070182                
     13878.75825         1303.302929        -5496.293593                
O              102                                                      
    -6.135491479        -9.100644731        -5.684731175                
    0.2032101823        -3.253466611        -3.954364372                
    -3462.114138        -4678.058961         2304.350968                
O              103                                                      
    -5.931442139        -1.286590853        -5.964241668                
     2.083401141         3.836205056         2.066958332                
     2881.790075         19695.36530         897.1779055                
O              104                                                      
     3.997725909        -9.145898963       -0.9992172363                
    -6.369998968        -3.753219395        -9.521336615                
    -4738.716027        -4157.630347         5507.811490                
O              105                                                      
     4.158682594        0.9885880516        -6.358104915                
    -5.343061469        -9.061826259       -0.6182681304                
     2076.417263         5723.407738         4040.016608                
O              106                                                      
    -6.129749530         8.669738118       -0.2871934321                
    -5.820499967         1.300274493        0.9025659084                
     19904.97060        -6141.937662         13012.07014                
O              107                                                      
    -5.973662488         1.034919375       -0.6197247752                
   -0.3372951153        -7.451027109        -1.535439869                
    -11868.91652        -2512.969558        -13386.31585                
O              108                                                      
     4.134478879         8.828561372        -6.230087356                
    -9.036573883         2.346263662         6.670551643                
     11992.43719         1549.479075        -2568.817781                
O              109                                                      
     8.240488470        -1.180175458       -0.9869283490                
    -2.543311963         4.485468503        -1.297377645                
     2850.839702        -759.0479613         14763.11607                
O              110                                                      
    -1.897946194        -9.048369391        -5.690718454                
   -0.3125186676        -3.765298411        -7.753091023                
    -6130.762022         1059.786834        -15016.07388                
O              111                                                      
    -1.878590579        -1.001707339        -6.022035447                
     4.425791872         1.739794029         1.146816516                
     6236.486833        -11688.24606         5691.364554                
O              112                                                      
     8.277147562        -9.074775964        -1.041008780                
    -1.616082051        -2.103373617         1.137468716                
    -9020.309672         3221.064084         10252.67802                
O              113                                                      
     7.630068316        -1.092538318        -3.411703030                
    -1.750285847        -1.488708089        -2.266205609                
     9624.450809        -4474.357053         2384.973262                
O              114                                                      
    -2.494803217        -9.242754061        -3.193141285                
    -5.505124370        -7.500537635         1.796499877                
    -754.8211847         4280.636755         113.7028914                
O              115                                                      
    -2.479302150        -1.077040997        -3.535245937                
    -3.026499888        0.1880050962        0.8553366659                
    -16354.02942        -13290.80937         11218.64670                
O              116                                                      
     7.644628978        -8.941232018        -3.512532546                
    -9.178741287       -0.7086614374E-01     3.279803012                
    -4789.673078        -1456.299891        -2638.285530                
O              117                                                      
     5.104291227       -0.9842806016        -3.210564511                
    -3.115223212        -2.582376592         1.352230835                
    -2526.161359         6665.070033         12249.24195                
O              118                                                      
    -5.051928192        -9.315440327        -3.353896027                
    0.6191789976         2.108235596        -7.209237900                
    -8351.476564         2048.971965        -6348.373642                
O              119                                                      
    -5.068372279        -1.152314068        -3.470442893                
    -1.758148761         2.891105925       -0.2467347280                
     13972.43784         8400.878153         2724.046063                
O              120                                                      
     5.077578170        -9.150826355        -3.309657742                
    -1.384116636        -3.958802245        -5.772304658                
    -3151.369507        -4984.793390         7324.770752                
O              121                                                      
     2.567812498         3.099786884        -3.336170432                
     3.485865828        0.9887964692        -1.546405534                
    -4907.144140        -2834.181763        -1147.273100                
O              122                                                      
    -7.468390099         6.768233416        -3.394522981                
    -4.601310709         5.767346105         4.817654035                
     1146.406165         1597.791490        -9297.944971                
O              123                                                      
    -7.650076643         2.966030196        -3.811163004                
    -1.610446239        -4.427746547         5.230345507                
    -6038.052018         1701.346827         12368.22236                
O              124                                                      
     2.553271608         6.871433581        -3.379372244                
    -2.090357003       -0.4401601058E-01     4.957625097                
    -6856.423455        -7607.869218        -11159.22288                
O              125                                                      
     3.985141704         3.146355589       -0.9699919794                
     5.091419624         3.123547332         2.444931129                
     5600.949068         3369.099812         13079.29026                
O              126                                                      
    -6.191951342         6.882606100        -5.845773483                
    0.5793253171        -6.318969174         1.229525821                
     2566.539029        -4088.157648         13290.96628                
O              127                                                      
    -6.329392259         3.029777194        -6.071204506                
    -4.862862505        -3.990276584        -2.673037376                
     3479.305935         718.6437041         6097.401920                
O              128                                                      
     3.848961238         7.029120780       -0.9816312927                
    -7.852167606       -0.3749929902        -3.108946659                
    -2277.304076        -3059.848883        -13991.49178                
O              129                                                      
     4.152071320        -3.288837157        -6.483355746                
    -1.514408328        -1.723731121        -6.371010381                
    -5813.815679        -9911.502232         13280.23148                
O              130                                                      
    -6.024660275        -6.791780581       -0.3176007575                
     2.385017786        -2.612862858        -4.322898939                
    -18748.83114        -2899.193519        -6185.722780                
O              131                                                      
    -5.958597652        -3.537628176       -0.7545361701                
    -3.154288808         2.970278456         3.702881168                
    -5181.869303         12247.73784         5156.796436                
O              132                                                      
     4.078699381        -6.713826016        -6.451893263                
     1.902000323         8.318345870        -2.295739764                
     27256.85520         12836.99699         195.6997664                
O              133                                                      
     8.327506530         2.975942479        -1.019621266                
    -4.333429857        -3.238991482         1.153104229                
    -1845.150084        -4506.908540        -792.0050323                
O              134                                                      
    -1.994170853         7.057553860        -5.656705257                
     1.624305201       -0.7086268749         2.845214671                
    -1203.565458        -9874.890151         2217.143997                
O              135                                                      
    -1.983502047         2.968514449        -6.014042932                
     2.263921331        -3.363333663         9.153846489                
    -353.2495634         9021.565915        -1148.696110                
O              136                                                      
     8.296934625         7.112406613        -1.025728659                
     7.618712695         2.503055534         1.513610846                
    -16193.59011        -14329.78789         16667.06178                
O              137                                                      
     7.593488487         3.054107075        -3.400756533                
     1.283755949        0.6371078811       -0.3314617212                
    -11042.68998        -5056.783025        -6029.115627                
O              138                                                      
    -2.448846865         7.024561399        -3.144253144                
    -2.717945016       -0.7158827745         2.208806663                
     6.034904940        -8567.825511         5598.875669                
O              139                                                      
    -2.510440874         3.088878013        -3.580960708                
    -7.405059250        -2.608945243       -0.8613170740                
    -14531.10002        -569.3113316         6670.426415                
O              140                                                      
     7.734368321         6.978307855        -3.541005307                
     1.215072618        0.6966910047       -0.9932980250                
    -9655.400236        -7348.517393         3380.343715                
O              141                                                      
     5.022647927         2.939668426        -3.316573922                
     1.828262825         1.210099922        -2.908244618                
     7300.994345         3470.591130        -440.3257550                
O              142                                                      
    -4.904634103         6.934348188        -3.562099335                
     4.122429071        0.5018918672         4.563147006                
    -14255.69874        -2194.271191         5140.041812                
O              143                                                      
    -5.103987122         2.931954897        -3.684981680                
   -0.9913411836         3.002576299        -1.386288706                
    -8136.861729         2947.600708        -10377.19831                
O              144                                                      
     5.087367007         6.867425450        -3.255325877                
     6.175380423        -10.32670102        0.1424870566                
     3477.300735         4317.560564        -6036.029498                
O              145                                                      
     3.672514796         1.027632484        -2.239978267                
   -0.7555361526         2.344972229         3.797030300                
     11521.17385        -12357.39137        -4523.191927                
O              146                                                      
    -6.425619899         8.911397569        -4.285553759                
    -2.737033401        -2.972685902        -1.707221332                
    -2946.093128         4135.541104        -3861.026622                
O              147                                                      
    -6.259098967        0.8700720194        -4.563647116                
    0.4600764814         3.627330987         3.069843257                
    -2740.708260         4493.194629        -522.7760965                
O              148                                                      
     3.694001884         8.963449563        -2.502563304                
     5.012697944         5.293855767       -0.3616647150                
     3535.220942         1328.040347        -2864.835237                
O              149                                                      
     8.651596900        0.8944982260        -2.431574638                
    0.2613089443        -2.721112788        0.8153335888                
     8837.712021        -4726.221922         1175.836786                
O              150                                                      
    -1.297113575         9.090909743        -4.190042667                
     2.078401622        -1.591919515        -9.374208263                
    -1318.304998        -7612.819223        -4329.996155                
O              151                                                      
    -1.364218843        0.9340232341        -4.545827037                
   -0.6728899613        -3.015840702         5.932283928                
    -1395.725077         1895.751968         4750.795261                
O              152                                                      
     8.702235254         9.113878777        -2.529913381                
     5.061396962        -4.549082498         2.316279053                
    -1432.661639        -15828.62469        -11149.85865                
O              153                                                      
     1.978206588        -2.535452003        -5.357498553                
    -1.841588656         1.531541900        0.8853183064E-01            
    -886.4405465        -2585.753210         10393.75610                
O              154                                                      
    -8.207674359        -7.651077964        -1.446845920                
    -3.453606162        -3.296660850        -4.739848390                
    -88.36300970        -8025.096440        -8494.356592                
O              155                                                      
    -8.232218900        -2.636690243        -1.775414838                
    -6.162130189        -5.489299824       -0.8736919171                
     12604.14822        -10726.65951         21649.91982                
O              156                                                      
     1.981981042        -7.407229992        -5.325450676                
     1.742192641         6.208267030         1.080994297                
    -60.08544644         551.6903720        -13.84149515                
O              157                                                      
     2.065283133       -0.1018593846        -5.343427267                
    -2.791584101        -1.000458777        0.9210787294                
     2553.686625         3968.664321         296.2234988                
O              158                                                      
    -8.165305201         9.988434464        -1.259865011                
    -1.707243172        0.3974250620       -0.6567955804                
     3400.395887        -3233.388775        -2635.736161                
O              159                                                      
    -8.030488461       -0.1541849216        -1.629810597                
    -3.177915616       -0.9326785975        -8.879540561                
    -1259.814203         5920.975614        -1922.768621                
O              160                                                      
     2.071683467        -9.986047867        -5.531908012                
     4.300019983        0.6890720275        0.1161423064                
     3207.387442        -3131.027907         45.49170307                
O              161                                                      
     2.097630757         2.391058798        -5.682289059                
     1.457750814         4.838103472        -5.785250859                
     1480.637776         5234.380998         9206.534683                
O              162                                                      
    -8.096564788         7.467284872        -1.099168322                
    -2.753390368        0.9327377670E-01     3.071921367                
    -7523.258651        -22052.45263        -4636.541386                
O              163                                                      
    -8.095241909         2.396795906        -1.464351012                
    -3.420865184        -2.959029037         2.999656058                
     2810.631897        -16962.88480        -2141.253344                
O              164                                                      
     1.944164259         7.557379259        -5.712635403                
    0.9023523190        -4.577009768        0.4681511737                
     3226.336651        -7924.094247         16649.09008                
O              165                                                      
     6.165621501        -2.615971051        -4.995697092                
    -6.925213877       -0.2217034913        -3.020579920                
     656.6318886         9100.059913        -2727.607725                
O              166                                                      
    -3.887962070        -7.869030103        -1.413492850                
    -3.702873317         5.443965089         2.572686855                
    -13243.94859         1326.034257        -7422.051292                
O              167                                                      
    -3.841674840        -2.775539347        -1.923756721                
     3.614711887         5.292654298         3.162978043                
    -490.9862706        -371.3540866         21652.82105                
O              168                                                      
     6.113521125        -7.536716527        -5.158212854                
   -0.4478552401         2.835354857        -5.198131104                
    -3518.249071         11166.13537        -12860.02495                
O              169                                                      
     6.145382877       -0.1392000111        -5.346132005                
    -5.727834347         6.135925704        -6.339612765                
     5378.415041        -3013.282226         9253.006209                
O              170                                                      
    -4.167690147         9.796593939        -1.308190054                
    0.2635814583E-01     2.198078250         2.017561826                
     12410.58754        -8619.132017         870.0740974                
O              171                                                      
    -3.811989666       -0.2281493818        -1.487227182                
     13.31116078        -5.079864582         9.216546566                
    -18318.47475         5431.619733        -4159.580274                
O              172                                                      
     6.170378093        -10.04809936        -5.327413877                
     1.900401184         1.242616556        -4.643566798                
    -939.9902871        -3628.910223        -5598.675827                
O              173                                                      
     6.201255480         2.446863095        -5.512673727                
     2.921763742        -4.826219251        -8.017706723                
    -11933.24708        -9094.206874         10896.08604                
O              174                                                      
    -4.125711969         7.256830786        -1.111497965                
    -7.355784582        -1.621877099       -0.6242990322                
     3398.960749         7193.425687        -2730.668579                
O              175                                                      
    -3.980894318         2.352875933        -1.585627246                
     1.631909164       -0.7029371757         1.004674222                
    -5853.030601        -1688.581151        -7775.363440                
O              176                                                      
     6.146323605         7.577295270        -5.398846154                
    -3.041069866        -4.957718247        -2.751852475                
     2392.676076        -6268.404611        -697.9463306                
O              177                                                      
    -10.09240276        -1.102858159        -2.634883348                
     6.323746982         4.512699089       -0.1403675646                
     4998.980458         1755.164281        -6433.050550                
O              178                                                      
    0.1523847133        -8.986870714        -4.192268592                
     2.152294910         7.511095104        0.5895323388                
    -3103.291109         6165.098631        -3306.234130                
O              179                                                      
    0.1001581145        -1.140490396        -4.167260242                
     4.458569292        -3.549285577        -2.575027721                
    -3582.070366        -4974.760603        -10844.09117                
O              180                                                      
    -10.08630029        -9.112530903        -2.604146406                
    -4.181904799         3.777386145        -2.808208220                
     8663.784520         4304.204643        -7109.412523                
O              181                                                      
    -10.14630659         3.000044778        -2.753424727                
     2.236028336        0.1427323806E-01     1.054028466                
    -13918.51152        -13790.35511        -170.2719851                
O              182                                                      
    0.5228268409E-01     6.911703297        -4.170976263                
     2.273191141        -3.657574969       -0.1070768699                
     1375.709686        -10509.50417        -2510.996548                
O              183                                                      
    0.4287771336E-01     3.041861100        -4.377494280                
    -1.132172409         3.277270486        -2.431749934                
     3433.246638         4341.265404        -3264.243813                
O              184                                                      
    -10.06862465         6.990951073        -2.499602175                
     1.944851168         2.789985114        -1.482417922                
     14604.12377        -10044.94261        -11181.65824                
O              185                                                      
     1.683766271         4.965374707        -4.871987988                
    -8.030057400        -5.178425542         4.357395794                
    -8270.165960        -10914.78690         7390.468398                
O              186                                                      
    -8.567044451         4.910898006        -2.244382896                
    0.7513093556         1.491340746        -6.019043610                
     492.8599901        -12861.57780        -741.3858195                
O              187                                                      
     6.289187767         4.965645596        -4.431923935                
     2.369197932       -0.4167489268         4.120616081                
    -1547.241090         14833.88016        -1364.656396                
O              188                                                      
    -3.881661031         4.905421109        -2.452256933                
    -1.574780207        -6.063243739         7.112396000                
     2396.170019         8513.575322        -275.0138306                
O              189                                                      
     5.926529423        -5.022570335        -6.177590204                
    -3.547987679        -4.187165496         6.914864408                
    -1509.010464         1162.033312         1686.617927                
O              190                                                      
    -4.167247005        -5.245390620       -0.7265711332                
    -2.945618052        -2.784793129         2.754715290                
     4692.252478         8827.764892         4177.683388                
O              191                                                      
     2.216368005        -5.022978445        -6.483797328                
   -0.7912281894         5.509379817        -5.504139693                
     13501.98736         35296.34511         4247.524599                
O              192                                                      
    -7.840440837        -5.101545292       -0.6988159574                
     2.583738648       -0.3406560466         10.81585620                
    -1948.881887        -15705.16567         4410.917799                
O              193                                                      
     7.629005318        0.9906076025         3.504236519                
    -1.312067499        -1.921363274        0.7311421281                
    -131.7414371         10525.18550         1610.677863                
O              194                                                      
    -2.517645894         8.908121979         3.432605837                
     3.648059233        -4.954829507         2.622431813                
    -14520.55081         7065.513141        -5088.223811                
O              195                                                      
    -2.533643633         1.016387362         3.089711859                
     5.245288888        -7.666415189        -5.648521124                
     8864.893385         9511.993944         6322.163588                
O              196                                                      
     7.578411099         8.874728136         3.531654021                
    -6.741080835        -3.815272285        0.6635077358                
     2023.042243         1232.411738         7303.945496                
O              197                                                      
     6.227759098         1.038305442         5.815155021                
    0.7445470436         4.266089954       -0.5314312869                
    -2760.274834        -7946.908168         3557.434656                
O              198                                                      
    -3.962381885         8.864045188         1.127686618                
    -1.054078800        -5.046906660        -1.403706781                
    -6134.607256        -9583.908831        -1916.025512                
O              199                                                      
    -3.861842816         1.112231937        0.7769411014                
     3.014980677        0.7359690512        -3.988993079                
    -13746.19126        -7727.260060        -11583.88576                
O              200                                                      
     6.210801288         8.968599520         5.870798213                
     2.486340737        -5.571551038        0.2724848122                
    -1192.768112        -472.1889012         18287.38763                
O              201                                                      
     6.130046680        -1.265603626        0.4702258332                
     3.158106058        -5.728989579         3.987605315                
    -3689.409709        -9032.597418         1313.363102                
O              202                                                      
    -4.042207632        -8.850675203         6.428135609                
     1.607472687         8.611056773         2.464256622                
    -12224.07240        -7517.936372         675.2202536                
O              203                                                      
    -3.928295658        -1.175413330         5.941869583                
     5.678093214         1.501982496        0.1113154789                
     5774.660169         6253.024576         14706.47452                
O              204                                                      
     6.132850056        -8.949412252        0.3306052730                
     2.325582479         1.463402555         1.201525404                
    -25110.40899         5480.558015         5541.495499                
O              205                                                      
     1.920876736        0.9383653388         5.830543275                
     7.519215416         4.716668499         4.177014761                
     9934.196590        -4975.240732        -5691.325205                
O              206                                                      
    -8.232132080         9.068619237         1.099815584                
    -2.609425282        -2.558167819        -1.268055972                
    -6763.777170         526.1008456         30319.71071                
O              207                                                      
    -8.216863740        0.9210648961        0.7496101166                
     2.503857001         1.612273365         1.760544766                
     9797.804552         4998.389441        -23431.96723                
O              208                                                      
     2.100510667         8.989041577         5.775629690                
     6.435833204         2.623150183         7.013335959                
    -7004.455934        -3238.590538        -16585.98167                
O              209                                                      
     2.517419277         1.190145611         3.293901292                
    -4.566347577        -1.566834538        0.1848181298                
     25008.12576         7503.375130        -8804.631207                
O              210                                                      
    -7.670638283         9.170519330         3.626052081                
    -6.017232376        -1.037007304         1.762230347                
     7233.490062        -5139.333531         6176.379505                
O              211                                                      
    -7.619180310        0.9675669540         3.282106817                
    -5.877051224         3.013009506        -3.445604455                
     7595.114832         9458.119134         389.9050236                
O              212                                                      
     2.600116722         8.875892219         3.287129186                
   -0.6169387527        -1.563253335         5.987584497                
     1706.941601        -278.3028895        -7144.928045                
O              213                                                      
     5.059329286        0.9441753236         3.454452437                
    0.4156044016        -5.949582459        -7.864454954                
     18197.96318         7447.764808         24715.94756                
O              214                                                      
    -5.111368087         9.073116059         3.459641191                
     5.722499257        -6.614129177         5.124334112                
     2053.208584        -9069.635739        -878.3517729                
O              215                                                      
    -5.049508170        0.9423898297         3.139995838                
    -8.695939732        0.6768839737         3.692439749                
    -13518.13685         6135.360596         6383.679462                
O              216                                                      
     5.101825892         9.108983949         3.541571690                
    -4.821056395         4.025065815         3.451325990                
    -10850.75501        -9995.426954        -8854.543921                
O              217                                                      
     7.799049884        -3.095863367         3.625304243                
     4.457659687         8.647532029         2.569855869                
    -2007.398872         8140.306487         8692.781734                
O              218                                                      
    -2.572123159        -7.141502637         3.372070951                
    -2.007098009         3.149595781         4.626433015                
     13772.03724         14601.67471         252.9611810                
O              219                                                      
    -2.355559822        -3.049926826         3.039554999                
    -3.966078858        -1.147059078       -0.7163166295E-01            
    -27346.12663         434.3904743        -23623.13575                
O              220                                                      
     7.588517938        -7.083158877         3.543489748                
    -1.979012657        -1.001508838        0.2111015777                
    -1321.670883         15588.77750        -3440.452231                
O              221                                                      
     6.327780031        -2.991135281         5.892943990                
     6.861082208        -1.577243358         5.985157332                
     272.2818414        -12396.30443         33149.65895                
O              222                                                      
    -4.000592487        -7.180334963         1.070260026                
     1.609428794         5.254686264        0.1040938627                
     1090.438421         8985.789710         9096.545582                
O              223                                                      
    -3.897801468        -3.101254674        0.6747662792                
     1.520521526         1.444098675        -3.165958803                
     7497.768447         4733.619201         12104.40116                
O              224                                                      
     6.220650335        -7.078345845         5.849851737                
     3.245569420       -0.8275747837        -7.564384207                
     726.6477541         5500.892596         4474.876549                
O              225                                                      
     6.157308715         3.472141476        0.3582098406                
     3.092374076         3.003095547         1.489155344                
     7480.145383        -11715.86456        -2358.997692                
O              226                                                      
    -4.088694514         6.636218356         6.373885648                
     1.150475780        -5.240092054        -1.046891784                
     5191.951413         8103.711654        -445.9546669                
O              227                                                      
    -4.221294781         3.393945716         6.221025760                
    -2.557550229        -1.007011701         5.869030640                
     16635.43257         4843.359652        -1160.350767                
O              228                                                      
     6.028423634         6.747809904        0.2550847599                
     4.711779808        -3.806111548         5.062842001                
     22077.70843        -5387.187104         7972.624857                
O              229                                                      
     2.023850996        -2.868187459         5.708009360                
     7.537431646         3.103264547        -4.795062471                
    -5588.484319         4916.969181        -2919.336228                
O              230                                                      
    -8.324141319        -7.049590781        0.9821932118                
    -3.500923392        0.8301413396        0.9075512584                
     5280.381452         5727.597963         1753.118954                
O              231                                                      
    -8.016273753        -3.122513569        0.8095339634                
     3.687907262       -0.9658370871         2.854514943                
     429.2813080        -3792.348229        -6268.541248                
O              232                                                      
     2.003838621        -7.193418977         5.768471673                
    -5.222209118        -1.017403410         5.810110373                
    -3047.766421         6275.688295        -16378.48837                
O              233                                                      
     2.661394123        -3.086801955         3.356404637                
   -0.2142732684        -4.241372385         1.807979002                
     4455.669176         3401.420124         5958.394957                
O              234                                                      
    -7.579112327        -7.025633128         3.412319491                
    -1.204924565         3.143453681         1.609021388                
    -4730.417366         4997.325783         10113.13609                
O              235                                                      
    -7.341218024        -3.110746208         3.301981034                
    -1.917676971        -1.464412803         3.655197178                
    -7576.227517        -10468.89808        -10297.06056                
O              236                                                      
     2.486113059        -7.120449549         3.204568905                
    -2.321526454        0.2252757143         1.612835103                
     9008.868740        -2371.199571         11733.17968                
O              237                                                      
     5.254932972        -3.148731674         3.566919736                
    -1.663299541        -2.892429227       -0.5983399194                
     5226.238453        -2691.413635         163.9871459                
O              238                                                      
    -5.077969450        -7.225431297         3.499013211                
     1.208133691        0.5482931441       -0.5114790616                
    -6180.839689         11748.01744        -4116.933868                
O              239                                                      
    -4.838183352        -3.280205666         3.063531320                
    -8.020229672        -2.062551286        -2.134491677                
     10685.24794         5116.414979        -5528.815959                
O              240                                                      
     5.051576392        -7.191835142         3.555197443                
     2.826639402        0.2468904030         4.438353044                
     10358.38817         2043.198441         1693.600506                
O              241                                                      
     6.441740297        -1.058037305         4.358404425                
    -3.983793101        -7.237765675        -1.829110541                
     258.1217939         18388.60888         1667.028161                
O              242                                                      
    -3.767673491        -9.210172753         2.605391881                
     1.288016118       -0.7556985061         1.461223864                
     1185.937769        -4499.853831        -5550.467445                
O              243                                                      
    -3.703771501        -1.007266915         2.155646343                
     5.464327787        0.4532448631        0.3699429748                
    -8052.051963        -12596.16291        -794.2394527                
O              244                                                      
     6.550763849        -9.165981675         4.374445395                
     10.99437234         4.310919081         2.073038024                
    -9369.877455        -2156.311635         11218.94397                
O              245                                                      
     1.442949488       -0.8689298293         4.115542751                
     6.487528193         1.352915088        -4.636161694                
     6861.976285        -8952.551152         7140.755554                
O              246                                                      
    -8.798578453        -9.024185039         2.555326726                
     7.082075014        0.6601275123        -3.787070449                
     2052.992187        -14082.30142         2485.260730                
O              247                                                      
    -8.544251469        -1.085173584         2.181859512                
    -6.728001783        -2.669163060        0.3186047175                
    -3783.822244        -1799.016286         3199.102149                
O              248                                                      
     1.610155137        -9.273162434         4.352179223                
    -10.97845491         7.531780060        0.2751353826                
    -6815.723653         25431.10326        -10495.19012                
O              249                                                      
     8.318346754         2.503542328         1.439879991                
     8.076388413        -3.149784014        0.6149934272                
    -4634.446176        -5065.585962         3075.586349                
O              250                                                      
    -1.851072027         7.739704399         5.544919445                
    0.6951293516        -1.527719807        -1.728575334                
    -10036.31602        -18102.54553         5788.021853                
O              251                                                      
    -2.017146972         2.571330902         5.046023057                
     2.808076093         3.556291727         2.465053892                
    -3161.069380         11453.53544         11636.76035                
O              252                                                      
     8.180467353         7.460469748         1.525416339                
     1.885435925         4.954642938         3.521152347                
     8854.074300         7315.127072         5783.999957                
O              253                                                      
     8.109737600       -0.8638462539E-01     1.379359241                
    -1.755191606        -4.379675195        -4.546201924                
     10213.12782         13213.03528        -565.4149741                
O              254                                                      
    -1.822831707        -9.983061534         5.506795120                
    -9.224105904        0.6839118876E-01     2.391505902                
    -12615.26457         14636.60737         7076.011448                
O              255                                                      
    -1.702232832        0.1141721267E-01     5.215596882                
    -1.679323575        -2.761645687        0.4838567693                
    -13909.03236        -617.8079067         5605.043788                
O              256                                                      
     8.144451437         9.965708181         1.323322026                
     3.171048130         8.920415132       -0.3983369679                
    -2356.943376         4797.892428        -1356.214257                
O              257                                                      
     8.364976467        -2.557217173         1.298616498                
    0.6807139573       -0.2545215358        0.9412716276                
    -14723.42008         8358.298859        -10868.85192                
O              258                                                      
    -2.016436695        -7.465298785         5.688877005                
   -0.5578146251         1.677776191        -1.754142265                
     3087.837351        -11128.46187         4492.147656                
O              259                                                      
    -1.870562123        -2.563136911         5.363892914                
    -2.491061968         3.169399118        -1.655298522                
    -9172.129608         17870.41102         22369.70300                
O              260                                                      
     8.211028440        -7.668271397         1.278365789                
    -2.725603310        -1.067238449       -0.7229544343                
    -8974.404751         6301.864854        -9807.659359                
O              261                                                      
     4.146482698         2.467450723         1.566176365                
    -1.986942745        -1.982733493       -0.1869252809E-01            
     1488.674166         20493.32752        -11574.74507                
O              262                                                      
    -6.235425782         7.679261220         5.340983882                
    -7.132941307         2.760156094        -1.400226649                
     10705.95763         896.7965688        -8161.805482                
O              263                                                      
    -6.230803771         2.557900167         4.965944322                
     2.602996497         2.366834724        0.9333328691                
    -4827.603525        -20672.86191        -13589.44425                
O              264                                                      
     4.067647542         7.593714680         1.539691773                
     1.117660758         3.194498756        -1.639711714                
    -4242.346758         10578.08659         14415.27646                
O              265                                                      
     4.125259449       -0.2183325428E-02     1.512215710                
    -1.931880685        -1.229332658         2.535257106                
    -8507.056675         11227.80119         5025.620269                
O              266                                                      
    -6.151418922        -9.975301366         5.481181781                
     4.379148448        -2.952386572        -6.023742884                
    -56.25025630        -9307.440036        -4842.572409                
O              267                                                      
    -6.144412690       -0.1731282284E-01     5.242273975                
    -3.235872997         7.646868916       -0.7165756493                
     7951.445005         10020.93945        -423.8544223                
O              268                                                      
     4.111849009         10.08525300         1.440152863                
    -2.651687779         5.229283615        -8.758571684                
    -4022.833605        -10281.74057         2123.063617                
O              269                                                      
     4.091166116        -2.520532132         1.415301610                
    -2.369175776        -1.043402013        -1.603335379                
     12174.55238        -11851.70950         9309.009658                
O              270                                                      
    -6.165139568        -7.509398912         5.679144900                
    -5.200183568         2.470656976         4.311067111                
    -4894.951811        -6387.521408        -356.7595010                
O              271                                                      
    -5.836469762        -2.497237156         5.215849527                
    -1.421767093         3.859821919        -3.491349151                
    -4021.562529        -26164.49543        -2316.307123                
O              272                                                      
     4.106925397        -7.635950244         1.256468846                
    -6.123958533        -1.274972836         1.640836869                
     6131.705829         5695.521924        -1222.084169                
O              273                                                      
    0.4991264291E-01     1.242554490         4.075394041                
    -4.167409273        -2.213304548       -0.4411445637                
    -21412.16412         11990.92983        -3585.258306                
O              274                                                      
     10.09324822         9.052407287         2.685979980                
    -1.849551804        -1.279065436         1.505057604                
    -6378.548988        -6222.316448        -1203.210924                
O              275                                                      
     10.13332687        0.9108378486         2.423866417                
     2.843601591        -6.693787102         2.960106238                
     14190.94983         3940.694681         1012.993096                
O              276                                                      
    0.2053396124E-01     8.998655895         4.180737441                
     1.596171161        -4.272236461         3.052682196                
     4227.775184         114.8270717         9191.741767                
O              277                                                      
    0.6254161914E-01    -3.079845652         4.010287228                
     9.875324119        -2.031764175         4.076683106                
     22851.49786         8491.004131         7698.031133                
O              278                                                      
     10.09930411        -6.942538747         2.739347921                
    -6.162677788         2.045757151         7.035639734                
     16333.48576        -1688.590284        -8493.975073                
O              279                                                      
    -9.956824639        -3.159848232         2.544544255                
     6.358223489        -2.628495801         3.371045665                
     517.4789427        -3121.648693         4504.333231                
O              280                                                      
   -0.3955798036E-01    -7.154609541         4.236219325                
    -4.061569175        -4.395020517        -3.395136831                
     32139.62024        -11252.77629        -3153.159896                
O              281                                                      
     8.605005102        -5.014928671         2.373330716                
    -8.813034280        -1.595699537         1.528673460                
    -3071.263983        -14081.15563        -14797.34930                
O              282                                                      
    -1.507813494        -5.060646459         4.462152006                
    0.6592370800         1.245565174        0.4042319634                
    -2104.358377        -3920.205190        -2623.228263                
O              283                                                      
     4.018663496        -5.126601402         2.435416867                
    0.8950194904        -2.901808528        -1.860590051                
     2459.979549        -2260.169880        -779.4382661                
O              284                                                      
    -6.184238284        -5.117237092         4.433950643                
   -0.1602819949         2.683642907        -5.395062766                
     1010.499071         2847.723592        -1528.303747                
O              285                                                      
     4.293665238         5.061522393        0.6584447379                
     3.174213574         1.017214903        -1.082551221                
    -2575.119906         1749.027518        -953.4798838                
O              286                                                      
    -5.977703091         5.088024593         5.905486932                
     3.018810015        0.2059093127         4.197693656                
    -4488.023031        -11329.71402         4772.654331                
O              287                                                      
     7.966110192         5.021100861        0.4341885418                
     8.101146686        0.7519098156        -1.815230703                
     1011.611716         12334.49279         6725.923201                
O              288                                                      
    -2.290666530         5.090609266         6.099794384                
    0.6272114723        -2.564372021        -3.606344139                
     1187.299651        -3798.260450         11295.42687                
C              289                                                      
    0.3230635015         5.397561959         1.893822806                
     4.100828295       -0.4616683127        -2.672605361                
     19.12286543        -31.96781272        -34.63593343                
C              290                                                      
   -0.3562670713         4.458749161         1.108294791                
     3.200926461        0.7517118197        -3.344517704                
     20.08209416         6.458794082        -22.99328303                
C              291                                                      
   -0.5453691977         4.695380343       -0.2585431901                
     1.616594895         2.872834833        -2.758110005                
     4.812139956         30.79067340        -59.50777591                
C              292                                                      
   -0.5514075204E-01     5.870824323       -0.8398531577                
    0.9321651625         3.780577715        -1.499789964                
   -0.8810293287        -102.8100884         132.8978306                
C              293                                                      
    0.6241898213         6.809637122       -0.5432514151E-01            
     1.832066998         2.567197581       -0.8278776207                
    -157.2477971        -34.51621241         52.37419605                
C              294                                                      
    0.8132919479         6.573005940         1.312512840                
     3.416398564        0.4460745677        -1.414285319                
    -103.4218494        -150.9585923        -152.9535144                
H              295                                                      
    0.4689422851         5.215017904         2.948240679                
     5.323026933        -2.097963211        -3.124977014                
    -11.11873853         17.69212069         18.11407852                
H              296                                                      
   -0.7344529477         3.551960651         1.556732224                
     3.728913335        0.5145554574E-01    -4.315237657                
    -2.423707161        -27.85064904        -84.34395457                
H              297                                                      
    -1.069433859         3.971135887       -0.8645236299                
    0.9223831307         3.808873458        -3.276458306                
     51.03937247        -88.43397809         80.06499852                
H              298                                                      
   -0.2010195355         6.053368378        -1.894271029                
   -0.2900334743         5.416872612        -1.047418311                
     102.3736512        -519.9187561         1434.236019                
H              299                                                      
     1.002375697         7.716425631       -0.5027625760                
     1.304080123         3.267453857        0.1428423327                
    -72.06128796        -15.26622129         9.253387505                
H              300                                                      
     1.337356608         7.297250395         1.918493277                
     4.110610326       -0.4899640538       -0.8959370176                
    -1013.077545        -919.3309366        -630.6097243                
