Diffusion in Zeolites. ZSM5 (Silicate) Crystal Structure, Si(96)O(192) +
         2         2       300    133340   1.0000000E-03   1.3334000E+02
       20.3183600000        0.0000000000        0.0000000000            
        0.0000000000       20.1714600000        0.0000000000            
        0.0000000000        0.0000000000       13.5858629500            
Si               1                                                      
     1.630072302        -1.397213880        -4.471165348                
   -0.1831547367        0.2872575074        -4.008931965                
     30647.89981         4843.966580        -15478.02999                
Si               2                                                      
    -8.466438205        -8.853820562        -2.374854962                
   -0.5679999871        -3.098979428         1.480447071                
    -6127.580387        -25022.92555         3732.005026                
Si               3                                                      
    -8.495895328        -1.198601115        -2.184510364                
    0.2881560476         1.410625909         5.635840275                
    -10218.78937         19908.44782         36446.29725                
Si               4                                                      
     1.664952572        -8.914276769        -4.702768789                
     2.002139807        -4.519760972         1.627533789                
     22097.71412        -12740.38596         15207.11547                
Si               5                                                      
     3.954290951       -0.6219158586        -2.511524777                
    -2.127772698        -4.130347047        -1.006786133                
     7918.512355        -3699.744533        -7122.423773                
Si               6                                                      
    -6.211361170        -9.578365176        -4.422012195                
    -6.574298015         3.333253215        -1.608785031                
    -16900.59451        -4735.409818         9851.206817                
Si               7                                                      
    -6.145402055       -0.6494991508        -4.115654917                
     2.254797513         7.031634365         1.358590703                
    -10532.98415        -14208.90506         6390.658285                
Si               8                                                      
     4.047200250        -9.405664543        -2.764315313                
   -0.5875968916       -0.1609049250        0.5451118942                
    -5009.137164        -2410.823572         1953.040305                
Si               9                                                      
     5.710569429         1.280630136        -6.276792299                
    -1.998199904       -0.9331129950        -3.030021114                
    -2627.489089         3519.158066         27323.76490                
Si              10                                                      
    -4.387693251         8.849509430       -0.6853328937                
    0.8919265884        -4.375873228        -2.807593228                
     3707.657057         15123.08271         9133.709936                
Si              11                                                      
    -4.399733713         1.257692927       -0.2742700769                
     8.912296897       -0.8509401733         3.951419301                
     2909.324150        -5362.371201         10753.78202                
Si              12                                                      
     5.661726629         8.806776933        -6.519683889                
    0.5460938446        0.3718203616         5.878577818                
    -9910.452041        -16493.90482        -6047.856355                
Si              13                                                      
     2.576777957         1.184843975        -6.100770315                
     2.903303560         2.593575473         4.246590006                
    -8516.686070        -2963.980119         8476.733663                
Si              14                                                      
    -7.512665457         8.893707434       -0.5155323887                
     2.852442556        -6.792770957       -0.4986184648                
    -8029.792947         663.8372104         11184.90583                
Si              15                                                      
    -7.573204161         1.294166853       -0.2807170758                
    -2.036613828         4.455415281        -3.954125563                
    -1901.534873        -12772.99389         6634.322272                
Si              16                                                      
     2.485591374         8.700314118        -6.538695667                
     1.875915763        -3.008336076         3.880347207                
     12681.89662         2588.092048         8396.782459                
Si              17                                                      
     8.724668568       -0.4713163013        -2.420463821                
    -1.380091740       -0.5739202442        0.5626269022E-01            
     22591.57666         3061.409320        -24160.82396                
Si              18                                                      
    -1.419248536        -9.401544591        -4.561313696                
    0.6410816898       -0.4789955712        -2.466648540                
     9571.572354        -5315.284078         11326.93737                
Si              19                                                      
    -1.338191071       -0.8161890835        -4.120533509                
     3.077992542        -1.140453304         3.344393719                
    -8115.685305         14636.72163        -1250.978188                
Si              20                                                      
     8.815456953        -9.527172891        -2.591591219                
     2.803593596        0.9550519627         4.106148877                
     13433.33240        -6827.914157        -17822.26329                
Si              21                                                      
     6.465148824        -1.170894812        -4.389821555                
     2.052418887       -0.6469505969         2.128425619                
    -6049.616831        -1084.935695         13645.49233                
Si              22                                                      
    -3.780615704        -8.917208411        -2.587086185                
    -1.026854982         2.165531264        0.3585567636                
     23022.26040        -5315.074744         18799.08782                
Si              23                                                      
    -3.736772268        -1.184048452        -2.176009826                
    0.3020116581        -1.301607519         3.213978774                
     17901.83945        -21188.16511        -3044.086071                
Si              24                                                      
     6.571493706        -9.012086178        -4.612054214                
    -7.372255971        -2.062941713        -2.826017684                
    -21675.29403         11403.50884        -17187.40919                
Si              25                                                      
     1.504756106         3.468660925        -4.221186027                
    -6.749195964        -1.470651564         2.367483407                
     3374.234687        -9685.878050         6615.678589                
Si              26                                                      
    -8.527983335         6.569782716        -2.440465383                
    0.4021269220        0.7336900346        0.6267071653                
     12611.76130         6925.970319        -9444.127266                
Si              27                                                      
    -8.600732609         3.416362087        -2.252824493                
    0.9420769945        -2.757168154       -0.9448193937                
     9752.253967        -13950.49341        -9941.587772                
Si              28                                                      
     1.540853277         6.602738617        -4.439937092                
    -4.320026664         1.639234257        -1.825303322                
     1916.046834         2112.949176        -9059.802585                
Si              29                                                      
     3.975410014         2.557550740        -2.466433158                
     2.161388283         3.693612116         1.871998132                
     359.5548960         4280.777823        -27277.66033                
Si              30                                                      
    -6.347330216         7.444251903        -4.531943231                
    -2.549689310         3.856030313         9.419413460                
     15008.85004         6645.229089        -305.5832965                
Si              31                                                      
    -6.293195366         2.501261051        -4.210256317                
    -4.476243570        0.9795212584        -2.618805823                
     9606.015852        -12130.12223         21486.63631                
Si              32                                                      
     3.987951546         7.555814809        -2.701795355                
   -0.8376953158         3.149815615        0.9046818283                
    -8984.017845        -2678.647182        -5639.330103                
Si              33                                                      
     5.847439143        -3.505641917        -6.325949617                
    0.7390460929        -1.001709373       -0.6336683558                
    -9504.269162        -7622.196411        -2072.902787                
Si              34                                                      
    -4.597654319        -6.618043119       -0.5826241383                
   -0.6256581690         2.340532110        -6.084818572                
     21503.08906        -25486.62833         1178.043006                
Si              35                                                      
    -4.383329841        -3.575180256       -0.3311803314                
    -7.213876145        -1.392226998         4.250556107                
    -13673.96401        -5905.287547         480.5114047                
Si              36                                                      
     5.747094873        -6.622545920        -6.463442437                
    0.6128929624E-01   -0.6403166931        -4.448482283                
     22975.57872         6753.243568         11639.81934                
Si              37                                                      
     2.650826470        -3.476840351        -6.557723322                
    -5.146229991        0.8041521353E-01    -1.632133481                
    -877.8436758         5031.971717         12313.10478                
Si              38                                                      
    -7.749134554        -6.564324155       -0.4571340612                
    -1.666230284        -1.091148574         2.368230085                
     7274.572178        -7546.016789        -14899.86087                
Si              39                                                      
    -7.609464503        -3.485696451       -0.2237010467                
    0.7163074082E-01    -3.083350801         2.528844857                
     7330.233970         17893.59548        -2915.081747                
Si              40                                                      
     2.572779496        -6.617904518        -6.547391333                
     1.833034873        -1.229883470        0.2013406837                
     16118.24398         11840.45968        -1851.878153                
Si              41                                                      
     8.706103257         2.662160449        -2.304564916                
    -1.061081618        -1.876085399       -0.4123091151                
    -17557.64344         7113.016952        -15593.72171                
Si              42                                                      
    -1.451037648         7.614457711        -4.404025390                
    -3.598529093        -2.273025492        -2.170601304                
     13458.32835        -12044.91379        -12725.78574                
Si              43                                                      
    -1.438434532         2.364007970        -4.128259793                
     1.950120916        0.4288409825         2.426425573                
     22208.36430        -15120.97602        -370.9265214                
Si              44                                                      
     8.758995297         7.454473602        -2.514027450                
     7.842095983         1.861404513         4.506470447                
     14911.83422         21906.91618         11000.22250                
Si              45                                                      
     6.375699416         3.547450933        -4.277104513                
    -3.195474956        -4.073518003        -1.688841427                
     12104.02476         13421.74904        -17934.95177                
Si              46                                                      
    -3.876728446         6.567939677        -2.641250414                
     4.410431165       -0.3194012720       -0.3019195207                
     3040.548642         6866.468259        -26324.12135                
Si              47                                                      
    -3.745356671         3.452002436        -2.352219988                
     6.636723986        -3.514303083        0.7229720676E-01            
    -25927.72347        -22821.01459        -13361.99567                
Si              48                                                      
     6.500558612         6.656995230        -4.465156191                
    -3.727061697        -1.335431247         4.856381949                
    -24194.28431         9677.754148        -15646.82649                
Si              49                                                      
     8.622486609         1.163206239         2.427080113                
    -2.457691922         4.859603853         1.379140300                
     27453.63587         12880.70476        -12146.93122                
Si              50                                                      
    -1.566907762         8.706132617         4.288229481                
     2.893662513        -3.036175406       -0.5949298145E-01            
    -8154.188896        -11675.46607        -18718.86104                
Si              51                                                      
    -1.469525131         1.161693604         4.755468550                
    -1.526109336        -3.559254125        -3.679119688                
     13427.53215        -4033.157386         5500.623530                
Si              52                                                      
     8.549208740         8.960359667         2.093284468                
    -5.167085463         1.070514219        0.7388807455                
     5427.596831         4840.320512         11596.71643                
Si              53                                                      
     6.324285591        0.5396638910         4.353367846                
    -3.451773079        -4.632626476        0.8215701061                
    -11934.64328         3767.786006         5312.431684                
Si              54                                                      
    -3.843264798         9.408730887         2.301603014                
    0.2820094063        -2.697422540       -0.5664806549                
    -2339.073409        -16633.42034         140.2236062                
Si              55                                                      
    -3.741606965        0.6151734213         2.737615698                
    0.3948413461         5.586877831        -1.204377073                
    -7731.115759        -7194.344847        -24940.82042                
Si              56                                                      
     6.249116340         9.567978722         4.097423551                
     5.034424920         3.542609563        -1.522831265                
    -15363.46647        -298.7211410        -5300.779920                
Si              57                                                      
     4.525427182        -1.199240651        0.5235951657                
     2.699133953        -1.601573571        -1.882232953                
     25642.03273        -11034.51473         9822.695367                
Si              58                                                      
    -5.716994164        -8.878042157         6.186178818                
    0.5188586365         6.187494940       -0.4531334995                
     5638.054000        -12120.16023        -10726.40600                
Si              59                                                      
    -5.636004365        -1.297911241         6.510965416                
    -2.683122947        -2.678693764         4.013425209                
    -575.5456153        -3301.403733         3116.476339                
Si              60                                                      
     4.485208910        -8.718418499        0.2419418568                
     3.364311269        -4.132560957       -0.3729399782                
     13159.43117        -29985.82558        -2795.616343                
Si              61                                                      
     7.730405654        -1.182776236        0.4160396164                
     1.557205190         3.181219999         1.055502749                
    -6330.112896         4000.047578         3850.846014                
Si              62                                                      
    -2.547017942        -8.984198957         6.026755700                
    -1.757359291        -8.594209275        0.7524177327                
     14665.60973         10146.82495         11449.12501                
Si              63                                                      
    -2.431278238        -1.283499155         6.530902422                
    0.5374588550        -1.489108764        -2.149464526                
    -1618.822495        -9119.734510         9851.662010                
Si              64                                                      
     7.662673647        -8.862368708        0.1962009654                
     1.062734065        -1.710524558       -0.9026917414                
    -44.49758349         8458.919858        -11293.53302                
Si              65                                                      
     1.594371212        0.6724672492         4.544584918                
    0.9461698698         4.189762165        -3.958154914                
    -4133.760670        -4319.590035        -21454.00438                
Si              66                                                      
    -8.683227754         9.371313191         2.395960301                
     1.924635816        -2.314772085         5.403282684                
     4226.509151        -6036.788442        -13432.49566                
Si              67                                                      
    -8.596220644        0.5581912722         2.610816025                
    -2.280536990         6.822536438         3.497277247                
    -40916.00449        -5476.277736        -24444.10803                
Si              68                                                      
     1.469042885         9.418060698         4.138828065                
    -2.929146832        -1.506539634        0.5638907343E-01            
    -422.5477507         6515.298003        -6049.578340                
Si              69                                                      
     3.887838965         1.225085696         2.478262544                
    0.2302816755E-01     1.484702076        0.2560379192                
    -9257.733772         6676.117845        -3043.250413                
Si              70                                                      
    -6.272925962         8.812923257         4.250276168                
     4.361652030        0.9578910619E-01     4.348051778                
     5721.623103        -2940.447322        -2612.993597                
Si              71                                                      
    -6.295906488         1.125204804         4.561709047                
   -0.1710716774        -2.439724401        -2.005323302                
     2001.718604        -3987.727913        -8427.893922                
Si              72                                                      
     3.781462968         8.952576678         2.118576934                
   -0.8097494296         5.471302092        0.6858115777                
     6910.688601         20989.12192         14826.99005                
Si              73                                                      
     8.643807289        -3.529336709         2.262484652                
    -1.727039686         4.368000992       -0.2467189649                
    -16599.39002        -11869.81200        -20932.13945                
Si              74                                                      
    -1.565576798        -6.703468620         4.083396574                
   -0.5171202850        -3.816226122         2.109337013                
     26837.32341         7442.518421         9581.285999                
Si              75                                                      
    -1.534684702        -3.584069545         4.558177231                
    -4.810207829         5.456507666         3.198521816                
    -9781.297906         27745.74038        -16199.70365                
Si              76                                                      
     8.690112737        -6.683820918         2.195834867                
    0.9674596116         4.750570227        0.7735709059                
     8812.758366         13847.06859        -13476.83780                
Si              77                                                      
     6.354313194        -2.635553560         4.242622989                
    0.9658166839       -0.4133592356         2.315392458                
    -2968.069801        -522.7069147         18422.24175                
Si              78                                                      
    -3.941187619        -7.611536435         2.362546192                
     3.912222552       -0.4201593466        -5.012941215                
     5111.471249         11322.43616        -17921.68803                
Si              79                                                      
    -3.955426093        -2.576423617         2.637246742                
    -3.353123164        -1.279302559         2.305018748                
     19845.92164         1111.606427        -681.2550788                
Si              80                                                      
     6.328566609        -7.379610024         4.150364244                
     5.004677987         4.143600726        -1.976659197                
     20349.70836        -18946.64517         1996.798940                
Si              81                                                      
     4.524851054         3.501758041        0.5128863647                
    -2.795388883         1.133324511       -0.3631310014                
     6182.966550         39718.57428        -24234.18888                
Si              82                                                      
    -5.567730351         6.466117889         6.180458774                
     1.710467948         3.020323447         1.319147241                
     5549.903490         7340.501916        -13238.84015                
Si              83                                                      
    -5.668164645         3.429881700         6.469075489                
    -3.175550014        -5.553645683        -2.222292117                
    -1305.278298         9257.659269        -9660.832036                
Si              84                                                      
     4.412063637         6.644317062        0.2580825551                
    0.2345672811       -0.8162150654        -3.411107258                
     1243.646988        -47352.75073        -9091.940247                
Si              85                                                      
     7.689898456         3.546218536        0.6211847061                
     6.784963369         4.330130760         3.844532895                
     14825.88874         9034.152437        -13370.81244                
Si              86                                                      
    -2.378798264         6.523977614         6.326173235                
    0.3490108888         3.338724510        -2.272186377                
    -13524.18576        -4529.414940        -2740.835290                
Si              87                                                      
    -2.501535617         3.394343319         6.633336536                
    -4.680189920        -3.611788632         1.832404949                
     9556.376227         7542.495272         16725.82584                
Si              88                                                      
     7.539236288         6.633144814        0.3078563737                
     6.258926448        -2.597746804       -0.3242566842                
     4065.314356        -8952.378633         2907.623001                
Si              89                                                      
     1.408162415        -2.477824886         4.235463282                
     1.005322182        -6.541682192        0.8166279486                
     11969.39988         3868.891652        -1667.115950                
Si              90                                                      
    -8.646204023        -7.637723954         2.351582511                
     2.030993795         2.064135784        -4.618783777                
    -15783.54602        -7698.336572        -2122.378346                
Si              91                                                      
    -8.737873745        -2.609653559         2.612537576                
   -0.7208479445        -5.127108376       -0.7151206529                
    -11410.60732         6646.906951        -14279.91783                
Si              92                                                      
     1.479224719        -7.545471268         4.174611828                
   -0.4307183474         3.207207018         5.971957766                
    -4279.667037        -20042.55523         9606.517486                
Si              93                                                      
     3.857536733        -3.517243279         2.519129224                
    -1.605294173        -2.293631142         2.992154889                
    -9398.506805         30308.01525        -3098.817947                
Si              94                                                      
    -6.332560137        -6.614354455         4.191222045                
    0.4179114667        -1.251114001        -6.570507350                
     4418.448481        -5226.658890         8445.082186                
Si              95                                                      
    -6.391161978        -3.491930749         4.485461136                
   -0.2610373761         2.111975874         3.922219176                
    -6033.257360         6707.853290        -4875.800772                
Si              96                                                      
     3.855386179        -6.601763216         2.364349235                
   -0.6066670366        -1.114889324        0.7888699965E-01            
     15001.66217        -4081.073657        -2190.382433                
O               97                                                      
     2.699040692        -1.135714932        -3.320419683                
    -2.298427703        -1.797267450        -4.188234792                
    -6283.248590        -7076.189581         6208.516005                
O               98                                                      
    -7.449070923        -9.104770511        -3.530534165                
   -0.2991190632         6.497800856        -5.802100092                
     6480.609080         6314.825016        -15347.21317                
O               99                                                      
    -7.469581724        -1.122465781        -3.300314954                
    -1.390660079        -2.187122974        -2.833254786                
     24947.61507         6160.416954        -24459.78496                
O              100                                                      
     2.724696516        -8.981865170        -3.506505181                
    -2.404135864         2.110349333         1.711998898                
    -5729.212126        -273.0079758        -4281.687146                
O              101                                                      
     4.112596809        -1.100549595       -0.9890392420                
   -0.5002292142        0.6601936591        -4.053016998                
    -9760.280238         12480.04171        -1867.333933                
O              102                                                      
    -6.094397320        -9.073040739        -5.910815086                
    0.7985452964        -2.379118784         1.899536897                
    -652.0763891         3055.011172         10314.59797                
O              103                                                      
    -6.156166535        -1.187691432        -5.611864335                
     1.901334991       -0.1671695731         3.572480809                
     10355.52116         7087.025990         13912.59066                
O              104                                                      
     4.150819659        -8.898548502        -1.260693492                
    -7.014996622        -4.668970345        -1.118289984                
    -10048.37536        -355.9760114        -10665.63436                
O              105                                                      
     4.134740035         1.178547397        -6.086545019                
     9.140442050         6.239456618         2.642451295                
     10297.56611         6554.167817        -8767.500399                
O              106                                                      
    -5.935699148         9.000571207       -0.5189123333                
    -3.414570650        -7.671604271         3.251248578                
    -11370.45601        -3131.290742        -2501.528944                
O              107                                                      
    -5.993266563         1.264886471       -0.2609797268                
    0.5784806874       -0.4154258798        -4.318826860                
     8467.226843         888.8139759         4188.923335                
O              108                                                      
     4.076418833         8.736234360        -6.590637056                
   -0.6980867873         3.875099439        -2.384583284                
    -3582.715567         2248.601950         1892.978955                
O              109                                                      
     8.076859749       -0.8338538509        -1.082521782                
    0.8477630030        -1.749419730         2.274139391                
     10143.94539        -10884.20250         24226.39073                
O              110                                                      
    -1.960829229        -9.070823646        -6.018557578                
     3.387818787        -9.451393769         3.283803915                
    -5080.531852        -880.4722915        -15478.38986                
O              111                                                      
    -1.914785244        -1.178707887        -5.544854259                
     2.661041434         2.522921902        0.9504186594                
    -2957.619459        -3601.202327        -11349.39701                
O              112                                                      
     8.166005758        -8.979667805        -1.299087089                
     2.707433246        -1.070848012         4.731676660                
    -4581.566261        -245.2810460         9952.984070                
O              113                                                      
     7.779227490       -0.9939958455        -3.537447569                
    -1.737430596        -2.249463329         5.556535220                
    -3159.791232        -4185.438046        -9646.075682                
O              114                                                      
    -2.424613501        -8.977354090        -3.412669457                
    -7.418531984         6.734922861         1.233647340                
    -3241.427421         11106.71627        -11573.92522                
O              115                                                      
    -2.387161134        -1.151742356        -3.014955349                
    -1.718013952        -1.751819182       -0.6929627093                
    -3091.561273         1163.580063         6910.261733                
O              116                                                      
     7.896429868        -9.217168258        -3.851714989                
    -1.153957373        -2.155389416         3.205666150                
     723.5284299         3035.951410         11091.21792                
O              117                                                      
     5.246147073        -1.073605320        -3.316630315                
   -0.8143863215         9.519476671       -0.5780344949                
     5810.802641         1701.077617        -11446.65763                
O              118                                                      
    -4.934987586        -9.233437904        -3.562897085                
     5.873766629        0.8057653289        -1.207588627                
    -9391.242774         8585.368158        -17305.38731                
O              119                                                      
    -4.871086019        -1.080045085        -3.240016731                
    -3.751220321        -2.431601140        -4.986106102                
    -17998.22397         8751.137860        -9759.478121                
O              120                                                      
     5.321248434        -9.012314045        -3.603159876                
    -2.226366867        -2.957799572       -0.5312888138                
     9769.471664         242.9628668         1751.663682                
O              121                                                      
     2.682038927         3.116271570        -3.201930115                
   -0.2953960016E-01     3.272090986       -0.7051581984                
    -4246.528648         6939.381203         6624.879947                
O              122                                                      
    -7.554670596         6.944236981        -3.705672465                
     6.843926729        -1.893501589       -0.6184507189                
    -19741.33450        -12881.95839         16596.52808                
O              123                                                      
    -7.572152294         2.834904049        -3.368843842                
     3.911651334         2.565364165         1.185677458                
    -12659.48146         12750.61774         5665.879676                
O              124                                                      
     2.649158325         7.094915439        -3.446624137                
    -5.007992163        -2.573670608         6.630153371                
     7863.997725        -4029.129869         10200.73546                
O              125                                                      
     4.137322499         2.977589055       -0.9959372206                
    -3.093850969        0.8308079251        -1.639855649                
     3313.498084         6743.632189         33982.92625                
O              126                                                      
    -6.086084369         6.953891069        -6.019697638                
   -0.8474900060        -1.220409399        -3.548694277                
    -6705.375334         1669.309541         17459.92561                
O              127                                                      
    -6.215665267         2.979443122        -5.697941638                
     1.220534032         2.087400338        -6.086880655                
     4260.249775         10135.57456        -6164.876019                
O              128                                                      
     4.002278634         6.986313776        -1.207153167                
    -1.318580311        -1.707688084        -3.418057051                
    -2322.629595         13479.65316        -14107.90799                
O              129                                                      
     4.212942182        -3.326350637        -6.338998270                
   -0.6247046965         1.326909249        -2.097302548                
     17549.30668        -3700.991987        -11718.17272                
O              130                                                      
    -6.136662247        -6.710225695       -0.5726522484                
   -0.6137728655         6.884808903         11.18913077                
    -27557.55176         11009.00986         1032.409066                
O              131                                                      
    -6.004168981        -3.448916829       -0.3131533397                
    -8.738836002         9.405750976         5.084095806                
     1743.731502        -1230.946359         391.7783640                
O              132                                                      
     4.201121750        -6.791360047        -6.544704545                
    0.5180127227       -0.9030279805E-01     3.613355869                
    -24721.39596         3292.050481        -8.932907478                
O              133                                                      
     8.257637789         3.127005363       -0.8511890846                
     1.215463469        -1.384879596        0.1283392515E-02            
    -1900.803194        -3352.215894         7898.349748                
O              134                                                      
    -1.860767951         7.154233137        -5.912835293                
    -1.290061830        -7.703721212        -1.622167243                
     270.5387654         1890.453176         11330.73435                
O              135                                                      
    -1.997518016         2.824659038        -5.523304943                
    -2.180450089        -4.276868743         5.225064569                
    -2044.302650         15943.41191        -11831.13518                
O              136                                                      
     8.156048381         6.919910475        -1.117599436                
     3.981919271         5.826435196        -3.635722790                
     6442.495549         9914.288215        -14109.26065                
O              137                                                      
     7.650075320         3.159231329        -3.417310639                
   -0.8989381755       -0.7853374434        -6.162591791                
     6298.401219         6243.473095         6139.482276                
O              138                                                      
    -2.560812628         7.021711180        -3.461559491                
    -1.508520998         3.419172800         5.271025262                
    -2968.691084        -3206.582269         8761.386427                
O              139                                                      
    -2.488930878         2.858569231        -3.100210829                
    -7.863708849        -5.209657551       -0.7363144597                
    -8867.687350         10595.55862         8305.878537                
O              140                                                      
     7.739208143         7.148076066        -3.657637289                
    -6.046408263         2.205058424         6.513138145                
     7672.920384        -9252.118055         4427.539292                
O              141                                                      
     5.219625885         3.117582651        -3.328825582                
    -7.487320539         8.649959817         2.285563169                
    -14476.06104        -858.1632588         8290.153740                
O              142                                                      
    -5.087730742         6.960931567        -3.649215345                
     6.865464450        0.7954026155E-01     1.970112917                
     3367.993079        -9762.254640         6479.725603                
O              143                                                      
    -5.082652301         3.025014162        -3.309775811                
    -2.117691247       -0.3146956615        -3.145791918                
     21089.52429         14489.18075         8711.272351                
O              144                                                      
     5.225397318         6.962393116        -3.520336949                
   -0.6758368434       -0.5188396384         3.043487167                
     800.7831134         11416.56696         3312.809290                
O              145                                                      
     3.924282692        0.9872474135        -2.563199831                
    -1.945596623        -7.829863673         2.918947172                
     1258.005753        -13922.18560         11669.08331                
O              146                                                      
    -6.360768770         9.033412523        -4.515071442                
     2.883466937         2.453914708         1.344509415                
     4578.414708        -6391.880019        -4644.980220                
O              147                                                      
    -6.107935927        0.9184598553        -4.195257730                
     6.209148657         1.198072144        -2.885628896                
    -5459.674425        -3137.552059        -5600.607352                
O              148                                                      
     4.026138562         9.164052858        -2.726126479                
   -0.7082967687        -4.375015476        -1.475369820                
     5977.395035        -9081.827795         6632.983723                
O              149                                                      
     8.698415959         1.103765518        -2.484180782                
     2.846164852        -5.266228850        -6.331499186                
     5786.462686        -2531.908892         8779.678522                
O              150                                                      
    -1.418089620         9.177017034        -4.405478472                
    -8.942462394         1.924799042        -2.600356396                
    -1124.554349         7129.045475        -3573.319102                
O              151                                                      
    -1.292225351        0.7840222877        -4.105985539                
    -2.918795520         6.526074661        -4.683521005                
    -4342.553183        -1715.479639         2391.606936                
O              152                                                      
     8.857788895         9.076314079        -2.507175624                
    -1.301572487        0.9718562679         3.622239658                
    -8224.783231        -19553.21244         4685.736577                
O              153                                                      
     1.978745332        -2.645553157        -5.412082100                
    0.6224291299E-01     6.892744353        -5.315453354                
    -8066.701784         10595.36500         11453.51446                
O              154                                                      
    -8.226921049        -7.527129160        -1.640411651                
     2.628592500        -2.918385814        -9.180411617                
    -165.4970347         23618.68205         15017.84746                
O              155                                                      
    -8.205175907        -2.450778582        -1.253127244                
    -2.072540544        -4.769757557        0.8229230118                
    -913.9943970        -55.14453334        -6855.827194                
O              156                                                      
     2.050001417        -7.582083347        -5.461155646                
    0.7317917256E-03    -1.227925943         2.722362310                
    -9867.802194        -11286.51349        -5235.399375                
O              157                                                      
     2.038955663       -0.1277657027        -5.411512743                
    -2.476791572         6.007661212         4.633373075                
    -10396.33024        -7561.935978         11610.12003                
O              158                                                      
    -8.047800922        -10.02790141        -1.330103989                
     5.621426383        -2.427200876       -0.6003187828                
    -3567.244742         3541.558577        -2624.055428                
O              159                                                      
    -8.026578879        0.1107890441        -1.227617599                
    -1.389319989        -1.923615798         2.430955276                
    -10329.34255        -15944.86954        -12039.44345                
O              160                                                      
     2.062078694         9.923741751        -5.558051847                
    -4.583211660        -1.336902060        -2.208198211                
    -9761.168023         10476.73836        -12431.93184                
O              161                                                      
     2.029353486         2.470089695        -5.328639686                
     10.68252458       -0.2002478470        -6.504935474                
    -2807.346913        -3593.685075        -15485.08428                
O              162                                                      
    -7.943172120         7.601935385        -1.326153624                
    -2.579109537         1.710272863        -1.569389592                
    -6571.460641        -16717.50639        -9523.701169                
O              163                                                      
    -8.097412651         2.603336228       -0.9580575667                
    -2.004559219        -1.432623235        -3.275271144                
    -9394.376313         9722.110331        -13717.97896                
O              164                                                      
     2.047404402         7.409349693        -5.728262328                
    -2.232381208        -7.388190386        -1.897844610                
    -8806.979066         1066.340292        -7372.812640                
O              165                                                      
     6.392130369        -2.505890704        -5.247740184                
    -1.411529987        -7.306838508        -3.710428982                
    -2733.864498         6495.478195        -3009.398433                
O              166                                                      
    -4.058666214        -7.644118496        -1.697876743                
    -2.450210693        -3.897809283         2.688912807                
    -846.5668102         10448.83473        -444.2578352                
O              167                                                      
    -3.870624490        -2.581240207        -1.415958515                
    -2.160316006         3.570964354        -1.199595919                
     612.6887001         10821.56943         7812.076328                
O              168                                                      
     6.420424022        -7.693382993        -5.509174787                
     7.832153142       -0.7362143017         5.732644254                
    -3829.010952        -2448.108089         6120.530430                
O              169                                                      
     6.250388418        0.6502325777E-01    -5.359497639                
     7.841229476         3.972803796        -1.299551131                
     901.5175553         3268.920635        -7086.111581                
O              170                                                      
    -3.840416326         10.00475661        -1.611880008                
    -2.560287797         4.627299010         3.778541715                
    -2355.216202         3050.918043         5962.898905                
O              171                                                      
    -3.921794032       -0.3601993114E-01    -1.122143116                
    -1.005283503       -0.6918975864        -6.935846232                
    -5242.334433         12686.33556         2074.236589                
O              172                                                      
     6.125814803         9.972190711        -5.574712118                
    -2.988953474         6.928584735        -1.035245743                
     10823.02739         3363.641109        -1944.757243                
O              173                                                      
     6.137578735         2.665867158        -5.580460062                
     2.621715701         1.951246838        -5.601092945                
     3229.673216        -14619.81803         1990.844650                
O              174                                                      
    -4.099942708         7.553611374        -1.449855402                
     2.803806911         2.845709299         4.868224093                
     6650.530968        -21862.52235        -5522.339738                
O              175                                                      
    -3.967046455         2.555579827        -1.058585201                
     6.288382970       -0.3121071224         3.459297941                
     2161.945761         4349.602262        -6578.665478                
O              176                                                      
     6.203428947         7.521139641        -5.763941647                
    -9.171035245        -8.079191615         7.709412549                
     4162.085053         5440.563541         5912.053110                
O              177                                                      
    -10.02702542       -0.9463648055        -2.466798063                
    -4.832288395        -8.919414118        -4.005889273                
    -14204.88245         271.9861583         2523.330766                
O              178                                                      
    0.1378367720        -8.985636381        -4.444098143                
     3.020604404         2.289422344         4.699225425                
    -20673.87830        -996.6088279        -5433.429765                
O              179                                                      
    0.1441967482        -1.295146892        -4.068443188                
     2.243149279        -1.172578275         6.091190842                
    -2982.121046        -5761.149356         2903.410171                
O              180                                                      
    -10.01050874        -9.071039937        -2.656000361                
    -1.306828923        -1.151804173         7.163273999                
     8906.972376         7181.872196        -3115.920570                
O              181                                                      
    -10.12922309         3.132834033        -2.506571136                
    -1.230693877        -3.396525134         5.149354132                
     5329.974558        -3221.763795         8261.903220                
O              182                                                      
    0.7303611797E-01     7.072499947        -4.227824194                
    -2.999127201        -1.956412740         2.525824315                
    -25486.27050         10619.33980         3606.693298                
O              183                                                      
    0.4133751536E-01     2.945182597        -3.920890318                
    -1.352331839         3.319112979       -0.4494977731                
    -7132.862716         4536.298807        -4663.485568                
O              184                                                      
    -10.03924810         6.969764807        -2.613593934                
     2.667770806         4.111404006        -4.155017360                
    -9209.635322        -4829.560848         1052.978006                
O              185                                                      
     1.416129765         5.024620164        -4.465897614                
    -6.669511324        -1.053951868         3.255505032                
     12249.29229        -2820.725687         526.3303628                
O              186                                                      
    -8.498877171         4.961092989        -2.285889410                
     2.924318000         3.215212934         3.688167656                
     8041.146793         28512.28625         8070.627608                
O              187                                                      
     6.483588446         5.136220270        -4.641247528                
     9.772229686        -2.855511506         2.038326386                
     3108.316622        -33104.50299         11470.13990                
O              188                                                      
    -3.742086526         5.011370436        -2.355086746                
    -2.049376987         2.901168086         4.686131082                
    -4916.937481         8643.290124         4381.101370                
O              189                                                      
     6.057814793        -5.070204558        -6.160623242                
    -6.585040061        -6.665122570        -1.279373491                
    -8155.490274        -4033.910202        -830.8812406                
O              190                                                      
    -4.162916298        -5.116158475       -0.5884066463                
    -3.526733738        -8.568462167        -1.831352498                
    -2395.835487         4351.042962        -5645.493491                
O              191                                                      
     2.435781350        -5.050408786        -6.378054276                
    -8.040389909        -4.015790764        -3.925167338                
    -3098.746187         717.9556129        -14395.79862                
O              192                                                      
    -7.946869321        -4.981750174       -0.4729480464                
     1.154944857        -7.722643927         8.162178611                
    -783.9106950        -22790.53881         132.1958343                
O              193                                                      
     7.592227096         1.078391903         3.592666596                
    -3.618298853         1.840039618         1.351564516                
    -982.8998741        -12016.59730         5608.224304                
O              194                                                      
    -2.603468192         8.803592108         3.070295423                
    0.1750835533        0.2079429066        -2.548996641                
     8810.819853         9275.007798         6709.844192                
O              195                                                      
    -2.465754800         1.026365700         3.536953900                
   -0.3542263978E-01     4.520568589        -3.755039285                
     920.6402862         4206.150031         4364.636506                
O              196                                                      
     7.521813782         9.173518482         3.296763951                
     1.755791045        -2.740764416       -0.4893971978                
     15258.58951        -3806.901264        -8403.076369                
O              197                                                      
     6.072128651         1.028763949         5.831204098                
    0.3025466698E-01    0.4833780076        -2.535215795                
     7582.365870         910.2142409        -9652.557027                
O              198                                                      
    -3.925291737         8.955608053        0.8033897563                
     3.917292111         2.183522387        -2.157662590                
     7106.723510         7045.670369         2973.486308                
O              199                                                      
    -3.893981081         1.121713564         1.231830239                
    -11.05316299         2.813819104         2.502882851                
    -2280.039774         2669.504488        -924.7974074                
O              200                                                      
     6.060092707         9.009538719         5.554239487                
    0.5264663663         3.243697847        -1.414253604                
     7916.601888         7564.286249         2413.100034                
O              201                                                      
     6.169776306        -1.208004056        0.5145229320                
     1.593203515         4.311474965         1.352587681                
    -21665.92250         4387.226012         1456.068372                
O              202                                                      
    -4.114458679        -8.865866757         6.095205268                
    -2.558890918        -5.281830572        -5.496528253                
     1711.996322        -8048.677975         3409.388390                
O              203                                                      
    -4.047254513        -1.211307510         6.516295224                
     2.261332091         4.083070233        -1.705608345                
     8702.412254        -4909.178119         501.5893397                
O              204                                                      
     6.085196753        -8.808200167        0.1782355229                
    -1.861251097         2.034697079       -0.2497777539                
     76.28056462         827.5045108         9386.780614                
O              205                                                      
     2.117248253         1.017883010         5.980923086                
     6.045283073         1.967305887         7.326883276                
     2007.007713         3827.412599        -7271.094875                
O              206                                                      
    -8.119173592         8.877285210        0.9816358106                
    -1.303285927        0.3834988554        -1.580918984                
     2217.193589         8611.089191        -8322.018720                
O              207                                                      
    -8.146518780         1.023423705         1.184302446                
    -2.026201249        -4.247547655        -1.612414295                
     11463.24204         4590.773543        -9614.333662                
O              208                                                      
     1.951150936         8.932002424         5.552508848                
    -5.117970406        -1.723630475        -3.342075485                
    -2692.775033        -6663.480004         16154.04493                
O              209                                                      
     2.608329130         1.121068167         3.371808373                
     3.757602325        -1.601883382        -7.483884421                
    -8134.478876         396.8736911         13800.77298                
O              210                                                      
    -7.638317284         8.921480848         3.472555631                
     2.413831552        -2.051595433        -3.292707744                
    -479.7341562        -918.3640756         5579.575039                
O              211                                                      
    -7.599866124         1.034598677         3.652969254                
    -2.040595346         9.896758071       -0.6722190713E-01            
     20636.30221        -5469.044416         24303.18794                
O              212                                                      
     2.472323983         9.059869152         2.982141657                
     1.505548980        -1.399429818         1.884644006                
    -2807.716136        -6158.081641         106.4519376                
O              213                                                      
     5.079733721        0.9813220509         3.459116863                
     1.818847674        0.6594783373        0.6518462161                
     11003.09313        -867.3622455         5240.493060                
O              214                                                      
    -5.117149835         8.958524240         3.122581602                
     3.806393214        -4.282305877        -4.888580275                
    -9108.422829         6538.039640         16475.00288                
O              215                                                      
    -5.059667980        0.9477411423         3.553034498                
     1.680282188        -4.543886142        -6.284561960                
    -1398.448194         1280.099030         11255.44632                
O              216                                                      
     4.983218596         9.136904444         3.185935666                
   -0.9589655551        0.5360194085       -0.4342934065                
     1566.638767         2448.893371        -3961.339670                
O              217                                                      
     7.516902672        -3.181619448         3.326109276                
   -0.9431830076        -6.257086690       -0.6714045729E-01            
     5618.735630         6600.857088         2156.062749                
O              218                                                      
    -2.605362071        -7.061542525         3.034038063                
     2.727594986        -7.118667153        -3.723599610                
    -15160.17273        -5312.035372        -18310.40065                
O              219                                                      
    -2.681715513        -3.084169286         3.511190695                
     2.870152125         3.825860193        -2.093139656                
    -5047.715386        -2656.979696         1509.286578                
O              220                                                      
     7.601929096        -6.938394221         3.291153240                
     3.966536468         2.315526339        0.1115565652                
    -1179.583361        -6355.553234         9897.980260                
O              221                                                      
     6.289460795        -3.161168735         5.766113394                
    -4.494853128         5.943204373         1.669000235                
    -1089.940987         2926.435667        -5536.402173                
O              222                                                      
    -4.196671668        -7.177223649        0.8526586580                
     8.300858757         1.024889068        -2.488555371                
     5617.572378         1269.153669         7643.621206                
O              223                                                      
    -4.021002356        -3.194266392         1.154792395                
     5.430399003        0.6955388728E-01    -2.080785747                
     3984.470360         10614.25342         10341.42384                
O              224                                                      
     6.207846592        -6.918016420         5.656605154                
   -0.9966426523        -4.657712191         1.165337224                
     1891.571200        -1808.806145        -17308.10386                
O              225                                                      
     6.126025741         3.467802006        0.5690755847                
     5.643686615        -3.296044527        -9.157067736                
    -10886.35732        -16122.18257         5437.288498                
O              226                                                      
    -3.986900810         6.512553225         6.190158178                
     4.433526849        -2.031505405        0.4976831337                
     8283.812752         8551.501827         5622.845422                
O              227                                                      
    -4.067274074         3.302018025         6.571136485                
     3.986000485        -8.894907431         2.856271270                
    -14365.04057         38.53366452        -1241.110141                
O              228                                                      
     5.976026879         6.700036211        0.2309234988                
     3.550231678         7.888753783         5.328143922                
     6612.420495         13539.85748         2269.848859                
O              229                                                      
     2.066661104        -2.896679602         5.653865584                
    -3.647345560        -9.046297685         2.217768871                
    -455.5452552        -13502.41345        -1750.170568                
O              230                                                      
    -8.273372046        -7.166642431        0.9012973867                
    -3.326953260       -0.7478452044E-01    -4.797717786                
     11063.74093         11520.66432        -5924.727637                
O              231                                                      
    -8.135367712        -3.072198183         1.202636658                
    -2.822421487         3.072416017        -2.449496048                
    -2180.369891        -4996.240047         9305.941423                
O              232                                                      
     1.895541113        -7.008405949         5.647665602                
    -1.663934488         4.974090140        -1.699151848                
     827.9396976        -2370.725264        -8733.399316                
O              233                                                      
     2.439869007        -3.096031811         3.189745986                
    -1.454011142         2.522949459        0.4615375589                
     10576.99964        -3163.085157         1884.288193                
O              234                                                      
    -7.624289152        -7.104319460         3.396401314                
     6.621159950         1.370686157        -3.946484520                
     14202.96632         14178.70282         4494.226195                
O              235                                                      
    -7.760332918        -3.066527448         3.727627993                
    -1.067710362         3.137070212         6.032205129                
     16445.20764        -9755.017942         15503.38059                
O              236                                                      
     2.629511583        -7.109505371         3.200670995                
    -2.457986860         7.946495740        -2.340802352                
    -6529.871607         10728.22374        -3195.703680                
O              237                                                      
     5.052161241        -3.065645455         3.472762998                
    0.3519930630        -3.186165362       -0.2524264841                
    -6897.302688        -11806.54388         5415.032305                
O              238                                                      
    -5.090545194        -7.009188165         3.243713826                
    -7.257393374        -2.922530182        -1.684078651                
    -15430.63669         3588.791830         8728.892047                
O              239                                                      
    -5.259932015        -2.996364103         3.454262301                
     10.00317962         2.739894516        -4.743340088                
     3507.508612        -567.1141755         6287.440668                
O              240                                                      
     5.146871621        -6.893806409         3.274505440                
    -5.011596042         3.086305314        -7.650349204                
    -18946.04452         4050.053937        -4441.336578                
O              241                                                      
     6.377025959        -1.047438214         4.408019152                
    -3.705796073         1.737967912        -5.475183676                
     6376.691978        -240.0231094        -10343.52139                
O              242                                                      
    -3.865492729        -9.169256721         2.393619239                
   -0.8064030441        0.1406799579        -3.289499714                
     1703.427746        -10552.94294         592.3125219                
O              243                                                      
    -3.791710989       -0.9704902155         2.578801874                
     1.492788144        0.5806451200        0.9277104045E-01            
    -5102.205263        -13405.03973         5559.121354                
O              244                                                      
     6.347096216        -9.013421517         4.142610419                
     6.216927820         6.095087998        -5.576674757                
    -7385.474372         13365.30541         4328.407666                
O              245                                                      
     1.435240170       -0.9004103196         4.217973292                
    -4.838388837         1.610901002        -1.152437275                
     3955.152580         4942.442269         8510.798856                
O              246                                                      
    -8.616935750        -9.207758063         2.383312758                
    0.1019219369         1.646735165        0.5087627531                
    -3171.446755        -5818.376208         4996.288011                
O              247                                                      
    -8.719368704        -1.031444441         2.583174593                
     5.719573821        0.1210903041        0.4498435393                
     8755.323841        -253.7464079         11129.35839                
O              248                                                      
     1.550071104        -9.171112714         4.214530583                
    -3.211287783        -2.300625290         4.010411541                
    -11838.40599         18121.99519        -1180.888243                
O              249                                                      
     8.357695149         2.552147914         1.676393147                
     1.209616740         4.507078097        -5.003402759                
    -10804.48645         153.6087939        -7254.095754                
O              250                                                      
    -1.823598711         7.408553560         5.145623989                
    -4.627508361        0.4356352343        -2.426853466                
     3538.579076         814.0450400         3195.403152                
O              251                                                      
    -1.841763659         2.402452389         5.630159168                
    -3.122290840         4.827245828         2.481896364                
    -7063.704103         5725.272583        -9003.562898                
O              252                                                      
     8.102442431         7.703061655         1.333929675                
     4.067534814        -4.234383506         2.102690064                
    -2434.460116        -18585.83739        -10557.01371                
O              253                                                      
     8.218619146        0.1943513228E-01     1.387682857                
     4.290493721        -5.887509758         5.562840820                
    -2368.786612        -7462.534474        -219.4882878                
O              254                                                      
    -2.051597919         9.912460645         5.173459731                
     2.958595861         1.989827376        -2.866750938                
    -7176.256868         16810.72317         15824.53718                
O              255                                                      
    -1.857178695       -0.9844537938E-01     5.668032089                
     5.191993762         10.70961149         1.209112125                
    -3163.845511         2219.403954        -4626.075911                
O              256                                                      
     8.211870549        -10.08411983         1.021879250                
    -4.409951306         5.187414808         9.931037000                
    -1478.626243         1553.044565         7859.891874                
O              257                                                      
     8.316454505        -2.529625127         1.021459719                
     1.561518214         3.424317373        -3.735275340                
    -1414.897473         1264.978407         12638.07805                
O              258                                                      
    -1.989897813        -7.691769301         5.236003954                
    -1.376194797        -3.701696100        -1.248871224                
    -3607.119812        -14188.24392         10312.87100                
O              259                                                      
    -1.936933337        -2.629092610         5.814977739                
     5.973413071         5.051202718         1.755312739                
     283.3646354        -9461.296627        -8337.132095                
O              260                                                      
     8.271706102        -7.637265212        0.9759393517                
     2.397353193       -0.9470782017         5.856790533                
    -3516.807153         7533.002793         11661.11031                
O              261                                                      
     4.025929579         2.593037081         1.630072879                
    -1.024937965         5.743136228         2.725700762                
    -5214.566260        -27431.43909         10041.77901                
O              262                                                      
    -6.013647329         7.510523274         5.109092675                
     9.367174647         4.521429690        -2.651795631                
    -7016.938173         6217.996482        -7772.826296                
O              263                                                      
    -6.152318261         2.455089976         5.341626732                
    0.4776649738         6.603465506         2.698167775                
     2484.007700        -2133.641119         9948.905323                
O              264                                                      
     3.922020939         7.666089911         1.261821118                
    -3.634226001        -2.986061761        -1.417389962                
    -8184.497587         12153.11195         11440.36365                
O              265                                                      
     4.061998773        0.3483786343E-01     1.437962836                
   -0.6267925083         4.725103268         4.861424762                
    -991.8152650        -338.8761589        -12472.77157                
O              266                                                      
    -6.152455164         10.03056118         5.293978831                
     1.169338816         2.265666188         2.788442581                
     4967.008444         1412.622993        -4478.199369                
O              267                                                      
    -6.114946479       -0.5613355259E-01     5.657636405                
    -3.515489376        -2.667713721        -4.313335417                
    -4596.439674         6017.582761        -18150.59880                
O              268                                                      
     3.972792815        -9.986670161         1.118263869                
    -1.086134349        -6.104193348        -5.656664916                
     2528.021138         3829.380839        -3911.599952                
O              269                                                      
     4.172270492        -2.506933866         1.346417605                
     6.006798858        -1.742648931         5.155952361                
    -12258.28535         1948.532707        -9212.486317                
O              270                                                      
    -6.145146237        -7.596650182         5.433801715                
    -3.057331230         2.337368543         4.094070907                
    -7357.303012         13702.82947        -10183.62627                
O              271                                                      
    -6.083079502        -2.632237324         5.785719872                
    -2.003289038         4.406734113        -1.695746109                
    -2526.520156         1086.853555        -15783.03291                
O              272                                                      
     4.089125254        -7.506942657         1.084648603                
     2.887529686         3.458988249        -6.886313131                
    -11167.43839         20588.01939         10687.52454                
O              273                                                      
    0.8120272584E-01     1.143031547         4.521073269                
     4.870125060        -1.218431105         3.435991836                
     1158.067446        -1195.986337        -5912.070805                
O              274                                                      
     10.10477399         9.008244032         2.442617843                
     5.949304285        0.8660538165        -2.059870357                
    -8645.126705         2336.043841         2656.054852                
O              275                                                      
    -10.13699085        0.9512679070         2.724822567                
    -4.377702364        0.9450764935        -1.450588830                
    -10532.51166         5547.856283         6120.048425                
O              276                                                      
   -0.5861224342E-01     8.973402162         3.980535573                
    -6.106964446        -7.217900777        -1.259036870                
     10746.35074        -26.00429663         1997.930050                
O              277                                                      
   -0.4492815654E-01    -3.052179892         4.186779377                
   -0.1359841519        0.2475834670        -8.427928470                
    -15137.82220        -12303.73842         9471.049030                
O              278                                                      
    -10.11557474        -7.081604489         2.496155450                
     1.062986028        0.8317138255        -1.720765741                
    -8930.075625        -2843.796900         5201.216432                
O              279                                                      
     10.06721450        -3.142060679         2.678778829                
    -2.806522809        -4.083607267        -4.825260517                
     26204.65552         8702.228171         5695.466889                
O              280                                                      
   -0.1400693637E-01    -7.081879734         3.824622040                
    0.5831107734        -3.486484136         2.757597203                
     4232.784985         1274.396410         8948.732122                
O              281                                                      
     8.658823169        -5.092986375         1.990581974                
    0.9941109750        -4.678295566         1.900541884                
    -2463.127451        -3494.411292         3008.180699                
O              282                                                      
    -1.603901509        -5.151023034         4.428280018                
     3.154589095         5.160148600        -1.635638672                
     5591.062380         1066.091641         9653.752062                
O              283                                                      
     3.819724646        -5.030401101         2.214927062                
    -1.275526018        -7.319850401        -2.670503556                
    -1919.896108        -13504.64157         2230.572357                
O              284                                                      
    -6.339387353        -5.061416273         4.543291786                
     5.188069631        -1.724863094        -5.602540335                
    -2898.265315        -7628.127420        -5777.826093                
O              285                                                      
     4.193423722         5.088890522        0.5915337553                
    0.2774584971         5.721290589        0.1211261818                
    -4096.680031        -10889.95277        -5809.636678                
O              286                                                      
    -5.928889050         4.957825140         6.089218051                
    -2.275323009        -3.998888080        -3.582572923                
     1924.943070        -18341.81976         9701.384748                
O              287                                                      
     7.821287743         5.133291733        0.6757236755                
   -0.2846281288         4.151702398        -4.446630657                
     11063.24003        -8829.195717         5388.164113                
O              288                                                      
    -2.219437646         4.966809361         6.411091648                
     3.304506845        -1.992668377       -0.1939736014                
     9883.583793        -19911.10762         2258.083068                
C              289                                                      
   -0.3014914157         2.257449224        0.8736574885                
    -2.493139211         1.979942106        -1.476178949                
   -0.6897189758        -73.90390977         3.952476373                
C              290                                                      
    -1.113673860         3.358155976         1.171513299                
   -0.4574694804         3.965120347        -3.261485321                
    -52.39131287        -58.64152931        -14.63983551                
C              291                                                      
   -0.8241974187         4.611572755        0.6191096747                
     2.484833687         2.764304332        -4.444307926                
    -88.57274873        -37.59045358        -138.6586655                
C              292                                                      
    0.2774614653         4.764282784       -0.2311497607                
     3.391467126       -0.4216899234        -3.841824160                
     41.61243905        -30.34891631        -168.8581369                
C              293                                                      
     1.089643909         3.663576031       -0.5290055715                
     1.355797393        -2.406868166        -2.056517785                
    -140.3067162         33.36187707         148.6195574                
C              294                                                      
    0.8001674689         2.410159252        0.2339805297E-01            
    -1.586505774        -1.206052151       -0.8736951802                
     224.6517949        -60.48902881        -52.41890988                
H              295                                                      
   -0.5248018130         1.290527707         1.299797428                
    -4.762915943         2.906285889       -0.5637157949                
    -82.93041943         1.964213920         142.0359566                
H              296                                                      
    -1.963540785         3.240358915         1.827437191                
    -1.156863107         6.422929998        -3.726278208                
    -45.80562646        -104.9418821        -105.0490352                
H              297                                                      
    -1.450753948         5.460697213        0.8488936278                
     4.055216794         4.295770203        -5.821563968                
    -38.49555687         78.75600047         75.68595275                
H              298                                                      
    0.5007718624         5.731204301       -0.6572896998                
     5.661243856        -1.348033706        -4.754287313                
     107.5436560         29.16241019        -44.60802939                
H              299                                                      
     1.939510835         3.781373093        -1.184929464                
     2.055191021        -4.864677817        -1.591724900                
    -3054.154934         1943.485728         3077.502728                
H              300                                                      
     1.426723998         1.561034796       -0.2063859006                
    -3.156888877        -2.737518022        0.5035608596                
     1.997552882         40.91978370        -50.30630098                
