Diffusion in Zeolites. ZSM5 (Silicate) Crystal Structure, Si(96)O(192) +
         2         2       300    133340   1.0000000E-03   1.3334000E+02
       20.3183600000        0.0000000000        0.0000000000            
        0.0000000000       20.1714600000        0.0000000000            
        0.0000000000        0.0000000000       13.5858629500            
Si               1                                                      
     1.662798150        -1.393062788        -4.713791932                
     1.078076523        0.3876010659         3.905615337                
     3923.342352         700.5801047        -12594.16596                
Si               2                                                      
    -8.570059136        -8.840078264        -2.274925447                
   -0.9053189811         2.373096153         2.146056787                
     4727.846985        -12011.58404        -5725.924120                
Si               3                                                      
    -8.481418923        -1.351764763        -2.308129506                
    -7.270633621        -3.708220979        -6.317019243                
    -6052.999154         19868.64900        -7274.858937                
Si               4                                                      
     1.571680932        -8.748740552        -4.518066279                
     4.341722326         1.899971669       -0.9183591033                
    -5243.636573        -13410.46695         26996.43726                
Si               5                                                      
     3.992066296       -0.7253578541        -2.845983156                
    0.3718630190         3.802365452         1.556468239                
    -17326.70401         26015.18556         42516.99318                
Si               6                                                      
    -6.226942537        -9.387385617        -4.241012283                
     1.910450149        -1.097862220        -1.836001789                
     6718.402672         3190.048625         20038.66690                
Si               7                                                      
    -6.138238493       -0.5914404148        -4.219001388                
     1.759766612        -6.369824153        -3.230693230                
    -21869.47441        -7007.607181         3922.296516                
Si               8                                                      
     3.865917893        -9.514164725        -2.530106840                
     3.257437842       -0.4985916090        0.8910540474                
    -647.1249672         5835.090675         13816.81897                
Si               9                                                      
     5.668173524         1.250501969        -6.482674018                
     1.059696242         3.413277348        -4.291569675                
     3262.014647        -3305.621628        -5875.959279                
Si              10                                                      
    -4.528482852         8.819466089       -0.3904008437                
     1.341146779        -2.200797718        -2.600600701                
     19414.19606        -742.9681279         13285.86805                
Si              11                                                      
    -4.460560445         1.172483713       -0.5079431705                
     3.363159350        0.1547456849        -3.014814880                
    -4679.914357        -11296.95714         19392.88079                
Si              12                                                      
     5.668513279         8.943966750        -6.293665759                
    0.1905793808E-01     5.644885914        -1.158628449                
    -7930.250673        -15087.03129        -3107.828961                
Si              13                                                      
     2.495690923         1.075361514        -6.554372918                
     1.579590405         1.656290862         4.474604731                
     9720.866474         8348.056722         5623.697632                
Si              14                                                      
    -7.680078062         8.925886111       -0.3104834596                
    -2.400584112        0.9465370358       -0.2936735256                
     7850.819212         4386.904320         11082.44249                
Si              15                                                      
    -7.630391919         1.207374770       -0.4940642650                
     2.268438798       -0.7693167549        -6.996232183                
    -12965.65931        -7662.867036        -4710.182524                
Si              16                                                      
     2.498583856         8.881470977        -6.283163051                
    -3.401061420       -0.8950564045         4.190348935                
    -21125.74805        -9737.458101         19057.50883                
Si              17                                                      
     8.815629905       -0.6444584890        -2.644096861                
     1.588886976        0.5597205642        -1.818120915                
     13580.98325         8039.574403        -20754.94234                
Si              18                                                      
    -1.382404066        -9.636953481        -4.206830782                
    -2.237041586         1.975908301         1.858316119                
     30139.78825         6544.614842         390.9098736                
Si              19                                                      
    -1.374978995       -0.6531255724        -4.343404389                
    -1.295731977         1.325788109        0.4291763165                
     10788.81048         5193.880208         15657.44467                
Si              20                                                      
     8.735123222        -9.502892294        -2.438716790                
     4.948522003        -2.516922370         1.451504216                
    -1113.721687        -436.4626124         7459.114947                
Si              21                                                      
     6.483755073        -1.172476531        -4.653991560                
    0.8615900039        -3.359271436       -0.6019022515                
    -474.2898945        -6304.179181        -5840.010530                
Si              22                                                      
    -3.744545839        -8.936215472        -2.309669903                
    -1.319123118         1.863475864        -3.539488282                
    -3860.336742        -10048.00554         1351.090579                
Si              23                                                      
    -3.690643275        -1.315910340        -2.337662879                
    0.1735309082         5.371740039        -6.116374790                
    -14144.65627        -208.2195106         13052.01337                
Si              24                                                      
     6.339863750        -8.841525796        -4.309125179                
    0.9371951152        -2.173597545         1.498388801                
     9140.645494        -4871.724118         15128.40544                
Si              25                                                      
     1.611205344         3.339716180        -4.615748825                
   -0.4165337394E-01    -2.191010143         1.442199257                
    -5481.450756        -10288.28757         9720.270702                
Si              26                                                      
    -8.506907358         6.627047509        -2.178652636                
    -3.480309152         1.062923528        -6.750119126                
    -8235.733488        -12927.96677         7471.729717                
Si              27                                                      
    -8.522565718         3.549933381        -2.414993414                
    -1.321900823         3.270285222        -2.858098895                
     796.9272375        -17826.62382         387.8250192                
Si              28                                                      
     1.701641879         6.420419990        -4.455962402                
     1.749603138        -1.271740090       -0.5612782735                
     5352.319169         15526.05899         11439.19222                
Si              29                                                      
     3.998148083         2.469742680        -2.774599018                
    -4.898529866        -1.384213069       -0.6657000391                
    -4586.876871         6270.252232        -1103.229906                
Si              30                                                      
    -6.261144309         7.604101925        -4.177418927                
    -3.155901775        -3.938635702         1.083147281                
     23177.70081        -8384.380830        -1120.692597                
Si              31                                                      
    -6.219597062         2.588018833        -4.279249372                
    -2.890412449         1.558526911         2.426061440                
    -10066.70488         1319.335549         6127.550932                
Si              32                                                      
     4.033644943         7.450397486        -2.602089426                
    0.8686130936        -1.307564688         5.205946411                
     457.6897198         5432.684284         10789.38847                
Si              33                                                      
     5.714200908        -3.509531312        -6.622595080                
   -0.5347381720        -2.556326538         5.296140005                
     38244.96838        -9765.854743         17437.24720                
Si              34                                                      
    -4.435714426        -6.706396085       -0.3181929006                
    -1.898676980         2.498509918       -0.4650268380                
     7464.294898        -2241.839506         12785.80801                
Si              35                                                      
    -4.424557013        -3.637372449       -0.3813169671                
    0.4214386321        -1.841559783       -0.4824148284                
     246.7095863         275.5843330        -22347.45048                
Si              36                                                      
     5.713783929        -6.619305055        -6.301363361                
    0.7946111509        -1.287785938        -2.071959571                
     9694.620772         6821.521787        -5544.609088                
Si              37                                                      
     2.590524274        -3.592704883        -6.690517002                
    -2.198447227        -1.885718936         2.852273643                
    -12415.96342        -7661.972928        -17516.77556                
Si              38                                                      
    -7.610330028        -6.691657482       -0.3173024358                
    -5.080331893         2.447534209        -2.913014496                
    -5507.598313         21845.05853         5701.814036                
Si              39                                                      
    -7.552135885        -3.553774230       -0.3169611305                
    0.1722393586         2.426970702        -3.230681459                
    -19549.39659        -12317.72940        -6083.539433                
Si              40                                                      
     2.519545264        -6.638551219        -6.517672053                
    -4.534890339       -0.2458394016        -2.211439304                
    -1393.065106        -14590.91762        -13422.07450                
Si              41                                                      
     8.842111716         2.530994997        -2.708095251                
     3.896121105       -0.8732020933         1.305848123                
     6902.332599         15562.69030        -8537.856559                
Si              42                                                      
    -1.244334294         7.382486184        -4.139453032                
     3.456123841        0.2597511318        -2.390174478                
    -3587.638268        -19261.28198         10514.34458                
Si              43                                                      
    -1.434886169         2.532515548        -4.335279343                
     2.607264612        -1.225065293        -2.030198799                
     8334.400847        -190.6706817         9118.304426                
Si              44                                                      
     8.789233949         7.496314213        -2.497687412                
    -1.801804229       -0.5710630042        -3.334657324                
     17103.64354         1830.325101         15825.72188                
Si              45                                                      
     6.409912299         3.491864910        -4.527636056                
   -0.6662145125         1.850596231         3.803183765                
     25492.27112         472.6847274        -3436.770169                
Si              46                                                      
    -3.702399351         6.571709282        -2.364634393                
    0.8728523640        -7.277746596        -6.032490162                
    -11415.75967         10749.94551        -11130.75523                
Si              47                                                      
    -3.802762340         3.484217087        -2.443506887                
    0.9643607417        -3.030223628         3.121625261                
     12642.80014         14090.90937         16013.44322                
Si              48                                                      
     6.491533058         6.612951666        -4.430708247                
    -2.327151365         4.249494176        -2.244132778                
     9431.095896         2274.935759        -7395.955938                
Si              49                                                      
     8.551499832         1.150081075         2.115088961                
   -0.8568418592        -2.763433058        -2.165161734                
     5934.421575         17524.63690        -17769.69675                
Si              50                                                      
    -1.561243557         8.739115922         4.622789822                
    -2.142515619        -2.132161405         1.623077401                
    -16321.46381         22681.45372        -25067.09222                
Si              51                                                      
    -1.510671180         1.244641685         4.448385589                
    -2.777805210         1.061592748         1.163624506                
    -36695.31516        -10242.15125        -15941.60246                
Si              52                                                      
     8.443407781         8.827187692         2.325990373                
     5.101741521         2.765978754         8.827763237                
     25878.24486        -22136.60962         1398.593855                
Si              53                                                      
     6.352714447        0.4979837827         4.171993999                
    -1.063158641         1.955779975        0.6996366013                
    -6206.867619        -8030.949334         1820.392934                
Si              54                                                      
    -3.878852719         9.451748365         2.629407463                
    -1.110716710        -1.022878885         1.269056100                
     3657.500627         15966.69507         6991.556110                
Si              55                                                      
    -3.875269039        0.5030824079         2.468633440                
    -1.418696252        -1.687650247         2.103195460                
    -3431.434537        -7030.506815         32349.08340                
Si              56                                                      
     6.164880851         9.473854046         4.285449156                
   -0.6250127781         3.804476665        -5.777453107                
     23193.54314        -8219.708193         9433.565882                
Si              57                                                      
     4.503582276        -1.278117270        0.2040939498                
    0.9745948156        0.3244713811         5.828945832                
     3952.727218         3912.420554         928.6294131                
Si              58                                                      
    -5.627771907        -8.835525326         6.367929395                
    -6.347477102         4.215488091       -0.8005613199                
     13087.75082        -5015.185622        -6935.985746                
Si              59                                                      
    -5.618312943        -1.070605430         6.322777595                
    -1.503789604        -4.420735039        0.2930305196                
     13045.00237        -16887.03586        -8309.437139                
Si              60                                                      
     4.551882062        -8.952466926        0.4451679592                
    0.7203548347         3.955260486        -1.795083260                
     15933.39618        -14073.07983         2218.950198                
Si              61                                                      
     7.688579826        -1.290648531        0.2282104353                
     3.336391575        -1.424456690       -0.1926392769                
    -153.5725004        -859.0003562        -12164.73188                
Si              62                                                      
    -2.443435813        -8.950245083         6.460368515                
     4.958482084        -3.350852066        -2.022125904                
     23217.56522         8370.674936        -16458.96015                
Si              63                                                      
    -2.420696974        -1.203518275         6.326365679                
    -3.152120290       -0.8137793918        0.7911631795                
     3543.435777         12294.87319        -18041.28538                
Si              64                                                      
     7.727367032        -8.920895520        0.4822374532                
     3.813445284        -2.622717856        -1.643855126                
    -14332.73282         4730.804291         5614.386118                
Si              65                                                      
     1.435150909        0.5330311937         4.116555789                
    0.6634522736        -3.876261864         4.200464544                
     8994.157500         677.9915267        -4518.555806                
Si              66                                                      
    -8.779620921         9.391250089         2.608978241                
    -7.033934553         5.963959244         2.345981008                
    -24729.28993         7218.105239        -6521.755261                
Si              67                                                      
    -8.719283545        0.6145131956         2.472816137                
     1.817155832        -6.989649809         4.075220775                
     3629.269690         18755.23411        -19020.35260                
Si              68                                                      
     1.476855181         9.269018091         4.327718040                
     1.508429266         4.497955641       -0.1473708617E-01            
    -6835.352625         23999.23914         463.0381902                
Si              69                                                      
     3.965167617         1.158979817         2.246091669                
     3.310145152        -4.034366355        -4.467050403                
    -21878.49187        -2043.472752         9648.583458                
Si              70                                                      
    -6.380831367         8.867421684         4.476278118                
     4.856018429         1.224418346         1.734237647                
    -1696.937398         22132.61898         9776.654372                
Si              71                                                      
    -6.308528371         1.245892240         4.348913125                
     1.364637122        -4.469704478       -0.4777190530E-01            
    -3343.683935         23199.55751        -16295.00049                
Si              72                                                      
     3.773228623         8.810844972         2.347054728                
    -3.802062305         2.767414555        -1.250543040                
     12466.96499        -10040.89730        -6868.444587                
Si              73                                                      
     8.714301990        -3.524768266         2.150218031                
    -2.593724962        -2.374473021       -0.3656386000                
    -750.1592559         3817.692386         5308.883024                
Si              74                                                      
    -1.508574506        -6.596074453         4.587459430                
     5.006716504        -1.149376157        -2.468384094                
     20347.27851        -33568.25903         5419.093988                
Si              75                                                      
    -1.520467653        -3.476752073         4.391349559                
     1.023378050        -2.175576916        -2.347644297                
    -12498.92418        -10065.41388        -6692.877057                
Si              76                                                      
     8.716770168        -6.660492191         2.412607695                
     2.132766592        -4.284061438        -2.970038910                
     14429.54016        -681.3722301        -16659.07168                
Si              77                                                      
     6.318718780        -2.702794337         3.985658011                
    0.4392215297E-02     1.766670374         1.175561295                
     5775.852934         6112.703377         13389.77339                
Si              78                                                      
    -3.758344455        -7.491014858         2.627603771                
     2.377123876        -2.365254597        -3.590455488                
    -6430.708757        -20271.18639         15576.61188                
Si              79                                                      
    -3.968751146        -2.713082881         2.577063539                
    -4.524215122        0.3721712348       -0.8597766765                
    -25236.29242         20484.08844        -4344.392680                
Si              80                                                      
     6.286124843        -7.504540094         4.312606730                
     2.320630964         5.263305570       -0.4882086583                
     24913.56825        -15053.84460         8195.073002                
Si              81                                                      
     4.496371548         3.411155831        0.1949867468                
    0.2763748063        0.9770499518        -2.615759622                
     17119.80423         7518.477485         13425.16905                
Si              82                                                      
    -5.690120229         6.575948832         6.442004403                
    -3.444803332         1.488519830        0.8808822010                
     4467.744313         19859.85566         9985.433899                
Si              83                                                      
    -5.664623015         3.523815275         6.342691654                
     5.558343013        -3.146626591        -1.035105041                
    -6908.522432        -6534.260809        -14698.29113                
Si              84                                                      
     4.543586150         6.510433795        0.3847943907                
   -0.4655833991         2.975265871         3.150146607                
    -4700.413622        -12036.75509        -12980.15643                
Si              85                                                      
     7.738073781         3.458026308        0.1184614757                
    -2.684854502        0.5294563026E-01     3.008949856                
     7766.321602        -10655.11018         10414.92456                
Si              86                                                      
    -2.516225716         6.536741915         6.572965288                
    0.9870862612        -5.908095311         4.358253964                
     9902.112562         490.9321848         18545.13417                
Si              87                                                      
    -2.505914379         3.479735249         6.376571992                
     2.791772548        -1.720796400         5.510195681                
     5599.732045        -30181.63871         4656.685779                
Si              88                                                      
     7.676194602         6.567426933        0.3216093967                
    -2.418777786         3.024580415         2.297810540                
     33121.14748        -21153.89068         296.7763715                
Si              89                                                      
     1.467179284        -2.655437545         4.020769686                
    -2.944552506        -2.928397712        -2.896185077                
    -11539.00378         2113.463099         19466.19660                
Si              90                                                      
    -8.595633811        -7.642308895         2.556538306                
    -1.215301651        -2.337050093        -2.432308387                
     4373.737947         18158.22367         177.1131656                
Si              91                                                      
    -8.657874612        -2.551566909         2.521808181                
    -5.585325702        0.8966263321        -4.754060911                
    -1252.127136         3371.333927        -13437.45692                
Si              92                                                      
     1.462614753        -7.725035718         4.198567834                
    -5.072806053         4.165336745        -1.925408032                
    -21810.96179         17369.18800         13459.74674                
Si              93                                                      
     3.825115495        -3.594944769         2.198019679                
    0.1487627838       -0.6999548248       -0.3544328833                
     8084.954950         713.5597057         12035.93101                
Si              94                                                      
    -6.212563565        -6.516199587         4.392931328                
     6.806325323       -0.5387951187E-01    -2.802346093                
    -11413.16790        -24054.18001        -3223.528602                
Si              95                                                      
    -6.428990537        -3.469608283         4.431530604                
    -2.887263685        -1.342802553         2.686356125                
    -4027.327019         21378.87079         16691.58880                
Si              96                                                      
     3.879387097        -6.731268365         2.430766850                
    0.8892949722         3.617283268        -5.108531267                
    -14360.48054         2928.903687         24453.57144                
O               97                                                      
     2.792507689        -1.307405738        -3.597383728                
    0.2296908828        -8.111970717        -2.387583624                
    -31110.86830        -2526.106146        -9035.643651                
O               98                                                      
    -7.462787292        -8.898412851        -3.416015291                
     1.945523557        0.6576452017        -1.432006154                
    -15333.04961         1126.041972         1139.810154                
O               99                                                      
    -7.464382678        -1.102186814        -3.497462350                
    -4.305547096         2.443667348         5.374452114                
     4925.741044        -2158.461667         1657.947831                
O              100                                                      
     2.541269836        -8.911246010        -3.230219586                
    -4.924283707        -2.718152762         3.734457793                
     14566.90715        -13247.99952        -7733.374595                
O              101                                                      
     4.068254449        -1.068021831        -1.275879120                
    -2.158156891       -0.9213643451         2.838772495                
    -2845.023413        -4740.014372        -12092.56508                
O              102                                                      
    -6.124431162        -8.965674445        -5.734675156                
    0.1807354584        -1.160242766         2.171592553                
     3159.958389        -501.5795082         698.0570652                
O              103                                                      
    -6.008459016       -0.9725357410        -5.744187160                
    -4.219812299         1.981806343         1.235355403                
     4813.402516         1648.238557         33.97852755                
O              104                                                      
     4.161833565        -9.091866159        -1.014094661                
    0.4214257445         2.641750364        0.4971661108                
    -23512.23380        -3308.044748        -27794.11566                
O              105                                                      
     4.092050346         1.187726774        -6.584056178                
     8.908901540        -1.515111448        -7.123033331                
    -5386.347466        -7558.190832         4329.136660                
O              106                                                      
    -6.064714312         8.921872485       -0.2209434527                
    -1.901202226        -4.339775365         3.210322481                
    -23770.01385        -3908.501847        -12713.04384                
O              107                                                      
    -6.063220422         1.179465632       -0.4997012644                
    -2.136376511        -2.800196220        0.5785177760                
     13912.80760         4605.350713        -8616.033910                
O              108                                                      
     4.045225283         8.878230953        -6.285551758                
    -4.697956774         4.847348871        -2.507557474                
     20856.03542         7320.240242         1752.992537                
O              109                                                      
     8.267756611        -1.079941627        -1.266093938                
    -2.166534054        -2.126964138         1.073413489                
    -6167.781808         1037.798579         26999.22680                
O              110                                                      
    -1.787000534        -9.306622425        -5.698954274                
    -3.235874959        -1.627256481        0.2107643306                
    -20693.25229         924.7621996        -5385.594298                
O              111                                                      
    -1.907945407       -0.9780204463        -5.779425059                
   -0.7911356858E-01   -0.1235008072        -4.609550970                
    -2321.038054        -7127.008746        -3655.354012                
O              112                                                      
     8.262557459        -9.088615698       -0.9541815013                
    -2.483624568         2.292292580         3.889102901                
     10083.81650        -4883.892586        -21098.19345                
O              113                                                      
     7.752275744        -1.024189085        -3.738454505                
     6.101282707         2.682697793        0.9837057534                
    -6756.296126        -6655.019660        -3473.209265                
O              114                                                      
    -2.436768819        -9.174628061        -3.153928112                
   -0.2822570934         1.732084011         6.584334135                
    -4716.718615         4124.516360        -3023.927937                
O              115                                                      
    -2.397123129        -1.215491273        -3.220899219                
   -0.4794595472        -8.347850202         2.241669952                
     7845.786733         12090.83822        -11610.67900                
O              116                                                      
     7.673952127        -8.987902990        -3.454182862                
     4.015019710        -7.389475051        -3.188481575                
    -10267.46523        -8606.649124        -9144.354422                
O              117                                                      
     5.169264426        -1.090057632        -3.674605554                
     8.652965335        -3.616503803        0.9313710912                
     51425.09824        -11113.86255        -26923.47602                
O              118                                                      
    -4.948364083        -8.998801997        -3.331498495                
    -1.186894992       -0.7913491487        -3.323892185                
    -3445.338971        -307.5069600        -14622.28633                
O              119                                                      
    -4.957661043        -1.110313394        -3.309237081                
   -0.3891754632         1.956951428        -6.025926173                
     14045.02000         6944.591269        -4453.526748                
O              120                                                      
     5.123659332        -8.972925371        -3.316043522                
    -2.673178841         3.976414726        0.2604006619                
    -4466.240664        -6721.725607        -7739.967464                
O              121                                                      
     2.722946342         2.956598103        -3.546466553                
     1.745117316        0.9986123248        -1.627850258                
    -5426.903632         4381.373903        -2096.837688                
O              122                                                      
    -7.442844280         7.069656382        -3.270800772                
     4.313827697        -7.330984997         5.029656464                
    -2558.512816         5629.736149        -2686.400804                
O              123                                                      
    -7.508178925         3.136707614        -3.561427649                
     3.020669850        0.2918951133        -2.464727266                
     2514.672699         1117.417294        -1656.508486                
O              124                                                      
     2.767615893         6.892669963        -3.335361628                
    -6.220550293       -0.5874086782         2.141391448                
    -5461.464963        -9720.778288        -10944.00155                
O              125                                                      
     4.054980888         3.018823607        -1.288332348                
    0.2821144844        -2.412233608        -4.837885030                
     8398.570376        -4274.188725         12212.12236                
O              126                                                      
    -6.164854668         7.072486804        -5.695688259                
    -6.691250777        0.1364550231        0.4649760101                
    -784.6077535         737.8579373         6733.113297                
O              127                                                      
    -6.085567294         3.054125165        -5.782435220                
    -1.441830250        -2.387644633       -0.4242114772E-01            
     6957.392091         1136.341304        -811.2458079                
O              128                                                      
     4.131209952         6.996092796        -1.091605835                
     5.911179937       -0.8277492018E-02     3.412340574                
     2475.118439        -4944.267053         7418.614755                
O              129                                                      
     4.165474525        -3.484555554        -6.573408595                
    -9.590418012         2.593346085         1.414455722                
    -12343.50892         4054.653645        -8449.657690                
O              130                                                      
    -6.023688794        -6.862192578       -0.3371374497                
     3.709319028        -2.244312343         4.705060333                
     2609.490826         3629.423278        -2444.919731                
O              131                                                      
    -6.010614855        -3.566981781       -0.4525354240                
     2.044752297       -0.1842156739         3.288421406                
     13688.12074         1830.146759         2577.483596                
O              132                                                      
     4.133328727        -6.759794574        -6.407256506                
    0.7244600194        -6.694237469        -1.733464135                
    -10800.33873         1257.832752         3438.970169                
O              133                                                      
     8.255973068         2.973626069        -1.292033608                
    0.1160311324        -3.467756285       -0.3280373079                
     222.8137086         1024.758211        -7755.472722                
O              134                                                      
    -1.916336175         6.955560991        -5.551997367                
    -2.761714867         2.879474887         3.887991330                
    -3389.037117        -858.1894801        -1543.053945                
O              135                                                      
    -1.976320181         2.979368260        -5.732780729                
    -2.159881784         9.000447467        -8.358413271                
    -8063.102897         6513.856804        -24988.35483                
O              136                                                      
     8.275145212         7.007151480        -1.071792085                
   -0.6388596674        -5.341179784        -1.089398973                
    -7554.125882         4304.146537        -4956.565644                
O              137                                                      
     7.808709985         3.117039711        -3.777738397                
    -3.918818661        -2.303565141         4.044543087                
    -12385.65140        -3204.347357        -2366.873386                
O              138                                                      
    -2.232844347         6.824486061        -2.973113704                
     4.341729070       -0.9156539519        -3.376234532                
    -13213.35019         11615.67131        -16970.88326                
O              139                                                      
    -2.498096911         3.121256656        -3.304055916                
     2.768617268        -1.114845541        0.8631481509E-01            
    -3533.295870        -2363.623817         2995.977489                
O              140                                                      
     7.811582283         7.074444564        -3.618323249                
     5.038500862         1.006388223        -5.291095844                
    -16450.32480        -17460.20257        -11269.67032                
O              141                                                      
     5.271913053         3.003540067        -3.589105357                
    -5.735650666         1.509238733        0.4591751032E-01            
    -12935.18553        -467.8733623         15305.27031                
O              142                                                      
    -4.894191578         7.091526740        -3.437919892                
     2.147225997        0.4883159036         1.834140635                
     6734.253667        -2601.028721         6010.732944                
O              143                                                      
    -5.039519589         3.127539504        -3.319520806                
    0.6288319381         2.330466393        -4.340448422                
    -5730.572574        -8287.914184        -19453.24700                
O              144                                                      
     5.286402115         6.973157629        -3.476840804                
     2.517673164         2.575321952        0.6737291037                
    -5673.886129         183.7747717         6992.438917                
O              145                                                      
     3.946669453        0.9106052804        -2.820220980                
    -4.241431525         2.745509384        -2.438497896                
     3700.759076        -17781.23787         951.6553387                
O              146                                                      
    -6.275268571         9.200612103        -4.184980440                
     2.769425111         5.396653565         5.742550617                
    -1034.732970        -10500.94703        -5458.676882                
O              147                                                      
    -6.187231570        0.9973212498        -4.236012480                
    -1.382210705        -4.943171101         5.266813812                
     9577.411328         3694.467916         416.3197401                
O              148                                                      
     3.996001839         9.045079511        -2.546531319                
   -0.1060041730         2.214168130       -0.8143194772                
    -8241.484972         11776.58619        -9600.358198                
O              149                                                      
     8.907239736        0.9551899929        -2.774779436                
     3.293547483        -2.889639141         1.704311251                
    -3646.535459        -1545.660571         6462.701075                
O              150                                                      
    -1.226476809         8.957150338        -4.027948387                
    -4.037565905         1.657934367         1.516238478                
    -4685.951108         794.3858955        -7325.695595                
O              151                                                      
    -1.372581319        0.9470949734        -4.224852833                
    -7.348555210        -7.611358776        -3.282639978                
    -9696.728917        -9493.089756         1148.357815                
O              152                                                      
     8.762543739         9.077803659        -2.470617160                
    -2.285906586       -0.9000347806         8.557593873                
     255.6230398         6513.583468        -3598.807418                
O              153                                                      
     1.970774264        -2.668485491        -5.646568851                
    0.8845711565       -0.6684075383         2.740278096                
    -12045.72785         22247.20055         22063.72430                
O              154                                                      
    -8.312528451        -7.586637602        -1.382307932                
   -0.4383539735        0.9695569356        -5.059281960                
     1976.685243        -3398.361137        -5293.149562                
O              155                                                      
    -8.121059598        -2.619423149        -1.463430422                
     4.180909860        -3.259305208         4.314191877                
    -4290.543499         1278.589937         4005.476611                
O              156                                                      
     1.937223368        -7.497871640        -5.353843623                
     2.897168455        0.6041805745        0.7676500570E-01            
     3420.199288        -4637.936170        -2240.824655                
O              157                                                      
     2.045120244       -0.1552523945        -5.686804356                
     3.300915886         2.858914290         7.768613031                
    -1075.061227        -10727.82172         12564.92871                
O              158                                                      
    -8.114999226        -10.07467707        -1.299515020                
     1.873634311        -5.796756673        -7.216529958                
    -9040.267028         3011.943643        -4805.582918                
O              159                                                      
    -8.160321295       -0.8023231801E-01    -1.334453552                
    0.1705220040        -1.548770746        -3.910837168                
     984.0821420        -2078.038982        -2336.943723                
O              160                                                      
     1.921532740         10.08683923        -5.353681629                
    -2.292301378         9.017978366         4.199489488                
     13244.72680         1247.534800        -11313.73418                
O              161                                                      
     2.026880526         2.378966536        -5.783766709                
   -0.9638346436         5.629915155        0.2931033636                
    -5117.465744        -1498.884211        -5779.365687                
O              162                                                      
    -8.198523614         7.561785901       -0.9353106773                
    -1.938357231         1.580555419         7.680051283                
     8586.078910         7193.884841        -10319.71335                
O              163                                                      
    -8.134096816         2.507408689        -1.282004954                
    -2.176186235        0.6736477822        -1.808768552                
     3288.538442        -7533.389717         5245.236323                
O              164                                                      
     2.055850255         7.495541672        -5.554241118                
     3.670916643         3.889505299        -3.391643309                
     2054.802793         10671.03893        -12227.23239                
O              165                                                      
     6.343321647        -2.441916168        -5.611265533                
     3.829153588       -0.6574073266         1.938209189                
    -9908.687638         1418.038530         6306.065367                
O              166                                                      
    -3.892788916        -7.695739742        -1.387790441                
     4.499523719        0.6006761484       -0.6317649960                
     3869.433727         6456.825886        -2994.799146                
O              167                                                      
    -3.880392078        -2.626624126        -1.501299942                
    -8.345016963        -1.558066847        -1.455095647                
     2901.841924        -9290.705525         9547.801329                
O              168                                                      
     6.277424903        -7.573352389        -5.146258809                
     1.671504653        0.1975263356        -2.011419147                
    -10459.58001         26563.70800        -23564.53209                
O              169                                                      
     6.281128075        0.7008127208E-01    -5.608549477                
   -0.8066175044        0.5184971816         7.043249581                
    -9734.722104         446.8857182         6119.024251                
O              170                                                      
    -4.002477758         10.02526345        -1.320132697                
    -2.294326173         1.427087729        -15.02342998                
    -2191.844561        -14222.94661         6194.213827                
O              171                                                      
    -3.916999571       -0.9452600540E-01    -1.285708450                
     2.188586461        0.2345768575        -3.619379541                
     4509.575269        -3599.678024        -20968.12334                
O              172                                                      
     6.021971246        -9.965811332        -5.398412196                
    -2.293026586         3.560040897        -4.122077423                
     8032.052336        -9193.290873         873.5013394                
O              173                                                      
     6.084371628         2.563230618        -5.751558095                
    0.6141749786         2.457399531        -3.043285205                
     7267.070184         3903.866563        -1637.733068                
O              174                                                      
    -4.109018616         7.466399908        -1.161312876                
     4.615696046        -5.341358174        -1.934917711                
     2566.078191         24192.36505         9178.837219                
O              175                                                      
    -3.936993341         2.470095321        -1.234851335                
     5.403720560       -0.6745292066         5.985238027                
    -1951.888264        -3457.913645        -3663.555498                
O              176                                                      
     6.253791579         7.636993243        -5.603764178                
    0.4175508123        -2.331243868         4.490043547                
    -2971.773032         6870.345386         4440.280565                
O              177                                                      
    -10.02167425        -1.181466298        -2.735325171                
    -3.238573809        -5.275095565         2.738630969                
     9197.285891        -4890.382301         8911.224782                
O              178                                                      
    0.7079095807E-01    -8.938329652        -4.150906977                
   -0.9676275405         11.37893293        -8.249251433                
    -14321.61047        -6856.552421         2647.486143                
O              179                                                      
    0.1573448322        -1.133612064        -4.311409612                
    -1.286294970        0.2799340695       -0.4695311325                
    -4896.081949        -5819.261272         780.3529588                
O              180                                                      
    -10.09706178        -9.059815786        -2.682181597                
    -5.244648835        -10.22630242        0.2444515335                
     14037.38950         2544.394603         10702.36294                
O              181                                                      
    -10.01305692         3.207682307        -2.782933068                
    -3.193895072         2.683891054         2.515475475                
    -13228.07672        -8824.287929         2589.983400                
O              182                                                      
    0.2078071914         6.743585936        -4.097368930                
   -0.1436936232        -1.166514673        0.1836762675E-01            
    -11067.21027         9969.922339        -2529.639355                
O              183                                                      
    0.9109729858E-01     2.969691168        -4.273657316                
     5.602422668         5.403404145        -1.874813928                
     2818.955409         6208.442030        -1679.261179                
O              184                                                      
    -10.02479566         6.966137624        -2.526906566                
   -0.3765244250         1.101175289        -3.183077565                
     3926.393104         2773.162716        -6402.496668                
O              185                                                      
     1.708739717         4.892337871        -4.744474677                
   -0.9658794390         2.855639024         1.988737322                
     5307.647198         436.5295517        -3916.356309                
O              186                                                      
    -8.359293149         5.039862108        -2.058323567                
     1.706511065        -1.814935840        -3.867123801                
    -4937.919974         23495.74223        -3146.334070                
O              187                                                      
     6.419198962         5.055070127        -4.736015689                
    -3.393019930       -0.2007212133        -1.325270043                
     3497.912451         6907.289434         7576.009101                
O              188                                                      
    -3.837782816         5.057611506        -2.117783532                
    -1.033136386         4.282105994        -2.407919572                
     4032.477485        -24975.78597        -11748.56128                
O              189                                                      
     5.976569700        -5.057026941        -6.246125160                
     4.934107315        -2.991208571         6.241883892                
    -3505.336052         4142.951257        -1218.011608                
O              190                                                      
    -4.104419572        -5.192729923       -0.4668811807                
     3.256085116       -0.9579554476       -0.3147949758                
    -5701.427864         14122.53643        -10474.01335                
O              191                                                      
     2.219110144        -5.124613619        -6.473490389                
     1.551741887         5.541088446        -5.014846529                
     11551.63017         13717.18751        -5555.887405                
O              192                                                      
    -7.868612355        -5.117717229       -0.4651397334                
     4.399328249        0.4963988054         2.634034161                
     5861.970121        -501.2843639         2975.342979                
O              193                                                      
     7.595561778        0.9967506549         3.334053585                
    -1.131806221        0.4821246298         1.874798288                
    -8173.017832        -487.8646418         6342.091233                
O              194                                                      
    -2.617453367         8.891797653         3.373607752                
    -10.21799932        -2.903537134        -6.310190820                
     14424.89196        -15187.93566         18736.78276                
O              195                                                      
    -2.575365598        0.9815542572         3.266251827                
    0.1494637702       -0.6836293418         1.181763080                
     3696.662805         1029.001718        -4389.756982                
O              196                                                      
     7.457781071         8.895468129         3.502831123                
   -0.3693094994         5.720086764        0.4879442092E-01            
    -21664.85351         14414.32637         12699.70325                
O              197                                                      
     6.166093562        0.9565060047         5.649567014                
     1.768170707       -0.4651503896         5.833889072                
     6167.590800         3834.846367        -4422.375026                
O              198                                                      
    -4.044100785         8.999902229         1.139631443                
    -3.110135534         2.129506048         1.938545291                
    -864.3532642        -3581.050562        -15462.92225                
O              199                                                      
    -4.084796458        0.8943567731         1.016691988                
     1.033585785         8.129297610         2.618921643                
     6400.246777         16515.74313        -26263.45866                
O              200                                                      
     6.051507821         8.972887065         5.774048827                
   -0.3541977100        0.6165834532        -1.916720773                
    -2959.362042         12466.03000         1258.948186                
O              201                                                      
     6.109336398        -1.348610466        0.9762167910E-01            
     2.961105631        0.3960465579        -4.165256058                
    -5247.030221         1920.854247         10349.81833                
O              202                                                      
    -4.001816943        -8.872942321         6.499516234                
     3.143566399         3.374825955         6.570586048                
    -14061.63297        -4348.278892         5626.550264                
O              203                                                      
    -3.993326010        -1.129020720         6.311295370                
   -0.4442882493       -0.5914174046E-01    -4.708967648                
    -9579.744456        -2041.933583         7290.773800                
O              204                                                      
     6.114784198        -8.940009695        0.4793033759                
    -3.910741683        0.9612602230        -1.875890600                
     22496.06403         698.5604769         1774.718806                
O              205                                                      
     1.898483038        0.8648904134         5.620760200                
    -3.810399233        -2.490410007         3.932091884                
    -4769.588126         461.5118965        -22877.75138                
O              206                                                      
    -8.230140705         9.141645014         1.148167140                
     4.309205382       -0.8573273994        0.3603025004                
    -1124.479632        -7022.468095        -2454.061602                
O              207                                                      
    -8.134950803         1.015097591        0.9778451143                
    0.4706702809        -10.06935166         4.945652321                
    -15057.95804        -5958.720215         19588.19268                
O              208                                                      
     1.968876976         9.038788539         5.830213108                
    -1.121361666        -3.986702776         1.996804381                
    -3094.842320        -3072.389365        -9349.121072                
O              209                                                      
     2.580885943         1.011913654         3.086916797                
    -1.992697189         9.730867216         6.925305382                
    -2441.452853        -10143.25601        -402.6382338                
O              210                                                      
    -7.772024137         8.921290585         3.678246579                
    -4.392002003         4.152423118         1.264675131                
     20381.12290        -10371.79501         11317.50239                
O              211                                                      
    -7.658833915         1.118256397         3.499551779                
    -1.575610734        -2.211979507        -5.520499787                
     7538.195559        -1948.551221         11572.73549                
O              212                                                      
     2.486486098         8.756663932         3.249062881                
    -12.05512109        -3.334331804       -0.8935113562E-01            
     339.2005924         4377.073894        -4744.201789                
O              213                                                      
     5.078199657        0.9692038405         3.354756551                
     4.158402355        -4.815471666       -0.1878280276                
     1902.619442        -506.1105556        -14536.81328                
O              214                                                      
    -5.162586773         9.161385783         3.523398965                
     6.191167857         1.285708166         2.892623280                
    -3981.685437        -20542.85918        -10089.01743                
O              215                                                      
    -5.083329958         1.092066434         3.350311896                
     5.001367602        -2.147518531        0.4153381236E-02            
    -3253.584927        -6741.377501         855.5949642                
O              216                                                      
     4.928368380         9.097496962         3.422897621                
    -1.492824605       -0.7978030429E-01   -0.5912144777                
    -9670.390411         155.6453766        -10694.56501                
O              217                                                      
     7.617546211        -3.104254319         3.227186782                
     8.731854411        -1.255717647        -3.899799066                
     4926.272768        -5854.532496        -4754.608416                
O              218                                                      
    -2.564248311        -7.015557836         3.503665818                
     2.551929722         4.550660929        -1.159538403                
     4628.169469         6940.078104        -5379.857379                
O              219                                                      
    -2.669424362        -3.171907638         3.267881216                
     4.148663535        -13.71837446         5.446311490                
     19212.85289        -10377.51627         19061.82996                
O              220                                                      
     7.620382131        -7.037585144         3.462424744                
   -0.3959433237         3.007287602        -2.104880069                
    -22620.40259        -1152.387961         16586.47927                
O              221                                                      
     6.235821898        -3.175436344         5.516496503                
     10.82035159        -5.518060019         4.676546801                
    -12737.63753        -1195.938517        -12155.87586                
O              222                                                      
    -3.869332072        -7.039809875         1.140135941                
    -2.127005639         2.154198792         7.482739394                
    -9245.674628        -5674.844718        -5823.227175                
O              223                                                      
    -4.132057351        -3.173542758         1.051633984                
     6.121187299         4.706574620       -0.2547562187                
     9084.868675         2075.815346         26150.51234                
O              224                                                      
     6.179651053        -7.028957318         5.810331250                
     1.375955162         4.024082071        -3.141811765                
     1985.058338         1809.966722         2080.056794                
O              225                                                      
     6.163560586         3.263896623        0.2235386856                
   -0.5248559551E-01     4.885127499        -2.534173259                
    -26158.46255         6191.803656        -8436.305631                
O              226                                                      
    -4.079462540         6.652984363         6.454289147                
   -0.2870774595        -3.726509347         1.634550437                
    -4945.712224         5304.911837         5040.137965                
O              227                                                      
    -4.081045955         3.349619289         6.287287928                
     1.406415708        0.5179993977        -1.706517801                
    -2364.394947         386.2575826         7109.020993                
O              228                                                      
     6.136267669         6.544629497        0.2925178785                
     2.455812343         5.435589500       -0.3090482284                
    -17105.46576         6314.605371         6928.813942                
O              229                                                      
     2.094214183        -3.154754680         5.427359776                
     1.771326733         2.674953210        -5.182277297                
    -929.5866032        -602.0811938         1203.919328                
O              230                                                      
    -8.108915843        -7.126158026         1.094925259                
    -1.186808815       -0.4854935011         6.229704719                
    -2892.306334        -16173.46127         17442.16962                
O              231                                                      
    -8.079486178        -3.018354062         1.081038288                
    0.3419977715         3.589383667       -0.2439876882                
    -791.0248517         5127.405869         5373.614139                
O              232                                                      
     1.947049840        -7.256693950         5.697750092                
     3.976056348       -0.5690117467         2.319045197                
     10213.40704        -121.4992577        -7502.412590                
O              233                                                      
     2.494626198        -3.175912349         2.979418001                
   -0.9696791212        -8.599500267         4.114414122                
     8910.401995        -4035.172741        -11506.71554                
O              234                                                      
    -7.483022856        -7.031373185         3.562664390                
    0.2429909389       -0.7548832188         5.443384710                
    -9666.519400        -5411.038062        -3356.365742                
O              235                                                      
    -7.717282940        -3.141187702         3.598156703                
     2.482591058         2.688173540        -1.576501122                
     643.5108932         2378.576098         6030.846107                
O              236                                                      
     2.464021096        -7.116211742         3.143184447                
    -3.962315941         10.28183055         2.403375694                
     17333.95104         2177.082454        -4154.891606                
O              237                                                      
     5.123014537        -3.284087256         3.122617485                
    -3.202051401         1.835579617         1.514427308                
    -11070.63650         10784.56162        -2745.398233                
O              238                                                      
    -4.980941705        -6.852095064         3.473686686                
     7.219984452       -0.3825521571        -7.025354615                
     6172.652889        -3559.279914        -9020.946503                
O              239                                                      
    -5.221037382        -3.155855701         3.539235976                
     4.106121496        0.3609490977         2.675194238                
     32603.04906         1160.412684        -32880.71233                
O              240                                                      
     5.005529446        -7.128595287         3.513644261                
    -2.088462896         2.235687868        -6.048452145                
    -5057.973028         10676.50773        -13310.22150                
O              241                                                      
     6.275143725        -1.105224445         4.069640848                
    -1.821473765        -1.278714580        0.9314554949E-01            
     948.2278448         1261.012353        -1141.977505                
O              242                                                      
    -3.796275150        -9.129262725         2.677710636                
    -10.14349200        0.8838335177        0.4295163173                
    -1252.176705         21148.87887        -11324.13117                
O              243                                                      
    -4.000187045        -1.104011882         2.517186791                
    -2.938400260        -3.633929693        -2.112367246                
     7717.353598        -3213.322066         3428.671509                
O              244                                                      
     6.306996078        -9.116464678         4.410392407                
    -3.275813907         6.880886572         1.116013448                
    -2433.030825         3024.445209        -10547.82030                
O              245                                                      
     1.389271208        -1.081971304         4.032017946                
    -4.142258045        -3.076953293        -1.535627953                
     5899.267026         18235.12548        -5361.639713                
O              246                                                      
    -8.697344680        -9.215727957         2.721487506                
    0.8400184847         1.041339349        0.8640035125                
     3887.674072         18061.41386        -2652.879802                
O              247                                                      
    -8.666725481       -0.9498797473         2.646581655                
     1.746308559        0.2941569343        -1.180785133                
    -5208.690600        -11548.08062        -7871.377343                
O              248                                                      
     1.488551741        -9.281903730         4.097646096                
    -4.118348646       -0.4785631693         4.399997654                
     7149.251243        -17811.28808         5390.785002                
O              249                                                      
     8.340887860         2.419937053         1.153208213                
    -4.595283889         5.580179765        -10.45427410                
    -7088.891366        -7363.061943         12466.42312                
O              250                                                      
    -1.827645852         7.501859798         5.565790550                
     2.156703656       -0.6844001053        -3.439547953                
    -1368.489073         7442.160240        -11685.69952                
O              251                                                      
    -1.861544949         2.511597017         5.278489030                
   -0.2006894437         2.545608578         4.009149820                
    -2554.584816         14472.70299         14124.90042                
O              252                                                      
     8.178069840         7.525635118         1.465874244                
    -3.138373022         4.877789343        0.7988796718                
    -3910.668570        -3113.876613        -3589.366903                
O              253                                                      
     8.142163294       -0.9767179332E-01     1.196661478                
     1.515063154         2.221802824        -1.299072081                
    -1147.402204        -4753.889693        -6416.451658                
O              254                                                      
    -1.997979500         10.03355432         5.449490384                
    0.7528819761       -0.7370760816E-01     2.876833613                
    -204.5226959        -972.3343265         17192.50218                
O              255                                                      
    -1.877104376        0.5434013974E-02     5.384107540                
     2.785281189        0.4210872799        -1.311961392                
     2263.325597        -8413.003436         15338.16890                
O              256                                                      
     8.112032633         9.984708139         1.365115638                
     1.763636814         5.140755322         6.608637172                
    -7606.297304         20416.28054        -9130.051003                
O              257                                                      
     8.203877939        -2.593946769        0.9509391496                
     1.748183826        0.4278106109         2.680346078                
     6516.764923        -5247.045447         2344.714490                
O              258                                                      
    -1.905286341        -7.563204408         5.801246005                
    -3.921750088        -3.974404645        -8.278170004                
    -5921.095520        -7695.902241         5041.269304                
O              259                                                      
    -1.914766217        -2.516751284         5.571111102                
     5.713901779         1.816692613        -1.759399495                
    -6266.066816         4229.232618         7120.564294                
O              260                                                      
     8.269585098        -7.626377048         1.205970343                
     5.019956659        0.3411386374E-02    -7.342445185                
    -3712.751596         902.2027160         6929.290200                
O              261                                                      
     4.033371545         2.487518408         1.407422467                
     2.805056742        0.6945760167         5.922570501                
     4631.327958        -7224.289929        -16121.52031                
O              262                                                      
    -6.203795565         7.584028779         5.366106134                
     2.281594972        -5.155118550         2.401880323                
    -865.3488355         1403.085462        -6007.091185                
O              263                                                      
    -6.241649569         2.612030429         5.178327747                
     1.274649579         8.228613920        -3.253478511                
     4490.832956        -6501.337598         10666.04972                
O              264                                                      
     4.053641602         7.468884293         1.512234191                
    -8.819322404         5.684907019         4.709979231                
    -3806.289635         13325.73329         2773.833065                
O              265                                                      
     4.161179341       -0.1745591501E-01     1.123466246                
    -1.099571343        0.6372428665         1.305412118                
    -313.4753197         5158.943080         13604.18556                
O              266                                                      
    -6.104504941        -10.05901056         5.486865459                
   -0.8781390316        -4.673508409        0.7946837119                
    -9935.257415        -8100.356034         1782.928318                
O              267                                                      
    -6.049232344        0.1298512753         5.423024933                
     2.818868773         1.010394253         5.517397156                
    -6999.456247         4223.971308         3931.844307                
O              268                                                      
     4.020418857         9.984829074         1.272793609                
     9.718297590        0.7167247134         1.993705838                
    -11221.70592        -13370.99259         16181.86093                
O              269                                                      
     3.974852874        -2.565702280        0.9957708591                
    -3.198440184        -1.877943691         1.610680890                
     5772.948495        -3674.290380         386.2526948                
O              270                                                      
    -6.000751266        -7.531408794         5.617905932                
    0.7946321781       -0.6577019038         3.572013208                
    -4823.399882         14970.58450        -7645.179839                
O              271                                                      
    -6.141085478        -2.347190617         5.539826785                
     4.065201025         2.068389308        -1.263294002                
    -8603.037525        -9227.849241         9167.867382                
O              272                                                      
     4.172362901        -7.714934810         1.271323727                
     1.764389399        0.5193348233         2.245516327                
    -13302.26079         18589.03655         2334.889611                
O              273                                                      
   -0.5273926782E-01     1.133088010         4.011340729                
    -2.089036956        -2.727684434        -1.559839434                
     33316.70423        -9985.183677        -1748.058313                
O              274                                                      
     9.978601113         9.039909081         2.635294802                
     1.630170719        -5.020409255         6.604581922                
     12283.12866        -8473.213257         5179.778468                
O              275                                                      
     10.06078754         1.084536888         2.488754216                
     3.325245168       -0.4402319049E-01     5.768958094                
     20127.54836        -13925.38172         2003.112922                
O              276                                                      
   -0.4589865332E-01     8.912918135         4.238296529                
     4.627856680         3.025466175        -4.357604548                
     1591.287604        -14802.24852         6061.090925                
O              277                                                      
   -0.7941168718E-01    -3.073485119         3.990946874                
    -2.286282806        -3.512081332         1.370500037                
     18664.13025        -5491.047206        -4250.296334                
O              278                                                      
    -10.09106914        -7.081811315         2.635958858                
    -1.324213923        -3.399092912        -4.308931825                
     3282.415399        -3769.995255         9995.909703                
O              279                                                      
    -10.13498163        -3.074575977         2.503444599                
    -4.249252403        -9.088536840         1.703360215                
    -3913.247272         4599.676623        -3309.219773                
O              280                                                      
   -0.3829051068E-01    -7.131367711         4.173084982                
    -3.254499970        -3.544093084       -0.9501778476E-02            
     5463.967953         2635.806615         1733.861740                
O              281                                                      
     8.731740990        -5.092453843         2.139388386                
   -0.7644614241        -6.461736570         2.328054758                
    -9726.472695        -5480.310348        -2116.699098                
O              282                                                      
    -1.497603291        -5.063199682         4.707673552                
     7.055267693        -4.873137232        -8.367796191                
    -4980.370940         28201.26830        -3530.408624                
O              283                                                      
     3.911755277        -5.173186848         2.182821490                
   -0.8242753558         4.062948565         1.920812386                
    -7522.400374        -2106.565536        -14781.71714                
O              284                                                      
    -6.390929987        -4.999187925         4.655304818                
    -2.138913703         1.849959013        -3.514205586                
     3110.635485        -4172.247181         11922.26221                
O              285                                                      
     4.242545361         4.947133100        0.4862140326                
     2.289525721         4.748789680        -1.868732456                
     2646.505173         2781.691747        -7114.525784                
O              286                                                      
    -5.914934717         5.079152000         6.229014008                
    -8.457652469         2.340482852         7.645598845                
    -5221.185364        -18334.58964         2567.674179                
O              287                                                      
     8.039441147         4.977188669        0.3861565956                
    0.7521777282        -3.373977231         5.095664836                
    -10760.81478         12580.14994        -1243.091781                
O              288                                                      
    -2.291888891         4.995819539         6.301335749                
     2.383693229        -1.998455604         3.255823251                
     7229.437005         14393.31511         4505.552584                
C              289                                                      
    0.3576134885E-01     3.829297524         1.433807434                
    0.8622654510         6.816575596         3.321954243                
   -0.8025226832         2.036444094        -30.43799030                
C              290                                                      
    0.1244220359         5.158650707         1.863776220                
   -0.3925659607         7.918260435        0.1745768610                
     1.126126996         42.03518682         42.78042143                
C              291                                                      
   -0.4561679859E-02     6.203091940        0.9404638625                
    -1.961948322         5.619661742        -2.206336236                
     68.91024064         35.25465350         35.57768325                
C              292                                                      
   -0.2222060827         5.918179992       -0.4128172809                
    -2.276499273         2.219378211        -1.439871954                
     137.5493480        -53.05281254         185.5727664                
C              293                                                      
   -0.3108667697         4.588826808       -0.8427860667                
    -1.021667859         1.117693373         1.707505431                
     67.85171163        -109.1431301         67.74784040                
C              294                                                      
   -0.1818830540         3.544385574        0.8052629051E-01            
    0.5477145018         3.416292064         4.088418529                
     26.01805592        -57.84580165        -51.84598639                
H              295                                                      
    0.1352630725         3.023585715         2.146076967                
     2.072931846         8.589780303         5.158658635                
     97.17424692         141.5297575        -177.3687822                
H              296                                                      
    0.2923216732         5.378453239         2.907750668                
   -0.1499201257         10.54137344       -0.4167278676                
     35.43373798        -83.25306038        -46.68299534                
H              297                                                      
    0.6383623391E-01     7.228606284         1.272168778                
    -2.929968882         6.469570039        -4.634345360                
    -90.48372750         12.97597055         6.230387740                
H              298                                                      
   -0.3217078063         6.723891801        -1.125086814                
    -3.487165666        0.4461735051        -3.276576344                
     90.57543698        -128.3557881         77.23175717                
H              299                                                      
   -0.4787664070         4.369024276        -1.886760515                
    -1.264313696        -1.505419630         2.298810158                
     67.88194289         349.5954407         102.9690686                
H              300                                                      
   -0.2502809679         2.518871233       -0.2511786261                
     1.515735060         2.566383766         6.516427648                
    -28.35639977         56.64634958         32.14809326                
