Diffusion in Zeolites. ZSM5 (Silicate) Crystal Structure, Si(96)O(192) +
         2         2       300     13334   1.0000000E-03   1.3334000E+01
       20.3183600000        0.0000000000        0.0000000000            
        0.0000000000       20.1714600000        0.0000000000            
        0.0000000000        0.0000000000       13.5858629500            
Si               1                                                      
     1.739727611        -1.201917414        -4.799122115                
    -9.067271770         4.824042735        -3.667791311                
    -43607.97841        -12394.53437        -17122.93172                
Si               2                                                      
    -8.589520218        -8.927250845        -2.262958312                
    -7.269964971        -6.569610825         6.158403496                
    -15173.46493         23599.72284        -3509.516258                
Si               3                                                      
    -8.627801963        -1.270161692        -2.178309999                
     2.578618432         2.307926213        -1.197693667                
    -5774.311517        -988.9051920         5631.597162                
Si               4                                                      
     1.561853588        -8.619203286        -4.364637711                
     6.179484266         4.145609137        -1.004183203                
    -12960.02874        -14481.56875        -25206.79142                
Si               5                                                      
     4.012621773       -0.4404289564        -2.893125862                
    -2.212331628         3.466627346         3.628314826                
    -12559.38680         13420.38159         21969.88064                
Si               6                                                      
    -6.109548201        -9.601048486        -4.069500303                
    -2.065669125         3.881096599        -8.222797564                
    -43936.64657         4871.320010         10380.08929                
Si               7                                                      
    -6.335204631       -0.5966807617        -4.208511192                
     8.419210388       -0.1897462333        0.7285340752                
    -15401.08832         8801.490489         26877.54061                
Si               8                                                      
     3.821204950        -9.512257835        -2.429757305                
    -2.473582355        -1.890835633        -1.338835090                
    -17607.08439        -16496.55921         3227.771411                
Si               9                                                      
     5.655149478         1.162427673        -6.621638806                
     5.865416349        -9.282740566         2.225018577                
    -3200.089338        -392.7865419         8948.577052                
Si              10                                                      
    -4.274089771         8.734680768       -0.4138193588                
     5.765817728         2.795198317         5.227841117                
     2395.326142        -2883.089965        -9249.254692                
Si              11                                                      
    -4.634358066        0.9917748311       -0.4528069741                
    -6.734426354         4.627954930        -6.513913236                
     31793.57465         767.4245000        -19625.66658                
Si              12                                                      
     5.854619742         8.945620835        -6.220122830                
     1.970038506        -3.395622845         4.430188691                
    -22924.59382        -33458.49249        -22902.53573                
Si              13                                                      
     2.473774466         1.249523691        -6.787669879                
    0.6475341528        -4.300061216       -0.2357484524E-02            
    -27154.56658        -5270.800771         17158.97864                
Si              14                                                      
    -7.532352026         8.832860873       -0.4906559069                
     2.790368790        -2.559245606         2.320867355                
     3981.947230         28356.79173         17172.74314                
Si              15                                                      
    -7.702828119         1.125337527       -0.2497719218                
    -1.807977059         2.078274415         3.145849906                
    -6580.763024        -20382.81427        -7641.241219                
Si              16                                                      
     2.552188586         9.055429886        -6.194715622                
     5.807276528        -2.761204737        -2.581611753                
     15632.12640         12782.35793         5791.081742                
Si              17                                                      
     8.649219765       -0.5867200087        -2.607179327                
     3.503472734         1.530477326        -2.163121564                
     26087.49413        -6597.815746        -853.9518372                
Si              18                                                      
    -1.414384621        -9.409124119        -4.369525033                
    -4.549239021        -1.636002836        -1.089458279                
     128.4219394        -5963.949741        -3021.572145                
Si              19                                                      
    -1.414377800       -0.6951380918        -4.386651984                
    -1.296043585       -0.7930975924         2.936516045                
     13017.82509        -3090.314100        -30826.06949                
Si              20                                                      
     8.654475531        -9.560055093        -2.454497606                
   -0.7521867893       -0.2931307262       -0.6084167693                
    -1146.711020        -10082.10286         2431.737162                
Si              21                                                      
     6.456649719        -1.188217604        -4.713016963                
     2.423160757        -4.163257153         8.642391351                
     10401.95316        -9476.661669        -19415.35498                
Si              22                                                      
    -3.674278694        -8.859023891        -2.240386645                
    0.9599908691        -3.293349048        -3.772988057                
     21273.18863        -7640.601761         5982.362258                
Si              23                                                      
    -3.855686664        -1.325547594        -2.461599647                
    -8.343940597        -1.116356701        -5.654430489                
     29332.48580         3908.490469        -17374.80946                
Si              24                                                      
     6.188623012        -8.810139444        -4.304140435                
     4.037731937       -0.9324330270        -6.886919277                
     47465.22046         5894.168551         721.4619936                
Si              25                                                      
     1.635181298         3.485098023        -4.726577919                
     4.756493842        0.5282818880        -5.571635371                
     5032.779311         32078.22656        -37123.65299                
Si              26                                                      
    -8.585096490         6.551314036        -2.336704511                
    -2.812210164         3.274013592         1.552621842                
    -12438.61326        -19924.07703        -262.8605493                
Si              27                                                      
    -8.586715352         3.370530872        -2.242603247                
     1.888383246        -5.925773225        0.4009601384E-01            
     17493.41051         3701.202111         2146.889848                
Si              28                                                      
     1.592526231         6.705136471        -4.309673243                
    -1.633647411       -0.7085594578        -5.018197119                
     16359.28606        -31060.24942        -15607.14479                
Si              29                                                      
     3.994184249         2.745594199        -2.830854940                
     2.346247903         6.065080834        -4.047136426                
    -14946.87098         8659.775998         23563.01347                
Si              30                                                      
    -6.219706854         7.393436169        -4.150715989                
    0.9009342227         1.737074028         9.464449654                
    -20059.79437         126.1987747        -18715.05780                
Si              31                                                      
    -6.170109738         2.577812662        -4.146239860                
    -1.339226313         6.846512134       -0.4317616420                
     5569.426863         7995.700717         4313.119700                
Si              32                                                      
     4.094542907         7.403703742        -2.592424068                
   -0.4493818861       -0.3300743291         2.695940861                
     9222.338477        -17613.59835         5767.446838                
Si              33                                                      
     5.794338393        -3.599399997        -6.636870554                
     4.057350969        -4.345806960         1.253717694                
    -7074.470430         11676.42494        -16643.64099                
Si              34                                                      
    -4.527713603        -6.603775868       -0.3391509493                
    -4.783822548         3.294090755        -1.937856514                
    -2399.916963         18443.37681        -17760.10134                
Si              35                                                      
    -4.364127870        -3.519299717       -0.4519152622                
    -5.385828971         2.515969275        -2.642461706                
     3224.013573        -29307.05512        -24067.23696                
Si              36                                                      
     5.750387057        -6.625759751        -6.431922045                
    -1.707275471         6.592372800         2.987278780                
     11627.86397        -22173.88218        -10086.17390                
Si              37                                                      
     2.541864741        -3.520642548        -6.733758767                
     2.318947168        -6.490789462         4.056273181                
     26716.42426        -13156.81374        -21653.81031                
Si              38                                                      
    -7.708034930        -6.559461226       -0.2302301085                
     6.362102923         7.688914085         1.724473813                
    -11587.77571        -32885.98346        -26971.36440                
Si              39                                                      
    -7.485128772        -3.550449170       -0.3814789271                
    -3.518176455         1.668932425        -2.604569372                
    -3469.178048         28999.73818        -34241.83746                
Si              40                                                      
     2.587243297        -6.589598397        -6.460467804                
     4.014108837         7.587089603         5.214717717                
    -12079.95663        -13097.58278         6613.346163                
Si              41                                                      
     8.755500889         2.558981821        -2.614840812                
   -0.6010350697        0.9981292471         1.337070299                
     5197.951502        -4571.031108        -24427.62170                
Si              42                                                      
    -1.390653452         7.541435578        -4.173210285                
     2.996636363        -8.299633271         4.190205938                
     19696.44940         1527.062414        -23677.84629                
Si              43                                                      
    -1.274287245         2.483973577        -4.342578092                
     8.036248812       -0.9170872681         1.207207468                
    -25327.12843        -5277.478797        -35574.45388                
Si              44                                                      
     8.695898986         7.354131805        -2.438747114                
   -0.2168955041         1.415520278         1.945850889                
     9828.303867         7205.835921        -28796.20319                
Si              45                                                      
     6.468480848         3.422907084        -4.633259348                
    -4.904270939         7.476691098         4.060295795                
     25973.34859        -12325.36038         3748.226764                
Si              46                                                      
    -3.646161993         6.380295193        -2.520455377                
    -12.43452058        -6.528566592        -3.424738561                
    -30704.00323         8729.999757         42202.12161                
Si              47                                                      
    -3.583892110         3.277976416        -2.352491044                
    -4.843954996         2.433944646         7.390488780                
    -16539.05435        -5985.198983        -20387.11505                
Si              48                                                      
     6.533178798         6.488783447        -4.487309564                
   -0.9284602679        -4.099754252         2.090111428                
    -1720.897903        -1841.031431         10074.10277                
Si              49                                                      
     8.663868919         1.065820159         2.273891746                
     2.017429123        0.2230081010E-02    -6.815398467                
    -8175.457167         10215.67079        -6420.595389                
Si              50                                                      
    -1.418294366         8.726624245         4.669193345                
     2.885578806         3.277667633         2.994360923                
    -2405.679070         1625.941491        -31479.08067                
Si              51                                                      
    -1.624108044         1.285103388         4.315901900                
     3.738021489         3.498940135        -6.174518130                
     23811.14088        -3979.607112         7408.992460                
Si              52                                                      
     8.663827543         8.650327515         2.362788951                
     2.294255801         2.103982135        0.5220973290                
     468.9142748         15810.93309         17881.75571                
Si              53                                                      
     6.259074862        0.5308174742         4.011747191                
     1.258086241        -2.354828171       -0.3712666642                
    -17300.37380         4282.883649        -29137.96842                
Si              54                                                      
    -3.650340483         9.317884801         2.577668126                
     3.189573414       -0.3975768801        -4.957063811                
     2213.285772         13251.35327        -1954.764902                
Si              55                                                      
    -3.969802013        0.5154601433         2.536306413                
    -2.856369303        -7.219582445         5.914010181                
    -12266.53332        -25123.97207        -15163.52605                
Si              56                                                      
     6.470336278         9.404309534         4.346683537                
     2.365571107         6.460370305        -6.310938827                
    -1155.602533        -1330.307936        -6141.899641                
Si              57                                                      
     4.496328668        -1.277111610        0.7662000169E-01            
     5.858033971         2.566242650        -1.165656799                
    -5069.127556         7634.607351         47032.43003                
Si              58                                                      
    -5.564618368        -8.985872132         6.466994456                
    -7.396719933       -0.9908686632        -1.875128420                
    -5182.564021        -13402.03344        -9635.804392                
Si              59                                                      
    -5.630643902        -1.317005578         6.514856676                
    0.5093422676        -2.943276018        0.8262192368                
     18954.10795         4159.476618        -36006.44149                
Si              60                                                      
     4.491513404        -8.792139591        0.5374148034                
     1.834334591        -1.707987792        -2.621039267                
     23460.54464         3886.093672         10218.75410                
Si              61                                                      
     7.663599033        -1.177660930        0.2986918729                
     1.244968692        -1.745083093         7.025483675                
    -13825.20072        -15656.02511         1477.804369                
Si              62                                                      
    -2.412441332        -8.893319120         6.282882890                
    -4.032222965         4.172533790         4.501832189                
    -8822.202967        -4358.104050        -2048.769305                
Si              63                                                      
    -2.435660328        -1.180976008         6.197709003                
    -7.230511590        -4.201870725         6.119008854                
     20114.97852        -9229.577474         8842.401366                
Si              64                                                      
     7.690557087        -8.991729022        0.5343891724                
     3.715739403        0.7505638120         1.828890732                
     7019.082579        -26165.70253        -7169.976152                
Si              65                                                      
     1.390367304        0.7009612343         3.948974550                
   -0.5679282498        -2.880685718         6.238504562                
     7592.761978        -567.0522610        -25998.54073                
Si              66                                                      
    -8.639405026         9.604553054         2.421868968                
    0.7816960224         4.643435491         2.284559998                
    -16406.41750        -11146.51313        -2062.837696                
Si              67                                                      
    -8.638937200        0.3467761406         2.635743038                
     2.425756118        -4.172630509        -9.628043975                
    -1349.304289         19634.50681         2349.588425                
Si              68                                                      
     1.603412890         9.467176969         4.429578175                
    -1.868569847         4.258050603         1.947392432                
     14937.48805        -41314.01930        -18389.44648                
Si              69                                                      
     3.810237678         1.215674740         1.985031636                
     1.753145391        -4.497645837        -1.998433129                
     29329.89096        -12161.12555         32457.17583                
Si              70                                                      
    -6.198523159         8.930165149         4.378599869                
    -2.463984239        -8.338861445       -0.3316884932                
    -18226.75569        -4709.940004        -28715.84445                
Si              71                                                      
    -6.297083381         1.148261414         4.531601148                
    -3.030765034        -1.206465724         6.151066747                
    -28039.58456         2219.567265         13919.37732                
Si              72                                                      
     4.050360457         8.942710158         2.413346702                
    -3.233000143        -3.249485371        -2.423275544                
    -38118.48407        -25323.05633         33350.76494                
Si              73                                                      
     8.834293969        -3.519558924         2.021290937                
     3.072407088        -2.639672098        0.8615080980                
    -14815.52291         36383.76846         14409.14897                
Si              74                                                      
    -1.645911475        -6.680932390         4.333412064                
    -1.890572072        -4.427277113         5.072678338                
     7433.247622         1436.106753        -33264.10604                
Si              75                                                      
    -1.567200221        -3.513531564         4.330936645                
    -4.884802891         3.541119861        0.4268573117                
     12178.82077        -25914.83400        -7595.151376                
Si              76                                                      
     8.684454940        -6.585690788         2.157361329                
    -3.312443113        -11.74899525        -1.631813372                
    -21505.60429        -733.5772251         43602.80733                
Si              77                                                      
     6.431162275        -2.574812337         3.920448562                
    -4.494755642       -0.7742564574         2.785149687                
    -16685.71740        -16666.84236         11163.67613                
Si              78                                                      
    -3.984956426        -7.696246506         2.508112154                
    -6.436703885        0.2963925648        -2.020189199                
     12641.12309         7848.333882         13036.61709                
Si              79                                                      
    -3.862388580        -2.656314653         2.494201048                
     4.974683572         1.938786461        -3.194494992                
     6608.741545        -672.5762482         13764.79774                
Si              80                                                      
     6.426402969        -7.564406037         4.165552844                
     11.51397502         3.899076173         11.33695283                
     1398.968049        -8755.503081         14872.24480                
Si              81                                                      
     4.607496788         3.611888901        0.1447834248                
   -0.3170012101        -8.666880948        -2.411974093                
    -28402.84725         22212.63033        -4515.238927                
Si              82                                                      
    -5.620812966         6.655318987         6.427801913                
    -3.727186099       -0.4717968631         6.199637678                
    -23363.26348         5926.681298        -6757.160158                
Si              83                                                      
    -5.641272036         3.564489551         6.450872320                
    -1.169327883       -0.6664411810         6.448423216                
     6438.306889         13577.82342        -9687.084953                
Si              84                                                      
     4.581882025         6.663579357        0.4224145156                
     3.830049635        0.6682548546       -0.5982914495                
     2111.649013        -47587.24937         4085.792762                
Si              85                                                      
     7.712266362         3.361551534        0.2721371201                
   -0.3696917573        0.3348269934         3.463966502                
     23454.60616        -4258.506853         7826.626959                
Si              86                                                      
    -2.431062335         6.566937242         6.587991735                
     8.457450007        -5.062818142         4.187867039                
    -20125.09011        -22422.03939         1312.813849                
Si              87                                                      
    -2.448220476         3.488075035         6.413365481                
     5.465897913        -6.605459111         1.684186757                
     15806.49231        -10782.42790        -4252.567687                
Si              88                                                      
     7.752982211         6.439397695        0.4471569317                
   -0.3324609653         3.233524483        -4.340132677                
     14435.88194        -17218.93829        -6795.434614                
Si              89                                                      
     1.420735855        -2.486773994         4.033712383                
    -10.31535411        -4.644410031         1.473491681                
    -7306.699228         39331.87743         15175.38577                
Si              90                                                      
    -8.717006070        -7.429455781         2.606255170                
     2.255123078        0.1064061429        -4.136483432                
    -28517.18951        -11640.58221         10655.28082                
Si              91                                                      
    -8.409270485        -2.751860849         2.494456315                
     11.08791672        -7.049292888       -0.5700059451                
    -7136.890475         1353.097417         14373.46865                
Si              92                                                      
     1.381843286        -7.553483099         4.336133645                
     2.185160005       -0.5002142305        -5.511318615                
     7419.466583        -22614.91284        -7208.365918                
Si              93                                                      
     3.773858241        -3.456377958         2.244240835                
    -1.131787562         4.790440859        -4.951255671                
     5681.601484         36688.38383         5730.021950                
Si              94                                                      
    -6.366477689        -6.802040188         4.468500009                
    0.5139362500        -3.143125401         5.438994286                
     31077.69588         18792.16756        -3579.800927                
Si              95                                                      
    -6.169417435        -3.638025600         4.485724348                
    -7.370279430         11.32631432        0.6194041098                
     23493.50433        -15868.34168         13823.46404                
Si              96                                                      
     3.807275668        -6.553533657         2.577662597                
     5.243654249        0.3092811825         1.051936093                
     8114.106574        -13209.67476         17299.48310                
O               97                                                      
     2.750040574        -1.002870144        -3.641572316                
     5.249774190         3.538417834         5.731889150                
     6324.755995         5411.028045        -4573.755511                
O               98                                                      
    -7.524415631        -9.039489410        -3.395798130                
    0.7056765067        -7.320485948        -1.129616035                
     27925.59507        -5838.372612        -14498.94035                
O               99                                                      
    -7.675067728       -0.9785367245        -3.407666354                
    -4.668657350         5.008910357         6.145726654                
     14533.45424        -1480.863313         904.0824798                
O              100                                                      
     2.526343138        -8.968727886        -3.208269226                
    -2.563061713        -5.092895286         2.968951590                
     13413.49143        -5745.039748         19253.69247                
O              101                                                      
     4.071319250       -0.9548053352        -1.374906008                
    -6.661331300         4.437910658        -5.789251428                
     5541.533622        -4144.409369        -16322.00359                
O              102                                                      
    -5.868258265        -9.264881744        -5.592607267                
    0.8165864509E-02     9.403223386         9.037772241                
     181.7575614         6351.182980         1192.764539                
O              103                                                      
    -6.165310590        -1.113778185        -5.642787035                
    -2.462305463         10.18197652         7.240433570                
     2410.340342        -4498.504875        -8842.177469                
O              104                                                      
     3.966035141        -8.944915479       -0.9294128315                
     2.616644327         1.968061380        -2.669856360                
    -1263.420077        -16702.96254        -14072.53340                
O              105                                                      
     4.023531253         1.232973395        -6.624389028                
     7.300440736       -0.9589392745E-01     4.365475772                
     23027.02457        -5507.614787        -8208.901744                
O              106                                                      
    -5.889984043         8.876266077       -0.4761090549                
     9.255811205         8.004726902         4.062807298                
    -9158.318078        -4597.699127        -2754.882316                
O              107                                                      
    -6.146846140         1.010971120       -0.4592935915                
     1.195907703        -1.566109072        -4.454493260                
    -19173.46471         17009.06032         4046.790415                
O              108                                                      
     4.188478144         8.929162910        -6.170123566                
    0.2391212313E-01    -1.858383958        -6.292650532                
     2379.909269         2065.357271         2682.552641                
O              109                                                      
     8.112854754       -0.8656048767        -1.141736624                
    0.7271453055E-01    -17.71739341         5.041931418                
     4145.778079         1198.288904        -19865.79757                
O              110                                                      
    -1.818199502        -9.069064462        -5.859006276                
    0.4457318932        -8.630997488        0.6941300509                
    -4837.291869         1480.086958        -464.2933713                
O              111                                                      
    -1.859848234       -0.9500588358        -5.935586249                
   -0.6143252550        0.8286308059         1.823299380                
     11834.41264        -16321.15400         9734.183427                
O              112                                                      
     8.182018085        -9.204976893       -0.9771676545                
     1.724259733        0.1713902164        -7.058009052                
    -205.2181979        -2843.617352         10571.72831                
O              113                                                      
     7.752194546        -1.070218435        -3.772563015                
     4.395085007         2.032942657        -2.944724280                
    -25451.64490        -9094.950427        -10344.11504                
O              114                                                      
    -2.455388989        -9.005400166        -3.281187418                
    -7.024731719        0.2455112067E-01    -1.350506817                
    -14905.89889         3752.521179         11039.11092                
O              115                                                      
    -2.556254981        -1.186932051        -3.442190784                
     4.466910444         1.996236725        -8.921020791                
    -4011.751366         3669.257968         21611.22397                
O              116                                                      
     7.594885251        -8.876213108        -3.411943976                
     5.122838262       -0.8815032488        -2.928710780                
    -21695.59399        -16242.69306        -13706.81604                
O              117                                                      
     5.234110845       -0.8192372845        -3.780326890                
    -4.947991374       -0.7034376776         7.698253274                
     5565.290495        -11774.37157         8300.567509                
O              118                                                      
    -4.962979348        -9.094366344        -3.096017377                
    0.7746768493         7.674275637        -4.079518182                
    -5362.761423        -9106.825965        -15354.75828                
O              119                                                      
    -5.054964388        -1.120564970        -3.403514793                
     5.888558509         1.339390645         9.138504943                
    -21969.44692         2246.355534        -8432.270837                
O              120                                                      
     5.019035533        -9.012095785        -3.292017451                
    -3.450952806        0.6462147833         7.190648782                
     953.5146473        -5123.089916        -2211.348463                
O              121                                                      
     2.749854922         3.208856967        -3.718609340                
     3.756959368        -12.51872709        -1.559506580                
     17994.59417        -17417.42389         18858.98502                
O              122                                                      
    -7.526209528         6.846034501        -3.426904855                
    -2.646720724        -8.246886351        -9.478378512                
     17072.89505         5176.740687        -3823.752454                
O              123                                                      
    -7.508442379         2.898047816        -3.305123007                
    -9.622290769        -2.803617441         6.000570524                
     16091.68445         8244.090096        -4225.703576                
O              124                                                      
     2.744456350         6.963609617        -3.238063105                
    -9.076745015         6.893011022         4.783253260                
    -13069.79914        -4395.287543        -10320.37682                
O              125                                                      
     4.116310433         3.410029402        -1.350046783                
    -3.504989642        -1.558280326         3.789332618                
     1187.566624        -28889.52723        -16005.41537                
O              126                                                      
    -6.118631669         7.074062786        -5.721346306                
     10.60885092         10.65997824        -6.960288118                
     6043.259560         2028.169820         16407.30715                
O              127                                                      
    -5.938948623         3.217209475        -5.623837731                
     5.994929620        -4.230288615        -13.29750989                
    -12391.27350        -19654.43601         9240.141193                
O              128                                                      
     4.382828464         6.833580939        -1.102544070                
     3.838651880         7.893010436        -9.405318107                
    -12271.76425         42853.36304        -22620.20658                
O              129                                                      
     4.193208111        -3.558353973        -6.630152189                
     3.809833514         3.905386202       -0.3023574318                
    -11301.70196         3890.384753        -11152.01148                
O              130                                                      
    -6.146912556        -6.688398054       -0.2584272086                
    -3.109399340         4.115669735        0.6756104651                
     16041.15012        -3730.109193        -6718.507613                
O              131                                                      
    -5.951403782        -3.421878962       -0.6704476601                
    -6.333417746       -0.3383064043         12.31411917                
     15960.48928         5070.626579         12474.12337                
O              132                                                      
     4.141778589        -6.697334720        -6.411255388                
    0.9074740557E-01    -9.258035433        -4.049015411                
     17045.03269        -6059.485830        -10708.97451                
O              133                                                      
     8.227331837         2.923799369        -1.189739770                
     12.56955425        0.4464667045         3.464289453                
    -2014.407138         7438.935734         13290.66589                
O              134                                                      
    -1.939468870         6.956759114        -5.570504010                
    0.4394485505        -4.591404436        -1.252668153                
    -895.5713562         9720.416925         10644.69140                
O              135                                                      
    -1.880392383         2.996522389        -5.797085205                
    -9.564166232       -0.8007290122        -2.705759220                
     1564.800455        -5665.579104         23486.69378                
O              136                                                      
     8.395468224         6.948405269       -0.9954477112                
    -7.117916385         4.323700623        0.4126904991                
    -18757.11513        -14459.68916         37619.60062                
O              137                                                      
     7.803363243         3.057661244        -3.772240648                
     1.011382441        -7.462807896       -0.8892203666E-02            
    -15296.78814         4981.459110        -3089.574586                
O              138                                                      
    -2.376253165         6.892227065        -3.186023847                
    -5.521271918         2.514790510         5.969978993                
     1848.883420         9995.216818        -1764.738034                
O              139                                                      
    -2.325303159         2.954224851        -3.254050846                
    -3.107276070        -11.76376668        0.8893573835                
     13762.26306        -5634.997300         10883.98896                
O              140                                                      
     7.700937269         6.615969664        -3.468694378                
    -2.225557412         3.639162106         1.335624918                
     15646.15633         20247.28241         11510.05542                
O              141                                                      
     5.279269166         3.036939838        -3.621072563                
     19.54698720        -1.477597995        -2.461361171                
     16369.98750         16764.70474        -18582.03754                
O              142                                                      
    -4.937982769         6.813650126        -3.418802470                
    -8.745243891        0.2552358220         3.981495752                
     11081.41634        -810.3947043         5722.592310                
O              143                                                      
    -4.848937468         3.001126184        -3.315330162                
     6.011216716        -2.483957117         4.568344071                
    -14435.71772        -2674.291673        -3124.065449                
O              144                                                      
     5.292208141         6.959542517        -3.545009056                
    -2.628425753         4.192020726         9.179643420                
    -2809.913151        -4228.509204        -4666.176838                
O              145                                                      
     3.933083338         1.161260518        -2.774717131                
     9.606398261         10.24982107        -9.870330942                
    -1773.678837        -9593.759320         205.0529840                
O              146                                                      
    -6.328440023         8.985961963        -4.033639956                
    -1.343306871        -5.724327004        -2.145052343                
     23351.06598         898.4630010         4663.854148                
O              147                                                      
    -6.279641441         1.000736554        -4.216835332                
    -2.962378002        -6.731459678        -7.413101506                
     8318.236588        -5766.064681        -8001.984384                
O              148                                                      
     3.900140472         8.965685154        -2.534848538                
    -3.002498451        -1.716966484       -0.4109989379                
     6601.456537         43352.46142         15560.48609                
O              149                                                      
     8.711317754        0.9650774559        -2.752590827                
    -6.475288889         3.458060724        -6.176210371                
     4109.316445         12871.61506         7709.820443                
O              150                                                      
    -1.413877763         9.150031076        -4.321040941                
   -0.2503219237        -9.431786684         7.336192515                
     4136.676103        -9135.407681         11618.32466                
O              151                                                      
    -1.397106127        0.8772031592        -4.377119764                
     3.846581787         10.78099360       -0.4256199395                
     11497.10330         19554.70618         20525.61143                
O              152                                                      
     8.521666587         8.954018326        -2.518761504                
     3.420912260        0.8667178786        -1.096422480                
     3409.266975         11833.28885        -7039.079946                
O              153                                                      
     2.089448430        -2.524222344        -5.716228810                
     5.173942241        -1.523086596         5.824590145                
    -18235.41371         33865.38248         43815.34889                
O              154                                                      
    -8.336247739        -7.559400837        -1.418332095                
   -0.4480083746         1.675400911         11.42666462                
     8608.779734         36.93564413         23523.49436                
O              155                                                      
    -8.243836752        -2.578425936        -1.404304494                
     5.022147360       -0.3034594847        -1.687250683                
     3056.129672        -10536.06315         4439.990383                
O              156                                                      
     1.972468913        -7.409989190        -5.246809099                
    -2.686024130        -4.829221166        -3.566910089                
     3791.876368         8430.679535         127.8935421                
O              157                                                      
     1.917504951       -0.3051696989E-01    -5.874513579                
    -3.121549112         5.798984239         2.967161826                
     14779.17766         13876.86944         4467.202741                
O              158                                                      
    -8.218746931         10.03326120        -1.355919878                
     1.121797115         6.123389654        -3.246179606                
     21769.59701        -16186.65885         14700.68343                
O              159                                                      
    -8.214719579       -0.2079867681        -1.018075679                
     7.799535552         3.423265331        0.7652963440                
    -11946.17864         19141.04063        -19089.14762                
O              160                                                      
     1.939719191        -9.835963892        -5.413544903                
    -3.426038774       -0.7520349788        0.6571982589                
     7658.962089        -2617.209390         12580.30707                
O              161                                                      
     1.998028180         2.569068380        -6.055134458                
    -2.642447340        -2.359241882         1.672620541                
    -2293.128338         6724.708502         24605.28139                
O              162                                                      
    -8.069873540         7.551354856        -1.163639059                
    -4.299533896         4.669919970        -4.582932711                
    -5469.931658        -19730.11834        -12222.72807                
O              163                                                      
    -8.238305031         2.465677169       -0.9397434756                
    -10.72635904        -3.322118868         3.733282324                
     586.5241633        -9721.556766        -8523.852316                
O              164                                                      
     1.953441388         7.811800098        -5.445235068                
   -0.6807178602E-01   -0.2468357506         3.395017660                
    -88.89462153        -11976.50425         11894.95587                
O              165                                                      
     6.266079251        -2.563097684        -5.567306714                
    -6.824404117         9.711725367        -6.549089205                
     7395.414408         19326.02249         15575.23460                
O              166                                                      
    -3.860719306        -7.493204888        -1.459400586                
    -3.141521253        -5.082393900        -3.988928453                
    -6784.102455        -22651.39134         4533.749528                
O              167                                                      
    -3.765392520        -2.629723686        -1.620758990                
    -2.006887540        0.7707646410        -3.147578006                
    -8124.567889         628.3685823         21140.36829                
O              168                                                      
     6.111983361        -7.563711794        -5.241254709                
    -3.260130554         2.897710533         1.692844096                
    -3009.696406        -3623.212401         7544.746096                
O              169                                                      
     6.220292019       -0.3683391164E-01    -5.780690722                
    -1.623535271         4.508988356        -3.559376987                
     423.9539310        -5957.171209         7580.225935                
O              170                                                      
    -3.686955809         10.00427017        -1.249697048                
     10.84084336         15.64179931         6.597631037                
    -9944.482261         7945.746655        -2130.701182                
O              171                                                      
    -4.137093107       -0.1865466644        -1.371937485                
    -4.844939166        -2.725778945        -9.857262072                
     9690.280133        -9811.701812        -6335.431682                
O              172                                                      
     6.181585462        -10.04282143        -5.363056816                
    0.7952886177        -7.479414977         4.340643084                
     3874.973633         33182.49292         36153.29482                
O              173                                                      
     6.189146867         2.434494685        -5.848083128                
     1.094983825         2.668305899        -4.996852461                
    -2791.142132         7551.187488         1415.934650                
O              174                                                      
    -3.873101989         7.398475547        -1.200806522                
     4.461934362        -5.318190676       -0.1337411313                
    -3264.971060        -4152.180273        -18172.69802                
O              175                                                      
    -4.012618913         2.287425541        -1.214907826                
    -4.938311780         3.797080210         2.609672663                
     5271.308049        -5226.572025         16556.48336                
O              176                                                      
     6.463143778         7.610989483        -5.549879109                
    -6.126967327       -0.7010988309         3.661597226                
    -10222.56633         13269.44773        -11479.92567                
O              177                                                      
     10.16069989        -1.140626831        -2.586981679                
     6.633469094        -5.170171340         6.259956559                
    -1255.392064         7974.649041         8005.066171                
O              178                                                      
   -0.5891396518E-02    -8.766859388        -4.134899982                
    -10.42558077         2.662371662        -5.713720697                
     14095.23649        -5680.164036         3321.551058                
O              179                                                      
    0.1646114536        -1.126981347        -4.245315072                
     4.250277852        -5.813060957         1.026982033                
     4484.221100        -189.1125252        -14889.76623                
O              180                                                      
    -10.13384235        -9.170073355        -2.593863086                
     3.892272215        -1.615987770         5.723299634                
    -2520.505243         2877.232159         139.4139940                
O              181                                                      
    -10.03408753         3.064426097        -2.654814604                
    -1.680107313         9.769863500        -4.788874612                
    -25660.24508        -11811.07359         5433.390533                
O              182                                                      
    0.1002206979         6.983449572        -3.986838812                
    -1.192632951         1.226762477         4.439894364                
    -11941.94181         16969.85163         1647.540133                
O              183                                                      
    0.2032140222         3.028490117        -4.350646066                
     6.565581179        -2.786853770        0.7657107686                
    -12292.91096        -9648.965306         10584.65431                
O              184                                                      
    -10.09601952         6.930934140        -2.711589496                
    0.5160717579        -4.165973453        -7.286152690                
     4992.588939         849.9269740         17438.32458                
O              185                                                      
     1.696889086         5.110479974        -4.733747986                
    0.6663174867        -4.322937029         5.121897932                
    -7525.197223         10970.70943         1188.821861                
O              186                                                      
    -8.466004074         4.925027195        -2.120678264                
    -1.449126516        -3.866843699         13.83692832                
    -5158.175393         26894.69113         6755.238232                
O              187                                                      
     6.548743466         4.980586972        -4.904832104                
    -5.287065666         4.281978582        -5.636528606                
    -17921.72501        -10109.20908         1481.443998                
O              188                                                      
    -3.570561374         4.835686418        -2.212924951                
    -1.855167922         2.815585050        -11.85121882                
    -2555.712009         12134.22125         4795.272934                
O              189                                                      
     6.089187322        -5.122399458        -6.341075379                
    -7.693836266        -6.210781979         6.308970472                
     1718.976584         9694.996523        -8485.724582                
O              190                                                      
    -4.131136097        -5.096979261       -0.5873700602                
     3.329173410        -1.919588759        -1.159712788                
    -8423.015739         7248.581446         10196.46774                
O              191                                                      
     2.317896093        -5.083898059        -6.475424026                
    -16.47441971         3.266641080         6.049024919                
    -9652.730161         30167.10376        -6469.359382                
O              192                                                      
    -7.836838145        -5.037707355       -0.5039105054                
    -3.315153426        0.8587293126        -7.043741854                
    -12689.50890        -10820.24446         8682.495461                
O              193                                                      
     7.599405410        0.9991048143         3.436480911                
     11.36029695        -4.892326714        -1.275800909                
     25692.66045         9657.108504        -10849.11685                
O              194                                                      
    -2.395733414         8.802416884         3.365421805                
     6.742137788         10.54633762         10.98856073                
     6008.046405        -3046.037050         12587.68069                
O              195                                                      
    -2.704877352         1.038760456         3.193113587                
    -5.611286252        -1.661477907        -8.713810715                
     12799.56742         20439.28701         15573.40384                
O              196                                                      
     7.714966680         8.768116184         3.669805270                
     5.589352980        -10.38724149        -2.481749157                
     17058.86893        -515.1369683        -16842.87980                
O              197                                                      
     6.064818690        0.8452460043         5.493698722                
    -10.87390786        -1.035251872        -5.563958592                
    -13326.61733         18974.67525         12488.75727                
O              198                                                      
    -3.833317456         8.828627670         1.105363717                
    -3.215792719         5.797331206        -7.160866125                
     193.1174779        -2142.525474        -13864.00923                
O              199                                                      
    -4.187598246        0.7522755386         1.020938892                
    0.4813887098         1.976057419        -9.759144360                
    -229.4018654         20909.38958        -5433.950718                
O              200                                                      
     6.275150541         9.104665562         5.852126919                
     2.883672047        -1.522521008        -5.430613002                
    -6839.688069        -5081.866579         11976.85525                
O              201                                                      
     6.067614792        -1.265985431        0.1660493048                
     3.149305415        -2.595140752        -8.405591114                
     7747.386453         6123.997134        -1906.957527                
O              202                                                      
    -3.995764036        -8.904956906         6.387971578                
    -3.572299356        -5.906854355         9.146371920                
     5074.762366        -5397.550064         4160.127002                
O              203                                                      
    -3.951076939        -1.075051909         6.426800842                
     2.638543457        -17.55699472       -0.4715400994                
    -50841.95414        -16809.75560        -3545.570752                
O              204                                                      
     6.112580380        -8.847585478        0.5102885555                
     3.086380647        -2.494512827       -0.3369720517                
    -8346.986293        -8870.246607        -3561.715933                
O              205                                                      
     1.854500497         1.124562911         5.365794954                
    -5.016667647         3.317404388         8.364010835                
     8545.045132         3362.870330         10244.45383                
O              206                                                      
    -8.054655984         9.176730648        0.9932242902                
    -4.660541522         7.102148291         11.07470400                
     4039.393018        -1958.517321        -2998.341082                
O              207                                                      
    -8.035919293        0.8459435603         1.236973434                
     1.649601307        -9.897395686         5.846209445                
    -9240.813252         10396.84542         13423.08920                
O              208                                                      
     2.137354811         9.285520396         5.910279927                
     4.497144468         3.980895368        -1.073665230                
    -7878.520862        -7047.405677        -9058.181288                
O              209                                                      
     2.550033598         1.112767376         2.927993247                
   -0.2017366332        -1.571043140       -0.7718431962                
    -7697.605931         14026.23130        -6555.742362                
O              210                                                      
    -7.564005829         9.109075445         3.478447947                
    -1.990832561         1.733836098         8.464367676                
     13008.32135         4260.524184         8126.026807                
O              211                                                      
    -7.731289697        0.8722700444         3.817902231                
     4.812707686         10.87974875        -3.242041845                
     19953.35139         4723.449223        -2443.890137                
O              212                                                      
     2.773891819         8.971208990         3.396037745                
     2.478404487        -1.755112022        -10.85043311                
    -12048.23553         12488.97440         2667.193908                
O              213                                                      
     5.157946736         1.043029563         2.963773229                
    -1.851590606        -3.363284537         3.625934251                
    -18354.26696         5648.999267         9127.678177                
O              214                                                      
    -4.971885123         9.067595055         3.366263044                
    -5.093386988        -6.312076194        -2.714184935                
    -9813.859998        -14052.33784         11061.91515                
O              215                                                      
    -5.190661312        0.9917082709         3.413441286                
     2.966179086       -0.9855014030       -0.5371545175                
    -2402.153192         2522.101737         9273.217334                
O              216                                                      
     5.255524113         9.008579649         3.384139175                
     3.980281215        -2.750593596         6.011707482                
     9932.007202        -231.9608640         3876.001416                
O              217                                                      
     7.786856052        -3.085536762         3.221689333                
    -7.095347426         4.760784815         4.266994528                
    -8496.196721        -1552.086569        -16519.00260                
O              218                                                      
    -2.677298520        -7.082242829         3.178940111                
    -4.010236691         6.252017242        -6.139759772                
     2494.265872        -1339.519686         11185.90853                
O              219                                                      
    -2.494984327        -3.109536508         3.111647578                
    -5.487067453         12.73452215         6.077818040                
     5608.065681        -1505.582123         7334.829989                
O              220                                                      
     7.630738385        -6.921473009         3.422556090                
    0.4627232118        -1.561068281         7.517392200                
     10321.71431         2446.877953        -29106.49294                
O              221                                                      
     6.233750190        -3.131778850         5.440751145                
     3.969538918         5.409542393        -1.299596662                
     2299.071105        -2397.383807         3668.198516                
O              222                                                      
    -4.181745636        -7.154703462         1.056393811                
   -0.1392801474         3.657154767         4.863857372                
     2875.766064        -5762.846476         5317.217737                
O              223                                                      
    -4.076365209        -3.204355255         1.056431757                
     2.496772698         2.152500953        -3.425567063                
    -3613.753211         10746.10576        -13433.98897                
O              224                                                      
     6.359260950        -7.251800102         5.762309196                
     11.41687510         2.602290401        -11.27965804                
    -25793.23516         17171.59011        -5415.456225                
O              225                                                      
     6.160683543         3.495315650        0.1716255766                
     4.857338376        0.4081391238         7.085928918                
     2452.706920        -12130.92231         3922.945233                
O              226                                                      
    -4.088848444         6.747416014         6.405037117                
    -7.486242745         5.567424308        -4.604556416                
     49161.32183        -6140.634864         11077.30334                
O              227                                                      
    -4.044874607         3.479601897         6.254774460                
     5.211350975         4.223250829         3.437123157                
     3066.292642        -8932.617480         7703.311865                
O              228                                                      
     6.202167050         6.569967181        0.4908378610                
    -7.553903937        -11.40409504       -0.6993534952                
    -14183.25744         17288.32679         1982.497608                
O              229                                                      
     1.946666065        -2.934278267         5.458503687                
    -8.101724449         3.166734739        -6.570846944                
     18378.69612        -20483.08729         6587.624817                
O              230                                                      
    -8.221760165        -6.973389330         1.235190016                
    -3.177745728        -4.639498218        -1.768607300                
     6397.233736         11953.32388        -38375.00999                
O              231                                                      
    -7.777438406        -3.151317734         1.092649665                
     11.08534380        -4.904775298        -2.701416868                
    -9423.854686        -4872.317980         18171.52601                
O              232                                                      
     1.937075424        -7.101610024         5.771719385                
    -1.115264258       -0.6547633619        -2.436760496                
    -6590.401775        -8418.608550        -9189.714305                
O              233                                                      
     2.351653051        -2.961563510         2.905328070                
     7.376951341         1.786595206        -13.80263195                
     25497.64215        -22908.12017        -12385.43840                
O              234                                                      
    -7.633264720        -6.958250136         3.601850061                
     1.512992410         12.16040599        -9.388248860                
    -10996.34090        -9378.131888         10936.90916                
O              235                                                      
    -7.412954607        -3.229217401         3.690000573                
    -8.257376982         9.289076467       -0.7010501615E-01            
    -27302.03235         2000.636522        -31912.45773                
O              236                                                      
     2.489367665        -6.998949102         3.378298893                
    -4.124082908        -7.476586109        0.8845989958                
     9468.289627         6413.084330        -10308.54363                
O              237                                                      
     5.032513404        -3.004757976         3.155533676                
    0.3043288634         2.392165813        -1.181433592                
     10129.53350        -9175.588843        -3005.950237                
O              238                                                      
    -5.166703237        -7.237079111         3.466124113                
   -0.8202281656E-01     1.486700367        0.1085477387                
    -7812.702315        -5774.144665         3152.832446                
O              239                                                      
    -4.900959509        -3.225235799         3.552104688                
     2.433681315         6.037841530        -3.751422691                
    -16232.32378        -65.81874186         904.2727231                
O              240                                                      
     5.130720598        -6.925422555         3.368828259                
     8.182928107         3.319704137        -2.463445942                
     11642.66819        -10033.42186         28982.14132                
O              241                                                      
     6.333686902        -1.010698243         3.889308153                
    -5.477539886        -1.016744636        0.7028352272                
     5871.559544        -18747.37074         4211.814676                
O              242                                                      
    -3.747762336        -9.245477535         2.520353394                
     2.856851192        -15.68337883        0.9796238430                
     2025.207677        -7736.195451        -4352.853734                
O              243                                                      
    -3.917874064        -1.075539888         2.509098676                
     2.382589540         1.644379984        0.4572699157                
    -4655.222093        -5275.371608         6504.185266                
O              244                                                      
     6.492929281        -9.209804934         4.159696132                
     1.849916792        -2.902568355         2.607340262                
    -4521.385908         32185.13366        -4289.884221                
O              245                                                      
     1.552399373       -0.8498120151         3.894828771                
    -4.428896893        -5.813127050        -9.175080427                
    -20249.35562        -26743.74285         7003.902273                
O              246                                                      
    -8.872554307        -9.001693632         2.575537063                
     6.380794828        -7.457607010        -3.459694084                
     23378.90777        -4424.796114         1974.736155                
O              247                                                      
    -8.490636160        -1.194756642         2.570606216                
    -3.432672980        0.7064677584        -7.324412519                
    -2009.004010        -4364.923565         6111.235847                
O              248                                                      
     1.467598489        -9.213095395         4.179523029                
    -8.308511385        -4.514651930         1.985062288                
    -9621.643881         45732.13766         7824.286777                
O              249                                                      
     8.316223575         2.309565793         1.331814873                
     4.334247952         2.863975081        0.2080335622                
    -5922.904377         6752.364372        -4941.250315                
O              250                                                      
    -1.788992752         7.562254987         5.621002445                
    -2.800257528        0.4471936628       -0.4672280628                
     287.0689678         3520.625461        -9208.005161                
O              251                                                      
    -1.785477187         2.527386193         5.315087481                
    -14.45149433        -4.561536052         3.589949808                
    -18675.20251        -7677.406715        -15024.87990                
O              252                                                      
     8.280748227         7.334868323         1.603015743                
     2.602904418        -3.347767304         5.829358127                
     9684.477160         9078.349175        -5289.155802                
O              253                                                      
     8.253433854       -0.1367796800         1.301032692                
     3.070669086         5.899856786         12.91877284                
    -1828.719720         5278.874273         5753.720154                
O              254                                                      
    -1.888677206         10.05978148         5.364786269                
   -0.3342888908         8.481598116        -3.855924314                
    -36.24832873         12743.70377         16072.43975                
O              255                                                      
    -1.921835193       -0.2347186980E-01     5.227267863                
    -5.167997899       -0.1424391442         14.73323872                
    -2483.052808         1706.215226        -4984.289209                
O              256                                                      
     8.197433010         9.882156125         1.459390113                
     2.000847654         6.099914290        -18.16889039                
    -19830.05819         17783.01065        -19159.56320                
O              257                                                      
     8.221204386        -2.551671326        0.8351774975                
    -1.442680469        0.5955287040         11.35185922                
     16290.45592        -16175.68057         23350.62427                
O              258                                                      
    -2.090459307        -7.550973129         5.538591775                
    -4.360863312         10.16863448         5.101934357                
     9242.462099        -8697.745914         3984.556997                
O              259                                                      
    -2.099169861        -2.684733598         5.501228856                
    -1.077818685        -1.789106084        -4.972392517                
    -12179.16106         41219.24185         19927.91442                
O              260                                                      
     8.238078206        -7.662920303         1.139844633                
    -8.976153531         8.200546607       -0.9934249486                
     1129.370805         1423.787700        -1995.826756                
O              261                                                      
     4.064228068         2.486483498         1.131919290                
     9.413289615         9.661064942         5.130887481                
    -4362.148657         13318.49187        -11155.11770                
O              262                                                      
    -6.055364089         7.702200552         5.307141063                
    -5.126183240        -4.723498247         14.89346727                
    -5994.453412        -23719.36569         1897.788896                
O              263                                                      
    -6.186230475         2.572190068         5.337576105                
     1.169676042        0.1508418141        -7.095327363                
     1995.110871        -26318.22006         2876.788273                
O              264                                                      
     4.001726900         7.635499500         1.514482332                
    -1.840387163         4.145302119        -8.548318656                
     18806.17796         4635.014918        -17689.88316                
O              265                                                      
     4.006718970       -0.5480395273E-02     1.066961363                
     3.797522020        0.3584384716        -7.815071050                
    -1166.048556        -30792.09123        -34499.16454                
O              266                                                      
    -6.016910245         10.02994191         5.420264677                
    -3.930679885        -4.209443328        -1.551017311                
     3408.029838         29512.79647         25100.32539                
O              267                                                      
    -6.089908364       -0.9052220558E-01     5.568655405                
    -2.064907205         8.983094147        -3.932468443                
     5218.354816         9275.489475        -1905.536319                
O              268                                                      
     4.116996748        -10.06875433         1.406672466                
    -4.103913038        -1.971637467         7.087889801                
     852.2129315         11683.66920        -16642.18143                
O              269                                                      
     4.095795184        -2.611211189        0.8972839645                
   -0.8043723339        0.9989353402        -9.667909382                
    -13574.70430        -3478.074869         238.4108469                
O              270                                                      
    -6.174841048        -7.755919939         5.699210932                
     1.523372215        -6.759743459        -6.219642298                
    -3980.455400         6075.072641         4442.191958                
O              271                                                      
    -6.045180667        -2.676399623         5.733443347                
     9.504523760        -2.211877706        -1.638910849                
     13397.29554         13667.92674         10636.06666                
O              272                                                      
     4.136434438        -7.567003583         1.424294488                
    -1.944727783       -0.8406577319       -0.6022766884E-01            
    -22327.46480         8403.548669        -17112.65167                
O              273                                                      
   -0.1321686752         1.143841482         3.752837848                
    -2.113844573         2.783251550        -9.738002108                
     656.6244086        -1353.360103         11618.39504                
O              274                                                      
    -10.13388316         9.024288390         2.506581964                
    -6.011541911         3.157232017        -14.47501981                
     11783.72752        -13915.51386         5154.547469                
O              275                                                      
     10.16052076        0.8550004925         2.629340040                
     8.315149738        -10.31469771         4.308778288                
     12954.55103        -5945.738389         1465.076163                
O              276                                                      
    0.1151715070         8.779599147         4.383583129                
     1.967063041         9.443984429        -9.027117307                
     18460.92362         16530.55566         1981.189263                
O              277                                                      
   -0.7882855871E-01    -2.956549083         4.184044711                
     2.766185536         3.021683312        -3.658143076                
    -2986.898483        -9277.359655        -16769.72555                
O              278                                                      
     10.10552129        -6.919403546         2.657867674                
    0.1065710013         2.068800002         2.564183866                
     16256.84170         5155.126379        -3550.237743                
O              279                                                      
    -9.980924992        -3.157328796         2.438012598                
   -0.6997681394         2.632218077       -0.2082430381                
     9866.299736        -8941.439709        -12802.78094                
O              280                                                      
   -0.9623295705E-01    -7.126737672         4.057194494                
     1.752008211        -6.703183571        -1.804339710                
    -9619.216876         2978.668814         16020.06535                
O              281                                                      
     8.714424113        -5.048405166         1.847300856                
     1.777261321        -4.629813145        -4.805374062                
    -1736.620843        -7152.383747        -7549.930067                
O              282                                                      
    -1.610628135        -5.149496256         4.454627096                
    -3.046354794         9.247589842        -2.311729725                
     3558.606507         33354.78288         2730.775833                
O              283                                                      
     3.735037092        -5.013650897         2.367732609                
     7.917293496         9.312623607        -4.085079240                
    -2633.318196         1441.039359        -17309.72822                
O              284                                                      
    -6.204719184        -5.238078927         4.684088265                
    -3.229060284         1.489156846         6.417482157                
    -2176.066813         11313.28601         4253.645312                
O              285                                                      
     4.201245449         5.113800581        0.4624707902                
    -7.789835009        -7.785692759         5.945882777                
     7137.810498        -2771.337382         21038.83257                
O              286                                                      
    -5.930391976         5.107692519         6.314519113                
    -10.65857337        -1.434974400         5.467461694                
    -1918.630976         897.6066258        -7289.933195                
O              287                                                      
     8.059968285         4.879953869        0.5957242606                
     10.83686982         1.096124432        -4.685304961                
     10.21567418         2914.720193        -12170.54037                
O              288                                                      
    -2.124693033         5.010701360         6.352375135                
    -2.873804762       -0.9255863587         2.955529636                
    -11440.54468         22453.01523        -719.0854517                
C              289                                                      
   -0.6339733183         5.620735299         1.619108733                
    -3.983729463         2.944340704        0.7877422895E-01            
    -108.2399390        -66.81073052        -22.09134730                
C              290                                                      
    0.1992103830         4.521762740         1.378322538                
     3.749264796         8.713391361        0.5064416603                
    -123.5801184        -106.2208796        -46.54069525                
C              291                                                      
   -0.3524194404         3.300773083        0.9722575270                
     12.75370961         5.951393670        -3.420884374                
    -132.7877742        -27.98663326        -145.6672686                
C              292                                                      
    -1.737232965         3.178755984        0.8069787106                
     14.02516017        -2.579654679        -7.775877843                
     157.0534091         197.8496183        -59.81926537                
C              293                                                      
    -2.570416667         4.277728546         1.047764906                
     6.292165897        -8.348705339        -8.203545271                
     3.558257660        -111.8350891         67.19584719                
C              294                                                      
    -2.018786844         5.498718202         1.453829917                
    -2.712278913        -5.586707649        -4.276219238                
    -61.89355890        -161.3397642         12.29908418                
H              295                                                      
   -0.2084303113         6.562641607         1.932358884                
    -10.93001547         5.075024638         3.108425745                
     99.82118181         97.50116661         74.97106744                
H              296                                                      
     1.267513397         4.615882157         1.505822716                
     2.768484806         15.29460376         3.866047500                
     265.9681551         112.0297762         5.520201959                
H              297                                                      
    0.2903405677         2.452986192        0.7865075536                
     18.71921563         10.40192213        -3.090930050                
     26.73893396         8.566814239         190.0097926                
H              298                                                      
    -2.162775972         2.236849677        0.4937285593                
     20.97144617        -4.710338613        -10.80552936                
     1175.077937         291.3851757         587.0692861                
H              299                                                      
    -3.638719681         4.183609127        0.9202647273                
     7.272945896        -14.92991773        -11.56315111                
     32.24641246         198.0737302         32.85067502                
H              300                                                      
    -2.661546852         6.346505092         1.639579890                
    -8.677784926        -10.03723611        -4.606173565                
     126.1162137         48.54293818        -114.1896195                
