Diffusion in Zeolites. ZSM5 (Silicate) Crystal Structure, Si(96)O(192) +
         2         2       300    133340   1.0000000E-03   1.3334000E+02
       20.3183600000        0.0000000000        0.0000000000            
        0.0000000000       20.1714600000        0.0000000000            
        0.0000000000        0.0000000000       13.5858629500            
Si               1                                                      
     1.564576897        -1.236210394        -4.743206424                
   -0.5701639218         6.314753666         1.271437782                
     31089.41687        -197.5881400         2709.048844                
Si               2                                                      
    -8.427656991        -8.895561707        -2.366168763                
    -3.309647894        0.5674769747        -1.384266008                
     10713.50569         8570.687571         17015.73884                
Si               3                                                      
    -8.511432304        -1.110586816        -2.067829876                
    -2.457369800         2.110280949         2.373706233                
    -5483.327450        -5247.426431        -18593.89771                
Si               4                                                      
     1.699102601        -8.923033983        -4.774788482                
   -0.8377448213         3.212883794        -5.393855921                
     14752.34312         25398.57391        -15159.90027                
Si               5                                                      
     3.991278160       -0.8440932069        -2.740057595                
     4.351021343        0.9678337088        -2.479972602                
    -8015.677153        -4573.308984        -36493.96100                
Si               6                                                      
    -5.981091597        -9.556871637        -4.169545655                
   -0.7393335378        -2.949028360         1.880442273                
     1999.865582         29263.77415         15048.02137                
Si               7                                                      
    -6.195409889       -0.5737024219        -4.153549759                
     1.116323430         1.958090970         2.051781512                
    -7026.638419        -10906.70233         19032.40757                
Si               8                                                      
     4.084854331        -9.533660696        -2.811430117                
    -1.959355131         1.578297738        -1.544648392                
    -15413.21799        -4408.713274        -24263.21985                
Si               9                                                      
     5.644522517         1.066406081        -6.437583010                
    -3.175165025         4.780167071        -1.610785585                
     6380.286967        -23383.11993        -24333.99788                
Si              10                                                      
    -4.538542920         8.804942641       -0.2894305111                
    0.7333429279        -1.107817971         2.803237483                
     8540.834763        -1271.102510        -921.1394234                
Si              11                                                      
    -4.534103740         1.083487730       -0.3402536793                
     1.953065136        -1.587827251         3.672528897                
    -22377.65793         4039.222156         22391.98094                
Si              12                                                      
     5.812691991         8.882018397        -6.578162717                
     1.829564162        -3.240005610         3.133432429                
     2431.315336        -18646.77760        -13575.78287                
Si              13                                                      
     2.428229058         1.240739082        -6.580871417                
    0.6164503111       -0.5254886768         4.279738861                
     14296.56499        -7750.080939         24596.75345                
Si              14                                                      
    -7.708677290         8.798991346       -0.3926726369                
   -0.4726674696        -5.358555482        -1.642929694                
     7593.981026         14164.67419         4521.167310                
Si              15                                                      
    -7.714007806         1.314855749       -0.2434998929                
     1.785680187         2.657754571       -0.9645309519                
    -4891.465213         4316.696000         13395.21874                
Si              16                                                      
     2.586203838         8.869272809        -6.600695220                
     5.011893977         3.177289795        -7.858874851                
     31247.66132        -14441.18677        -10642.06947                
Si              17                                                      
     8.765213680       -0.6394784427        -2.506887768                
    -4.830048956        -5.572318693         3.439695655                
     16927.71959        -960.3740791         1699.228752                
Si              18                                                      
    -1.288490948        -9.573229947        -4.181251099                
    0.3671695735       -0.6670020379         2.785015643                
    -6864.327146         12638.02681        -19482.26564                
Si              19                                                      
    -1.414292233       -0.5551619124        -4.227236341                
    0.4100225781       -0.7047259227        -4.911208534                
     9406.434316         9515.136296         2150.757120                
Si              20                                                      
     8.873485860        -9.556746926        -2.691428221                
    0.9799224918        -2.505361619        -1.646437601                
     17222.69851         7706.550222        -11945.22802                
Si              21                                                      
     6.588817822        -1.369495654        -4.606424693                
    -4.590662314       -0.8274575285       -0.4494373587                
    -10590.30232        -11549.68380         10649.69113                
Si              22                                                      
    -3.580082217        -9.047663157        -2.177549713                
     6.561964307        -1.821076165         3.191482890                
     1521.983013         33690.46056        -8232.439191                
Si              23                                                      
    -3.725859063        -1.273596378        -2.240631207                
     2.872614083         1.353126978        -2.334480864                
     7636.306366        -2031.921106        -24795.23407                
Si              24                                                      
     6.566779656        -8.978083574        -4.652151286                
    -1.244833088        -2.625315542       -0.6253175034                
    -3758.763454         12251.99899        -5464.856068                
Si              25                                                      
     1.642416762         3.429396605        -4.500532585                
     1.959853594        -1.842569083        -3.690125624                
     10638.60571        -9376.762593         4678.209984                
Si              26                                                      
    -8.524786685         6.633274105        -2.452659111                
   -0.7159753139        -4.045889906        -5.046970642                
    -8662.875311         8377.401517         7717.387623                
Si              27                                                      
    -8.546735393         3.528307708        -2.264994014                
    -3.502073391        -1.593624594        -2.117375952                
     7182.491136        -7717.467379        -6601.202094                
Si              28                                                      
     1.613841698         6.560196862        -4.625090499                
     3.300452999        -1.585634371         4.364367875                
     15307.04974         11604.37078         381.5457463                
Si              29                                                      
     4.092256250         2.355578767        -2.739489895                
   -0.5175209899       -0.6758414417        -1.425576061                
    -17459.17334        -2152.124193        -13166.45618                
Si              30                                                      
    -6.096784919         7.480627680        -4.212133235                
     3.042021354        0.4941046925        -1.368580254                
     13011.99664         8418.468899         295.8676531                
Si              31                                                      
    -6.166940510         2.567085439        -4.085567664                
     3.303841318        -1.462207163         3.361099801                
    -670.8601676         5531.317391        -929.4538118                
Si              32                                                      
     4.033613870         7.469935732        -2.814933553                
   -0.2649869311        0.2985854753        -3.401849695                
     15665.70148        -21635.91652         1492.875384                
Si              33                                                      
     5.807167119        -3.591773533        -6.579647331                
    -4.001558139         1.537235029         1.042939658                
    -3128.776949         24351.07408        -1749.655052                
Si              34                                                      
    -4.285051915        -6.660988313       -0.2502190339                
     5.729434655        -1.069129185        -1.180011817                
    -15233.40072        -9020.179672        -10786.36964                
Si              35                                                      
    -4.276099341        -3.585730390       -0.2321141540                
     3.416400191       -0.9067921444         2.353089209                
    -26060.96640        -6914.341743        -9272.928977                
Si              36                                                      
     5.848499969        -6.589888453        -6.525464056                
   -0.1387556891         4.030711194        0.9376946143                
     5889.234676        -17767.76088         13708.01501                
Si              37                                                      
     2.659280784        -3.477558641        -6.606592814                
    -5.096491578        -4.942287303         1.683940027                
     5707.997118        -14153.23730        -10238.07215                
Si              38                                                      
    -7.502866172        -6.538836260       -0.4595606594                
     2.127737794        -2.710326315         2.555343717                
     4935.448559         9811.304234         7813.956262                
Si              39                                                      
    -7.541584976        -3.417477125       -0.1273050234                
   -0.6815025843E-01     3.217870689         2.039059369                
     3451.293211        -3972.695134        -16732.72391                
Si              40                                                      
     2.681727048        -6.600396852        -6.651062668                
    0.1868444214        -2.419163331        -1.716213553                
     9848.237955        -10429.78010         17972.60377                
Si              41                                                      
     8.825131727         2.532825981        -2.650186767                
     2.404986301         3.057123466        0.2706717191                
     5300.028579        -14383.80887         5305.482121                
Si              42                                                      
    -1.417599816         7.457403585        -4.159837113                
    -2.162695520        -4.922572733        -2.601489816                
     414.3276311        -21634.75827        -21296.08342                
Si              43                                                      
    -1.322711916         2.634863836        -4.065489800                
     3.872165600         5.815222912        0.3408209585                
    -4388.094570        -12866.89512        -6774.688167                
Si              44                                                      
     8.804900548         7.485709879        -2.748844727                
    -3.725138178         2.850940144         1.002900420                
    -7520.601098         4030.775163         8755.634587                
Si              45                                                      
     6.527881709         3.317161923        -4.599911166                
     5.101646495        -3.488987693        -3.961181841                
     7889.854942         23536.94221        -736.2416246                
Si              46                                                      
    -3.766325267         6.535179385        -2.263644667                
     1.472844084        -3.080035550       -0.1012303997                
    -4251.976477         29693.87520        -8391.750044                
Si              47                                                      
    -3.688541839         3.425193498        -2.222201270                
     4.499719213         4.123049600         2.621319945                
    -26770.50991         3830.326287        -4612.616217                
Si              48                                                      
     6.489269367         6.487348777        -4.642089865                
     1.320531465         6.123055394         2.105662070                
     5276.645945         15332.64126        -5917.068118                
Si              49                                                      
     8.506766420         1.245752742         2.185705688                
     3.833110333       -0.8505058985         2.249247308                
    -11805.59959        -3817.346318        -15324.30774                
Si              50                                                      
    -1.584206052         8.859039878         4.571432098                
    -1.526268454         3.861254902         2.271778022                
     10807.18773         12668.66759        -1788.047156                
Si              51                                                      
    -1.656902887         1.213628224         4.616176833                
   -0.6573537453         1.156554410        0.6585302968                
    -12340.50662        -8986.542314         33038.69106                
Si              52                                                      
     8.531395969         8.861471042         2.088749809                
    0.1630588589        -3.235575004        0.7421899637                
     31297.63817        -7976.682419         16649.72314                
Si              53                                                      
     6.193338123        0.4818052889         4.080102752                
   -0.6873722585       -0.7603183785        -1.130635689                
    -10853.45692        -7287.031002        -5160.180823                
Si              54                                                      
    -3.994567794         9.434165497         2.727083694                
    -3.292208527        -6.452344358         5.515129047                
     4634.861583         21829.53658         14064.21424                
Si              55                                                      
    -4.055042237        0.5605358855         2.761253326                
    -1.007996069         1.377261724        -1.242061157                
    -11225.12719        -4598.198008        -18620.97868                
Si              56                                                      
     6.182736632         9.611125932         3.982539542                
    0.6069077253        0.9954352646         3.225587625                
     12447.42926         230.4850646        -11121.17330                
Si              57                                                      
     4.379304198        -1.225091222        0.2949136651                
    -4.241306005         5.126663033         5.212118345                
     13007.65139        -6908.806953        -15163.46725                
Si              58                                                      
    -5.678888989        -8.859889817         6.415660960                
     6.101547891        0.1798102842        -1.849066808                
     3970.068594        -5069.870236         18540.53795                
Si              59                                                      
    -5.657482764        -1.376573066         6.547460575                
    -4.159230653        0.2213420750        -5.168855241                
    -15401.19549         24248.08466        -19256.90403                
Si              60                                                      
     4.545473642        -9.003380402        0.2132791402                
     5.271847266        -2.234387697         3.589762303                
    -7358.799808         2501.959216         14751.51569                
Si              61                                                      
     7.539833816        -1.223287250        0.3551764454                
     1.315587865       -0.2239949471       -0.7829643815                
     834.9489531         11940.95942        -12852.73497                
Si              62                                                      
    -2.493443526        -8.903714042         6.494495067                
     1.674923186        -1.767764303        -1.983139172                
     1658.337844        -9673.206196         5260.342755                
Si              63                                                      
    -2.525087691        -1.276073121         6.455712184                
     2.416434237        0.7448074541        -4.384404165                
     10612.03096         5060.599969         12589.23139                
Si              64                                                      
     7.757980491        -8.878435035        0.1733491087                
    -3.869062809         3.600195723         3.911925970                
    -26270.66315        -19884.49927         13792.07441                
Si              65                                                      
     1.322014982        0.6005200592         4.140491304                
   -0.8185716103       -0.9973714867        -8.242720618                
     8291.586620        -5656.586111         28.01308789                
Si              66                                                      
    -8.729443549         9.530642671         2.532625652                
    -5.565729606       -0.2788387818         3.420488272                
    -1309.863557        -9331.879301        -20010.94120                
Si              67                                                      
    -8.805725773        0.7037503779         2.681941186                
    -1.589744190        -5.252213507         2.876789472                
    -6211.479568         8207.085856        -13171.92766                
Si              68                                                      
     1.443237438         9.336046996         4.106458425                
    0.9001939473         4.203497093         2.199780118                
     26735.05188         20777.49398        -19297.30646                
Si              69                                                      
     3.682631113         1.141946624         2.204980169                
     1.038969711        -3.257168762        0.5353321739                
     4123.925496         6131.093789        -10202.04597                
Si              70                                                      
    -6.468450599         8.877774610         4.589312540                
     1.600131718         4.577953012        -5.544474893                
    -17169.63549        -3200.034479        -22473.10109                
Si              71                                                      
    -6.515401701         1.085562017         4.656485026                
   -0.7256151867         2.830508915        -1.770031298                
     7338.036333         4456.278701         9252.810984                
Si              72                                                      
     3.790689468         8.670187111         2.099479244                
     2.799908190         1.793820106         4.552089258                
    -10236.46907         19051.67000         7346.517645                
Si              73                                                      
     8.574939885        -3.528917190         2.140732970                
    -2.844880980        -5.080872268         2.969761944                
     5945.164355        -7703.223883        -5483.585026                
Si              74                                                      
    -1.439988717        -6.696329002         4.607308451                
    -4.767041453        -2.540659634         2.224660253                
    -1627.036395         5356.516991        -18178.60203                
Si              75                                                      
    -1.426541099        -3.542223926         4.594145959                
   -0.1108316072        -2.099361070        -1.818825249                
    -2175.675175        -1934.254697        -2556.894714                
Si              76                                                      
     8.659410197        -6.651223720         2.155749069                
    -5.155458651        -2.958602202        -7.881661792                
    -3613.368432         3326.498891         8777.266262                
Si              77                                                      
     6.342726270        -2.707661784         4.073234202                
    -3.117508607        -1.692848909         3.010913126                
    -16550.11405        -8508.868930        -8146.194027                
Si              78                                                      
    -3.855565483        -7.515914945         2.765997881                
   -0.9372378986        -2.935868259        -2.467831123                
     5322.133541        -22580.09365        -1094.010954                
Si              79                                                      
    -3.886707501        -2.634710521         2.759898666                
    -4.452192269         1.990517116         3.485886495                
     5254.885664         5997.794114        -15147.75441                
Si              80                                                      
     6.276916130        -7.360321645         4.063684262                
     1.783411630        0.9241163788       -0.5093789385                
    -2162.305270        -17325.36021        -22805.14169                
Si              81                                                      
     4.571348620         3.337795744        0.2300908586                
    0.2575984983       -0.4452501324         2.628510056                
     14877.05123         4734.547105        -2667.917463                
Si              82                                                      
    -5.514136969         6.566687613         6.351641245                
    -4.722356888         1.068085966         1.493270292                
     1966.689449        -13742.61479         28794.02171                
Si              83                                                      
    -5.633679380         3.450988574         6.551892260                
     2.563473815        -2.145637219        -2.103690509                
     4261.387331        -18921.97951         2152.179529                
Si              84                                                      
     4.553003235         6.399549280        0.1295625113                
    0.3649770750        0.6723972321         2.669303023                
     9385.427523         6327.853544        -9225.647713                
Si              85                                                      
     7.789723115         3.539999022        0.1599596146                
    -2.656412058        0.9016219334        -4.169745126                
    -21114.53575        -27910.36610         13631.77187                
Si              86                                                      
    -2.369906044         6.581853446         6.507818142                
     3.386275645         2.439545711         1.807948767                
     1266.639023        -9813.359394        -3156.984456                
Si              87                                                      
    -2.434636150         3.415809003         6.650464492                
   -0.4906164541E-01    -3.316500714        -3.329716978                
     3786.128327         24319.33551         10013.20335                
Si              88                                                      
     7.768833493         6.572031364        0.1270741806                
    -2.233818363        -3.234262059         1.391670284                
    -3320.447499         7934.251522         6086.136404                
Si              89                                                      
     1.531185845        -2.553992772         4.177811294                
     7.407001748        -8.406849975        -1.392098684                
     31251.73770        -13031.83413        -13266.86089                
Si              90                                                      
    -8.641297076        -7.515606258         2.335654135                
   -0.1587184866       -0.8894911340         2.009817027                
    -3338.442938         19780.39098         21803.77816                
Si              91                                                      
    -8.793110165        -2.456231803         2.624645669                
    -4.056365750        -4.497299886        -2.208797986                
    -8404.750253         11090.44304        -9816.292517                
Si              92                                                      
     1.562697413        -7.653838016         4.170516408                
    -4.321623379       -0.8634909062         5.317450355                
     2245.448560        -10132.34098        -11912.61310                
Si              93                                                      
     3.849454500        -3.539407691         2.259679947                
     3.748701556       -0.1584731414         5.273320824                
    -3555.859090        -11631.05241        -7932.029777                
Si              94                                                      
    -6.422135118        -6.616047494         4.412755956                
    -3.316984400        -5.111162686       -0.1071394850                
     17916.64994         7931.931788         14275.01126                
Si              95                                                      
    -6.416182102        -3.467168916         4.456564714                
     3.083296467        -7.399692875         3.629967514                
    -22001.18281        -15243.87682         3084.476305                
Si              96                                                      
     3.787582117        -6.697042093         2.214707412                
     1.686292282        -3.756616444        -1.298020091                
     16125.90608         23261.06647        -13257.37532                
O               97                                                      
     2.628658200        -1.186070865        -3.566008887                
    -1.897792671        -4.036041050        -3.926389846                
     15246.90437        -6148.505937         5882.375454                
O               98                                                      
    -7.319092606        -9.134912791        -3.423887671                
     4.362179886         5.962613087       -0.2773856443                
     5122.818008         1764.860751        -2851.725389                
O               99                                                      
    -7.499299353        -1.024725290        -3.349168046                
     2.537835751        -4.409952712         3.196942394                
     3441.816934         6220.482435         20340.01881                
O              100                                                      
     2.787287983        -9.123621887        -3.666188058                
     4.772910966         2.656309184         5.375559610                
    -592.7488635        -7324.184554         14754.73791                
O              101                                                      
     4.010532370        -1.269139306        -1.247436623                
   -0.3577758828         2.262830846       -0.6183482160                
     1964.044033         9730.733504         5345.511237                
O              102                                                      
    -6.004510321        -8.984044787        -5.617381872                
    -1.717486585        -1.873814404        -9.467993564                
     3276.697460        -4359.737849        -13553.16734                
O              103                                                      
    -6.125387965        -1.101856417        -5.602373127                
     2.480328640         1.788015769         3.347889370                
     2124.221649        -3107.518703         1316.847759                
O              104                                                      
     4.182286008        -9.054468446        -1.353940306                
    -2.761773504       -0.4189367823         2.944172731                
     528.3081332        -2290.010091         23983.15762                
O              105                                                      
     4.052848600         1.225608537        -6.489060200                
     4.945271151        0.8122157752        -6.210263942                
    -1451.825309        -2519.479478        -883.3985957                
O              106                                                      
    -6.095631651         8.730958954       -0.3414212741                
     3.022116220        -8.688434566        0.1262956444                
    -13571.80327         5514.056466        -2545.496339                
O              107                                                      
    -6.149493785         1.161546396       -0.2405530736                
    -2.042373653        -2.855420288        -8.571704662                
     15016.22473         5424.414879        -10133.37183                
O              108                                                      
     4.218759914         8.972808180        -6.598097621                
     3.059381235        -2.547984512        -1.763056433                
    -9130.258245        -8839.185559         1683.380921                
O              109                                                      
     8.151679599        -1.031917705        -1.109535740                
    -4.843049654        -3.397412589        -2.122779577                
    -5036.003017        -3614.644203         3591.568586                
O              110                                                      
    -1.957984212        -9.174423875        -5.610949494                
    -1.571572235         2.452454850        -2.168670031                
     4923.822176        -720.5785080         3098.764661                
O              111                                                      
    -2.018187262       -0.9207170194        -5.659435768                
    -2.146117830        -3.995959546         4.272829482                
     5387.257684        -7995.375853         3543.212422                
O              112                                                      
     8.298866291        -9.158784525        -1.285453358                
    -6.341307404         2.718470563         9.068856893                
     3520.956130         11260.07746         10957.79043                
O              113                                                      
     7.873701508        -1.115360413        -3.694334529                
     3.015469795        0.8552783047       -0.8742404650                
    -16691.69040        -5926.909089        -9322.706069                
O              114                                                      
    -2.217891208        -9.132355588        -2.992056922                
    0.3343134807       -0.3815333049        -1.048280991                
     307.0773741        -7767.004412         660.3201473                
O              115                                                      
    -2.331940482        -1.075334591        -3.055941706                
   -0.8918026224         9.838611163        -3.973545255                
    -17095.44480        -2608.664359         3639.753944                
O              116                                                      
     7.829755705        -9.101981826        -3.759367561                
   -0.6021375963         1.860113534         7.159212033                
     2017.993640        -297.6658965         2870.757680                
O              117                                                      
     5.315785308        -1.298049602        -3.598906168                
    -3.504318490        -9.216800977         1.215662480                
    -5978.494245         8287.838982         8790.852904                
O              118                                                      
    -4.715470615        -9.084981024        -3.277105649                
    -7.982786545       -0.9512267274         1.280160226                
    -8754.669291        -8643.370117        -8187.444312                
O              119                                                      
    -4.875872884        -1.073331521        -3.359982321                
    -1.327215151         4.315917096         3.643415952                
    -2633.847173         1070.465524         8138.674027                
O              120                                                      
     5.261686476        -9.075685800        -3.739940630                
     5.773931314         6.991010344        -1.129060850                
     14056.73078        -5554.820004         5376.415608                
O              121                                                      
     2.790149858         2.913112735        -3.519950111                
    -1.733803464         7.733745759       -0.2015235801                
     3883.813677         6200.130894         9498.573963                
O              122                                                      
    -7.391756989         7.047975884        -3.446269148                
    -2.193022513        0.4743545793         3.944488508                
    -8433.646309         655.1544233        -11142.94782                
O              123                                                      
    -7.429057009         3.076778200        -3.317001931                
     2.587521608        -4.768292810       -0.6256781721                
    -8733.895417         1996.168167         10024.19862                
O              124                                                      
     2.759068881         7.004592194        -3.577162771                
    -7.843311927        0.3282468397        -2.170132789                
    -20710.28254        -4880.075897        -2409.412366                
O              125                                                      
     4.205387054         2.793793264        -1.217037747                
    -5.515816448        0.5330443488        -4.352123392                
     2754.737809         1183.917582        -7755.605087                
O              126                                                      
    -5.885947095         7.018561683        -5.712795903                
   -0.3886084782        -4.757101805        -1.845569293                
    -3370.825609        -3850.207814        -7681.403101                
O              127                                                      
    -6.107032243         3.051728388        -5.584237164                
     1.388075064         1.703582261        -1.483271675                
     3243.847716         3991.504942         921.6295264                
O              128                                                      
     4.152621500         6.899879249        -1.333316859                
     2.239628481        -4.490256941       -0.5447172279                
    -495.3059412        -4102.967894         2926.758381                
O              129                                                      
     4.227365280        -3.397177294        -6.539306495                
   -0.4310768029        0.9615101644       -0.8115751249                
     4523.775543         3324.212560         3438.203451                
O              130                                                      
    -5.906844760        -6.607811409       -0.4280641689                
     5.395393350         2.016292698        0.1194372121                
     5621.608605        -9501.264861         5318.610524                
O              131                                                      
    -5.919948271        -3.450703825       -0.1503032528                
   -0.5555755174        -1.386637625        -3.030474478                
     2250.764136         7003.904948        -2580.389684                
O              132                                                      
     4.273378802        -6.681897942        -6.438704508                
     1.520470067        0.7002818878         2.392995586                
    -4904.551989        -5378.829279        -7300.254455                
O              133                                                      
     8.178119428         3.050790177        -1.283485416                
     1.931134772         2.487076723         8.622609619                
     9127.395941         158.9096521        -4199.703431                
O              134                                                      
    -1.946355639         7.006197835        -5.631508364                
    -6.116909888         5.558258824        -7.686236602                
     5736.043906         7658.579639         10735.81200                
O              135                                                      
    -1.911450391         3.080336151        -5.500695879                
    -3.201892097       -0.1235849766         3.051612157                
     4912.734951        -7812.078649         15711.41470                
O              136                                                      
     8.284036692         7.099808674        -1.271744640                
    -5.980802326        -1.364034332         5.626032229                
    -1165.381945        -6841.511326        -5227.104265                
O              137                                                      
     7.852764184         2.996776845        -3.779969887                
    -1.482284908         3.642758901        -1.520244766                
    -9720.749770        -592.8100193        -5958.052222                
O              138                                                      
    -2.469632636         6.935494695        -3.107720423                
    -1.383233112       -0.6907609624         3.800849867                
     8275.303663        -1431.564165         2546.525263                
O              139                                                      
    -2.366600392         3.101383242        -2.962446229                
    -5.940675567        -2.491949527         3.455663052                
     11363.46711        -340.9694562        -6034.076828                
O              140                                                      
     7.793127202         6.954357370        -3.814925854                
     4.173916471        -6.281974701        -4.482260043                
    -7724.967050        -9400.599765        -4078.112673                
O              141                                                      
     5.304209618         2.921204820        -3.629546448                
    -4.034605711        0.6945690115       -0.2010052271                
     5942.893376        -3785.204352        -382.0399719                
O              142                                                      
    -4.966275525         6.974872949        -3.240343177                
   -0.6904260041       -0.9539757400        -2.015442139                
     9929.235246        -13262.62179         798.6316824                
O              143                                                      
    -4.925068192         3.032017500        -3.211969368                
     4.781398738        -2.228672689        -7.067141784                
     11188.75332         8061.445930         883.8925046                
O              144                                                      
     5.280236918         6.906479570        -3.686947734                
    -4.069397852        -4.835941094        -2.926213961                
    -3655.249725        -2145.749778         2343.025662                
O              145                                                      
     4.024616255        0.7581109601        -2.809273018                
    -1.065036689         1.121165441         5.055774349                
     11455.86356         4630.006409         9735.660888                
O              146                                                      
    -5.972328218         9.077316543        -4.169012664                
     6.109471563         1.391045409         4.983524253                
    -2931.018937        -20417.89462        -9338.233367                
O              147                                                      
    -6.188694700         1.001424791        -4.133180954                
     6.256739480        -4.380852418        0.3061182972                
     3558.643935        -7399.488469         1199.838296                
O              148                                                      
     4.093807049         9.006271176        -2.750750824                
    -2.339447862        -4.190926067        -5.502062855                
     205.9467593         31017.34368        -647.7085110                
O              149                                                      
     8.847544269        0.9261089313        -2.601025947                
     1.831455211         9.778856094        -3.393531192                
    -7684.568131         19893.19664        -2568.452133                
O              150                                                      
    -1.323100487         9.003962691        -4.146349385                
    0.1635122881        -2.186049943        -1.974750325                
     4786.639363         16004.08886         8689.035793                
O              151                                                      
    -1.328447877         1.017201552        -4.043303768                
     1.164014263         1.573027435       -0.4747019002                
    -5927.573431         14981.18740        -2151.218672                
O              152                                                      
     8.867143020         9.053082542        -2.770560773                
     1.574520729         7.840365918        -2.263765548                
     1499.531044         4143.988148        -1934.627676                
O              153                                                      
     1.897937002        -2.571312556        -5.618753593                
     3.977568218        -3.938431977        -1.239658547                
    -7826.647735         20477.52160         16852.41247                
O              154                                                      
    -8.058969150        -7.558752397        -1.495618524                
    0.8369071694        -1.620425609        -2.281094406                
    -9229.327400        -11771.97958        -16120.98243                
O              155                                                      
    -8.134808664        -2.338142551        -1.166677616                
     2.570661548       -0.3432802893        -1.213880778                
     12285.07745        -11928.63510         1474.638880                
O              156                                                      
     2.015252268        -7.570358683        -5.586217118                
   -0.2993005565         5.938029769         2.361977558                
    -4081.270526        -4526.980760         2903.944175                
O              157                                                      
     1.983478213       -0.1031790499E-01    -5.669376115                
    0.1994590700        0.5947325300        -2.769187147                
    -1915.693273        -3188.651634        -18372.47411                
O              158                                                      
    -8.165338578         10.06536068        -1.325767926                
     4.676843688        -4.205721518        -2.020547890                
    -1080.922852        -10230.13508         4208.962011                
O              159                                                      
    -8.252480458        0.1401117693        -1.123275325                
     1.293663947        -4.515294370       -0.1848356397                
     3083.638823        -4512.245628        -14220.37793                
O              160                                                      
     2.065112654        -10.07792224        -5.832025344                
    -6.480625290        0.4472299980        -4.593607938                
    -16352.47958         7477.405367         18917.30722                
O              161                                                      
     1.901045310         2.437287701        -5.718586382                
    -2.004148371         8.837153688       -0.3252500303                
    -2180.850807         16031.44908        -5912.270812                
O              162                                                      
    -8.203028627         7.513618682        -1.163220893                
   -0.6891869341       -0.6065784553        0.7396780565                
    -2004.362408         4856.784510        -2633.049902                
O              163                                                      
    -8.188557580         2.651826769       -0.9767886763                
     2.358950633        0.2163043208        0.6489431046                
     3736.936493         1593.509525        -5781.506558                
O              164                                                      
     2.137144869         7.549036927        -5.801685569                
     6.101978999        -1.493731565        -6.261973093                
    -14284.55619         174.7558509        -542.2239230                
O              165                                                      
     6.402934155        -2.684289016        -5.467211368                
     5.786337072         1.362924249         5.475294736                
     10195.68157         11657.00194         6276.623276                
O              166                                                      
    -3.723531396        -7.725410608        -1.288183059                
     6.658257616         1.833014515        -3.985105108                
    -232.6412023         981.4762104         6671.844387                
O              167                                                      
    -3.814968787        -2.591262293        -1.390789777                
     3.198770385        -2.744509833         2.747370378                
    -1568.041538        -1081.857000         9494.669242                
O              168                                                      
     6.500775205        -7.646091979        -5.488883032                
    -5.807500068         1.486780790        -3.189826428                
    -10944.41020         8938.063420        -15644.78642                
O              169                                                      
     6.260500091       -0.2238640549        -5.627133758                
    -3.017998154         6.445991815        -2.587620067                
    -11809.45341         25459.20631        -4647.676441                
O              170                                                      
    -3.963649105         9.991737540        -1.211763011                
    -1.149094238         5.329446931         3.460631707                
    -2402.643826        -16972.22481         19057.04670                
O              171                                                      
    -4.084873246       -0.1048320891        -1.239164303                
     8.471805866        -1.426753413        -2.008673870                
     8045.198867        -6492.212215        -1117.511799                
O              172                                                      
     6.400188393         9.981954877        -5.654363367                
   -0.8242712363         2.704616911         1.283405082                
    -509.5476279         10373.16997         4418.787158                
O              173                                                      
     6.302691999         2.328080474        -5.808470903                
    -6.462271947         8.825612002        -3.621284098                
    -5188.069587         6539.482492         15025.74833                
O              174                                                      
    -3.970835837         7.549403815        -1.068671735                
    -2.022600913        -3.024988560         2.019963318                
     1644.479504        -7096.227422         7992.402402                
O              175                                                      
    -4.031587151         2.377229269        -1.099165227                
    -3.273287015        -2.590783453         8.051688338                
     8995.734278         3824.731995         11485.60810                
O              176                                                      
     6.269853601         7.509587778        -5.867246558                
   -0.7773947491E-02     4.488971335         2.167989349                
    -4497.764802        -2676.947801         624.8715958                
O              177                                                      
    -10.03224313        -1.058723549        -2.496416635                
   -0.4218685861         6.205938917         1.189655548                
     4916.006436        -5067.185808         3797.251654                
O              178                                                      
    0.2063486116        -9.040109701        -4.323991667                
     1.449461230        0.9026542989         7.873492000                
    -7547.815080        -13972.97356         6150.440902                
O              179                                                      
    0.1265251597       -0.9699435189        -4.321349343                
   -0.9700625601         5.606471997        0.2110126876                
    -28353.15774        -12024.25715         2245.960022                
O              180                                                      
    -9.913364543        -9.007265681        -2.835508002                
    -2.513147326        -1.352604849         4.537420699                
    -19786.74233        -7541.799253         11830.03081                
O              181                                                      
    -10.00909846         3.073503576        -2.654094178                
    0.5399070730         2.233155477       -0.8379695504                
    -2953.744467         3965.766566         3126.471265                
O              182                                                      
    0.9787371669E-01     6.920927000        -4.252524923                
    0.9263562270        -1.398752101         1.462195098                
     5002.933025         1830.297822         4143.508284                
O              183                                                      
    0.1482544307         3.179330341        -4.040673255                
    -2.685355801        -3.244330118         5.897130552                
    -158.2552690        -1891.665183         1477.324366                
O              184                                                      
    -10.03833671         7.011933489        -2.817232266                
     7.745133790        -6.959591914         2.402542729                
     17828.34376        -9491.331818        -1639.791663                
O              185                                                      
     1.746741606         4.992172853        -4.731049152                
    -5.219069040         4.760296229        0.8656801642                
    -4578.934740         398.0924977        -3283.560071                
O              186                                                      
    -8.461520528         5.097286367        -2.260523993                
    -1.877022730        -6.366959175         7.440954580                
    -5015.067652        -10460.51404         6599.896246                
O              187                                                      
     6.560432933         4.922184642        -4.869863935                
     7.209643164         2.678874194         1.138951747                
    -8086.224738        -12206.21595         5155.932177                
O              188                                                      
    -3.741840529         5.025584419        -2.006100194                
    0.1118427255E-01    -7.397925977         4.181413067                
     498.4849268        -29654.99967         4403.348063                
O              189                                                      
     6.096810355        -5.066506720        -6.392150695                
     4.156791704        0.7194617840         1.423811555                
     7245.276219        -18025.12363         4690.824250                
O              190                                                      
    -3.980209871        -5.136098425       -0.4413127300                
    -1.701122437       -0.3978959315       -0.3770999318                
     7367.897027         11415.14037         5935.894563                
O              191                                                      
     2.457810510        -5.051914585        -6.522449405                
     4.797759490        -2.545466755       -0.7708253903                
    -10451.20257         947.4691863        -3359.051969                
O              192                                                      
    -7.798831534        -4.969015613       -0.4778217582                
    -2.551125800         3.577548901         2.309330147                
    -1708.639513         3586.898979         3064.330317                
O              193                                                      
     7.444348825         1.072410889         3.331667151                
     1.564819008        -3.363251522        -3.951897408                
    -2879.397329         3771.115873         3008.929232                
O              194                                                      
    -2.728619504         8.940331943         3.556340328                
     7.668559197        -5.519194614         8.083367610                
    -11642.89802        -2469.257849        -26693.38589                
O              195                                                      
    -2.767662225         1.126747724         3.534210077                
    -1.838903492         2.935854154        -1.579700025                
    -12347.15438         2616.840245        -11208.23724                
O              196                                                      
     7.521061573         9.080935795         3.243273091                
   -0.3759513593        0.4776299776        -2.201974612                
    -16723.13579         4606.518699         3422.687827                
O              197                                                      
     6.013918152        0.8493587159         5.601277495                
     4.077532940        -3.464721885         1.091736847                
    -3097.734153         1352.267916         2183.990222                
O              198                                                      
    -4.158388202         8.999187345         1.256893705                
     3.685541334        -1.120830319         2.290012760                
     4095.730005        -7159.105377        -23030.81266                
O              199                                                      
    -4.173573193        0.8879955371         1.209975339                
    -4.036362063         2.883220507        -5.481558796                
     11206.09568         13448.44247        -6409.914449                
O              200                                                      
     6.195924959         9.151724999         5.468400630                
    -7.030043568        -1.764158853         4.683105610                
    -9295.989737        -3826.966049         17878.38961                
O              201                                                      
     5.984375510        -1.084956765        0.3070407643                
    -2.841846354       -0.7247169312        0.4861167129                
    -15835.30768        -6333.177140        -2482.635462                
O              202                                                      
    -4.079118186        -8.915071805         6.476310437                
    -12.37508401        0.3232292239         7.339084927                
    -715.7715510        -501.2711860        -6558.861218                
O              203                                                      
    -4.082349212        -1.335651016         6.565070934                
    0.5776378481        -2.595327956        -1.976331994                
    -7109.233063        -5500.689870        -7599.178430                
O              204                                                      
     6.125175718        -8.972577472        0.2194940151                
    -3.206135575        -3.513124964        -1.991270875                
     14535.10953         696.8029922        -8638.741345                
O              205                                                      
     1.899891583         1.106158411         5.539053745                
     8.030381104        -6.471201920         1.417777955                
     1426.363325        -6300.441713        -5695.095880                
O              206                                                      
    -8.165144368         9.076620292         1.098647177                
     5.594804873         8.677915243        -1.937341795                
    -6715.303308        -4270.620043        -7656.820568                
O              207                                                      
    -8.251077039         1.114726468         1.216842324                
    0.1667521516        -2.918664563         9.653215277                
    -4028.748771         5144.681496         18459.77470                
O              208                                                      
     2.058320446         8.950693402         5.496625337                
     6.750123452         2.263979256        -1.817632091                
    -6855.585585        -10738.98372         9610.594040                
O              209                                                      
     2.314571244         1.035175627         2.986402544                
    0.4818014677E-01     2.272582590       -0.4879479797                
    -1857.136222         5627.777125         4446.004578                
O              210                                                      
    -7.785847988         9.023705294         3.628109113                
    -2.442749153        -3.317092306         5.227635825                
     25043.17973        -1295.687717         33983.68951                
O              211                                                      
    -7.860840091         1.109482823         3.878997159                
    -4.262746258        -4.632396934        -7.403809877                
    -5639.219531         242.0727942        -7965.091934                
O              212                                                      
     2.424439135         8.788044355         2.973800636                
     3.052174500         11.14367673        -3.050222856                
     9709.050104        -3670.466445        -6826.322561                
O              213                                                      
     4.870075163        0.8751590490         3.205015247                
     1.349326359         3.042690583        -4.670097593                
     8661.141532         534.2367760         13014.68096                
O              214                                                      
    -5.287588871         9.131504871         3.543032014                
     1.197607244         1.448270944         1.358635869                
    -9388.085771        -13818.79445         14796.78489                
O              215                                                      
    -5.398970858        0.9117971484         3.524876844                
    -8.339509180        -5.555316247        -5.668917870                
     10275.77024         5941.379895         6927.094019                
O              216                                                      
     4.971897323         9.023023252         3.128819476                
   -0.7645915187        0.4782263691        -2.243598906                
    -3141.662884        -4887.255719        -1037.523585                
O              217                                                      
     7.569379187        -3.315403385         3.308433326                
    0.4896325303         2.011055195        0.6650289878                
    -2865.421107         10983.99649         3974.681636                
O              218                                                      
    -2.537521050        -7.043508576         3.476742552                
    -2.283250565       -0.5352576703E-01    -1.366372378                
     7087.039384         4040.213095         9548.911196                
O              219                                                      
    -2.574378774        -3.130552034         3.553672939                
     9.691150340        -1.463662757         2.594054499                
    -6082.303669         5088.528911        -7005.039764                
O              220                                                      
     7.580414684        -6.980232867         3.253072540                
    -2.897775398        -6.293080438        -1.281345237                
     559.0872918         1422.013808         7684.882524                
O              221                                                      
     6.251952115        -3.137721698         5.554193616                
   -0.1111091094         5.098232170        -7.181689416                
    -1098.660815        -1691.311144         10882.83677                
O              222                                                      
    -3.992425766        -7.119038448         1.253023609                
   -0.6569445544         1.553192846        0.5224193856                
     283.0295737         9188.256918        -10964.54493                
O              223                                                      
    -3.916955524        -3.151875353         1.225159594                
     5.799852333         2.906335442        0.5614059563E-01            
     9935.837729         5807.542446         17354.31117                
O              224                                                      
     6.181748183        -6.931919576         5.549365956                
    0.3285600469         4.706991519        -2.529682834                
     2730.924730        -1550.342855         8848.806572                
O              225                                                      
     6.173571522         3.379385561        0.3329458376                
     4.192326993         5.136907479         1.007847927                
     4528.474313         1342.094496        -8733.836784                
O              226                                                      
    -3.923795309         6.759687166         6.306904511                
     4.000847763         8.400109596         1.910927028                
    -18114.32157        -7731.196734        -1865.014160                
O              227                                                      
    -4.027588156         3.280908047         6.621141742                
    -6.726905053        -3.476933853         5.897987556                
     2281.086992         1168.747228        -9994.627189                
O              228                                                      
     6.162938043         6.545067839        0.1755232425                
    0.9357638223         2.100285601         2.169733751                
    -838.8288881        -628.6945797        -1724.453638                
O              229                                                      
     2.206023664        -3.002562352         5.544131002                
     1.163920020        -1.540260981        -1.174267024                
    -9984.556227         4319.575641        -2799.249384                
O              230                                                      
    -8.123323154        -7.022756167        0.9532137379                
     2.038930585         4.966785151         1.316321601                
     6081.349534         3719.663372        -8559.347959                
O              231                                                      
    -8.213576813        -2.946482463         1.217469936                
     8.265822146         10.59661797       -0.1930403941                
     10057.20377        -5548.406826         8044.397704                
O              232                                                      
     2.208294574        -7.193831011         5.546718591                
   -0.3400470014         2.747247654         4.822272794                
    -5194.090559         11819.60044        -4536.796485                
O              233                                                      
     2.604834114        -2.995388736         3.038156588                
    -2.238393167        -2.834132163         2.685188088                
    -22760.88531        -893.8916796         12073.65950                
O              234                                                      
    -7.615821353        -7.002312052         3.494811913                
     1.368592960         3.280399471        -3.748591904                
    -10580.86005        -1925.425147        -11738.49105                
O              235                                                      
    -7.776451459        -3.027545837         3.690722921                
    -3.608449166        -4.176607709         3.904091432                
     9344.187613        -4323.579407         2643.784474                
O              236                                                      
     2.529940519        -7.100892931         3.002144654                
    -1.315471419         5.361997663         4.537140486                
    -21656.53793        -5319.277445         19169.79564                
O              237                                                      
     5.041982682        -3.292403644         3.278153319                
   -0.8849095055        -3.177627939        -4.108137088                
     13561.05386         9514.401931        -4298.405574                
O              238                                                      
    -5.074840999        -6.968448360         3.588186176                
    -2.750803908        0.3524623906       -0.8049546469                
    -12883.79334         5990.857388         830.6987983                
O              239                                                      
    -5.194047332        -3.124447263         3.521590221                
    -3.031668601         1.839982189         8.390630933                
     8514.125162         556.5151591        -1279.993321                
O              240                                                      
     5.036548558        -6.916556594         3.193662286                
    -4.109526558       -0.9771360068         1.282591034                
    -6861.191009         9685.351795         46.79171465                
O              241                                                      
     6.302032390        -1.127121568         3.993012787                
     7.087787943        -4.272315749        -3.438491736                
     635.2865508         7057.228269         1260.488672                
O              242                                                      
    -3.892465578        -9.140297049         2.785198478                
     5.762533484        -1.407631584        -4.349993259                
     1288.083973         9573.745549        -3664.247744                
O              243                                                      
    -3.961784333        -1.012252180         2.717402105                
    -1.876638551         6.762818003         3.949243145                
     9332.787663        -22025.05965         11835.71479                
O              244                                                      
     6.160966292        -8.965241971         3.950234097                
   -0.8815756845         3.515813619        -5.428378525                
     4114.706649        -4575.500221         9956.333781                
O              245                                                      
     1.422653452       -0.9985954434         4.069564387                
   -0.8413227820        0.3900048273       -0.6913076625                
    -9327.419694         14641.32317         6436.481346                
O              246                                                      
    -8.649577461        -9.058076973         2.434264354                
    -4.237653459        -4.181116730        -2.791609416                
    -5795.015447        -8257.131528         5964.118820                
O              247                                                      
    -8.792593033       -0.8532478460         2.702373020                
     3.163211617         2.852687331       -0.4339006075                
     3466.624524        -19621.32829         4654.229672                
O              248                                                      
     1.573725348        -9.229034527         4.079924813                
   -0.4426548972       -0.1474887847         1.457650370                
    -2959.089201        -3736.791027        -1390.370572                
O              249                                                      
     8.343723075         2.543733907         1.262636000                
   -0.8842589096        -7.897550432        -2.608538899                
     743.5728216        -6012.650494         1930.512896                
O              250                                                      
    -1.807730027         7.551543655         5.387648228                
   -0.1003246506        -1.891295168        -3.235413382                
     13913.15594        -8486.044898         12401.72168                
O              251                                                      
    -1.774731342         2.460959629         5.605795013                
    -2.656815249         1.540702292         10.13349205                
    -12700.79302        -6734.405539        -14645.32137                
O              252                                                      
     8.313419805         7.518944048         1.272679116                
    -4.086515476        -2.884319356        0.1389682682                
    -4451.339806         5470.878557        -4248.397232                
O              253                                                      
     8.046537387       -0.3554500496E-01     1.249723519                
    -6.214246833        0.6491926195         7.118139980                
     15081.17676         17156.44424         12117.49040                
O              254                                                      
    -1.937031094         10.08402761         5.521620639                
     4.076967055         3.016388435        -6.245489143                
    -152.1760524         9465.813294         15189.54397                
O              255                                                      
    -2.083897140       -0.9071895195E-01     5.525796691                
     2.300251628        -7.060251369        -3.539548103                
     2643.830536         14723.66916        -11164.36699                
O              256                                                      
     8.204542645         10.04262713         1.108185918                
    -1.088482194        0.2428310063         3.586525025                
     3775.272951         12167.11610        -13814.01295                
O              257                                                      
     7.949838943        -2.570793226         1.030035317                
    -6.185411594        -6.998259613         5.020230322                
     9722.458723        -7699.145586         6393.079388                
O              258                                                      
    -1.972421120        -7.565900278         5.808028435                
     2.362619165         7.043320436        -5.436714654                
     5066.891803        -5729.909482         796.5869740                
O              259                                                      
    -1.925629041        -2.569033309         5.756774037                
     2.634463240         3.724611796       -0.8666698208                
     5341.037162        -1489.203280         1483.958659                
O              260                                                      
     8.219233887        -7.609814765        0.9722506364                
    0.5264314940         3.967635787         2.415015619                
     10314.37772        -1046.768863        -8465.882911                
O              261                                                      
     3.970510208         2.455189057         1.331445713                
   -0.2962320421        -1.792618966        -3.244815370                
    -10403.61023        -15228.55025         15965.34167                
O              262                                                      
    -6.247663412         7.491195369         5.353836824                
    -2.792125278         5.569598859         1.811050462                
     1795.397514         14283.83762        -8868.113444                
O              263                                                      
    -6.198643622         2.391787030         5.508675965                
    -1.465659615         6.165362367        0.9081431372                
     1946.887144         4796.623805         187.1619729                
O              264                                                      
     4.005626663         7.401187786         1.202863259                
    0.1252966998         4.492542067        -2.868991222                
    -3388.743944        -3708.324668         8205.387568                
O              265                                                      
     3.865644559        0.1337639761E-01     1.101785292                
     2.261631676         9.178647939         1.208465861                
    -8451.600188        -2826.311892         4318.966673                
O              266                                                      
    -6.249380747         10.02422924         5.649320218                
    -1.499618824         3.185802606        -6.680440594                
     825.7831909         3094.448881        -1609.552927                
O              267                                                      
    -6.220083549       -0.1350129249         5.608704844                
    0.8116521346        -4.779993292        -3.328767708                
     8430.274662        -10734.61043         9529.124985                
O              268                                                      
     3.977749226         9.868849922         1.049668579                
   -0.4461014065        -2.459210063         3.215597896                
     5801.364389         15432.61981        -10213.23772                
O              269                                                      
     4.045921230        -2.569998125         1.006030861                
     1.108102031         2.264844632        -4.937406891                
     761.5432643        -598.5709758         16510.50460                
O              270                                                      
    -6.169095810        -7.618058080         5.631500266                
   -0.9800302984        -2.556996072        -2.310982259                
    -9435.381031         7471.250973        -9332.600189                
O              271                                                      
    -6.163029097        -2.581733086         5.715646518                
    -6.138843236         8.085678597         2.261948402                
     3499.383097        -6290.253878         332.4893494                
O              272                                                      
     4.084038974        -7.688593137         1.034658800                
     2.660540583         3.006814241        -2.850624390                
    -2414.200795        -14679.69714        -11655.84335                
O              273                                                      
   -0.2001666739        0.9873313986         4.250597856                
     4.345105714         11.34486584        -7.137510242                
     20450.77681        -967.8234572        -20915.72803                
O              274                                                      
     10.10599461         9.047101880         2.572314508                
    -2.372533857         2.026847719       -0.3193933616                
    -25711.61890         2214.077734        -11497.08385                
O              275                                                      
     9.979620359         1.122491774         2.660851171                
    -1.273095742        -7.153322251         5.715143884                
     10988.61888        -858.7246894         483.0625447                
O              276                                                      
   -0.6816146597E-01     9.067425441         4.047739299                
     1.798732202        -2.182705619        0.1431476374                
    -24277.44329        -16922.16547         10827.73455                
O              277                                                      
    0.1067836664        -3.205152609         4.239091918                
   -0.7852305263E-02    -5.035880661        -4.202156211                
    -18044.30005         6702.504625        -835.7370187                
O              278                                                      
    -10.15075206        -6.966444605         2.528525438                
     1.973267743        -3.816918658        -3.338647290                
     9197.836095        -9811.942047        -11730.19833                
O              279                                                      
     10.01197860        -2.921566447         2.501441576                
     7.689310601         4.742222310        0.4761643234                
    -1053.451091        -12052.99795         3021.977939                
O              280                                                      
    0.3466825713E-01    -7.186512301         4.192173976                
    -6.111594625         4.955782048        -3.396195589                
    -964.7838503         9365.256083         11141.56923                
O              281                                                      
     8.579447031        -5.108257466         1.916903618                
     3.889116579        -8.868279527        -5.766347234                
     8845.216451         15021.87180        -4946.331325                
O              282                                                      
    -1.465395029        -5.102190802         4.770820011                
   -0.1212128766         8.537389926        -4.737815845                
     3385.164274        -9723.584367         1985.890005                
O              283                                                      
     3.700602584        -5.089020607         1.927649623                
     2.034955711         2.171687838        -3.720244990                
     6144.905034        -10675.14325         9089.124757                
O              284                                                      
    -6.435364709        -5.043678227         4.748976445                
    -4.800414059        -1.713416298        -5.233051245                
    -2675.578756        -2013.841668        -15663.90048                
O              285                                                      
     4.234781856         4.869296981        0.3121145137                
   -0.3376199953        -2.920136713         3.238860742                
    -1265.301737         7749.704614        -3031.951572                
O              286                                                      
    -5.778779477         4.973635704         6.315106988                
    -4.768667064        -5.974231608        -1.870432974                
     64.05207833         22865.95876        -8986.376833                
O              287                                                      
     8.102186144         5.036469601        0.2658609649                
    -2.934269617        -4.050034991         1.239544740                
     2615.594339         13761.45826        -2197.552095                
O              288                                                      
    -2.134069838         5.000526527         6.451565379                
   -0.4498218980         9.998576808        -4.995384303                
    -7988.286004        -4972.315130        -6473.492828                
C              289                                                      
   -0.4249823217         3.429990808        0.9990622010                
   -0.6151047230         1.392951873        -1.822344466                
    -99.48389465        -36.02665116         22.25637618                
C              290                                                      
    -1.731160462         3.880473427         1.224623359                
    -1.214137455       -0.3578663240        -1.794548422                
     41.55122640         23.87583274         2.402750252                
C              291                                                      
    -1.992775927         5.252949214         1.313322624                
    -2.951966654       -0.7296163328        -1.167994296                
     17.37153670        -110.9393353         11.67860637                
C              292                                                      
   -0.9482132547         6.174942383         1.176460732                
    -4.090763123        0.6494518535       -0.5692362136                
    -25.58232096        -83.11782518        -33.64681268                
C              293                                                      
    0.3579648861         5.724459762        0.9508995735                
    -3.491730389         2.400270052       -0.5970322576                
    -114.0295899        -41.81845644        -41.21171193                
C              294                                                      
    0.6195803523         4.351983975        0.8622003083                
    -1.753901190         2.772020061        -1.223586383                
    -196.2054441        -41.52398048        -5.000416716                
H              295                                                      
   -0.2231646760         2.371223771        0.9306370534                
    0.7255063752         1.679730452        -2.305686220                
     99.73345660         20.90452988        -84.64590478                
H              296                                                      
    -2.536985342         3.169217665         1.330205522                
   -0.3356328706        -1.421744741        -2.256452224                
     174.4019859         217.7303002         42.19961190                
H              297                                                      
    -3.000418455         5.600460489         1.487329935                
    -3.414073168        -2.080273332        -1.146556343                
    -1.219184599         89.17981105        -15.86899743                
H              298                                                      
    -1.150030900         7.233709419         1.244885879                
    -5.431374220        0.3626732748       -0.8589445919E-01            
     34.65862841         43.76992429         5.673851526                
H              299                                                      
     1.163789766         6.435715525        0.8453174101                
    -4.370234975         3.464148469       -0.1351284554                
    -33.35601662       -0.2988640906         99.77387794                
H              300                                                      
     1.627222879         4.004472702        0.6881929971                
    -1.291794679         4.122677059        -1.245024335                
    -278.7950282         132.1186087         101.4336117                
