Diffusion in Zeolites. ZSM5 (Silicate) Crystal Structure, Si(96)O(192) +
         2         2       300    133340   1.0000000E-03   1.3334000E+02
       20.3183600000        0.0000000000        0.0000000000            
        0.0000000000       20.1714600000        0.0000000000            
        0.0000000000        0.0000000000       13.5858629500            
Si               1                                                      
     1.625682830        -1.392628805        -4.747643773                
   -0.9602808719        0.9269412732         5.389253740                
    -21340.30864         10778.01554         10965.18556                
Si               2                                                      
    -8.373929098        -8.783561411        -2.210571691                
    -2.016189128         1.781252701       -0.3583530998                
    -11452.03344        -23586.00353         3029.550178                
Si               3                                                      
    -8.600852255        -1.217497561        -2.332880402                
    -2.072211839         1.346185365         1.849249988                
    -3991.358871         4496.863013        -962.4593937                
Si               4                                                      
     1.698330547        -8.850152005        -4.561611840                
    -4.018207281        -2.553678579        -2.817774188                
     3175.740499        -7780.157819        -16.95794553                
Si               5                                                      
     3.816988335       -0.7426905272        -2.672827073                
     1.226676105        0.9194907742         6.719741607                
     13703.66738         5.805116817         9275.321612                
Si               6                                                      
    -6.148059740        -9.507096998        -4.220284591                
     4.106668662        -2.901543086         1.845817087                
     5862.059347        -7694.526710         4754.964749                
Si               7                                                      
    -6.290971809       -0.6448827964        -4.264097122                
     4.549528608        -2.763498140        0.4170074158                
     22982.74931         6345.400365         4637.299373                
Si               8                                                      
     4.109987235        -9.464808686        -2.671850430                
    0.1681150530E-01     2.104571715        -1.120917474                
    -457.4924718        -4912.325395         5467.828314                
Si               9                                                      
     5.554637614         1.063802962        -6.542185097                
   -0.2755015694        -3.106064256        0.5790129341E-01            
     17477.46876         21118.93294         14765.05682                
Si              10                                                      
    -4.452259553         8.978950996       -0.4514926373                
    -8.009138679       -0.8357441175        -2.099242652                
     31002.76603        -23493.48065         18152.30840                
Si              11                                                      
    -4.494655032         1.251599968       -0.4741200429                
     2.019977401        -4.104436764       -0.2792988467                
     9104.086104         3456.025800         13025.40565                
Si              12                                                      
     5.827420505         8.801342503        -6.261437279                
     1.397933771         2.128640856        -2.224863968                
    -10866.68311        -18136.47194        -1583.468735                
Si              13                                                      
     2.427113234         1.139838126        -6.539719237                
    -6.616760139         1.179799140       -0.7004212141                
    -3549.874280         14481.47163         20564.25693                
Si              14                                                      
    -7.537325706         8.919933141       -0.3394244713                
   -0.9186027888       -0.3157036978        -5.039573588                
    -5709.366207         10349.64341         2061.515859                
Si              15                                                      
    -7.635908982         1.136639636       -0.4229251101                
    0.1113930659        -3.547113567        0.5488855499                
    -9387.456701         4113.233190        -7594.361558                
Si              16                                                      
     2.614407864         8.803364079        -6.379165153                
   -0.4774821808        -2.916927002       -0.1646620287                
    -3902.124035        -1128.848344         15599.86001                
Si              17                                                      
     8.746806211       -0.6115961981        -2.689153751                
    0.1757697650        -1.630052296       -0.1728299008                
    -18479.18375        -17996.41585        -8118.735987                
Si              18                                                      
    -1.342609947        -9.495612979        -4.297254476                
    -1.029075460        0.6971918433         1.035725447                
    -17250.21993        -22071.23322         7314.622027                
Si              19                                                      
    -1.410156019       -0.6291397032        -4.299866310                
     1.122147505         1.569949562         1.787762780                
     16761.54410         6713.412450        -8410.961377                
Si              20                                                      
     8.912900132        -9.400004781        -2.589657930                
     2.611522624       -0.6101674918        -1.521764343                
    -337.0458889        -12322.22866         14862.57920                
Si              21                                                      
     6.339912707        -1.262579828        -4.552521056                
   -0.1339641856         6.294101261        -2.396033462                
    -8722.125055        -8037.993302        -1047.732512                
Si              22                                                      
    -3.676156285        -8.816463228        -2.293123719                
     6.270480166         1.239850143         1.892931463                
    -520.4893658        -10096.76112        -12486.43984                
Si              23                                                      
    -3.744549724        -1.226485860        -2.411266346                
     1.496214992         2.205942577        0.8912357920E-01            
    -31886.82920         13277.75971         11278.91275                
Si              24                                                      
     6.599830676        -8.806358463        -4.565145811                
   -0.4237035444        -1.155202233        -3.058682047                
     341.8821540        -15432.97398         14060.16497                
Si              25                                                      
     1.647969650         3.474472889        -4.569836070                
    -3.130048499        -3.165286465        -1.527966846                
    -5276.928172        -6529.172791        -24577.63603                
Si              26                                                      
    -8.577623274         6.626615058        -2.203361212                
    0.5634191609        -2.795140140         6.048129130                
     7501.173192        -8546.327627        -4278.226197                
Si              27                                                      
    -8.579539269         3.425876343        -2.359877617                
     2.135840534        -2.859455016         3.659553340                
    -2546.131509         2515.874878         3259.269095                
Si              28                                                      
     1.628584296         6.575023341        -4.412105302                
     2.300467990         1.776671562        -3.414534863                
    -16170.13627         21743.37466        -7403.002296                
Si              29                                                      
     3.855323475         2.403106977        -2.672408106                
   -0.9867892877        -1.720783220         1.578579072                
     4321.708294         11654.26276         9491.232219                
Si              30                                                      
    -6.321458062         7.495367756        -4.169958487                
    -1.660265436        0.9408415824E-01    -5.077271582                
    -13510.25416         6028.717959        -10978.94488                
Si              31                                                      
    -6.148585788         2.523023930        -4.214166206                
    -2.380970923        0.5813850226        -3.270729584                
    -572.7490722         37658.67542         2078.201500                
Si              32                                                      
     3.972687463         7.520080856        -2.580569904                
    0.2394022355         1.186492258         2.149435282                
     26890.13671         13270.85680         9079.966349                
Si              33                                                      
     5.820202208        -3.550576639        -6.563573460                
    0.5521705912       -0.8260774341        -5.068410306                
    -8783.768637        -17298.31061        -2105.217994                
Si              34                                                      
    -4.369620862        -6.499191700       -0.3782767958                
    -1.484043028         4.444859286         4.204784026                
     4224.141896        -4747.557665         40208.28618                
Si              35                                                      
    -4.413369860        -3.419560348       -0.3390284296                
     1.305263078         1.876047303       -0.1790185651E-01            
    -8959.625935        -4291.908989         25140.20136                
Si              36                                                      
     5.926478284        -6.636205334        -6.581403753                
    0.9626187549         1.974073243        -1.158426334                
     18189.48078         13291.37643         572.3905476                
Si              37                                                      
     2.599990667        -3.598320342        -6.623086760                
    -1.353951564        -1.028561003        -3.889429636                
     27942.09798         2077.497430         9646.232631                
Si              38                                                      
    -7.531768201        -6.517237724       -0.2962623809                
    0.8912742964        0.6191712954         2.075132143                
    -7893.226057        -567.9377818         12917.71923                
Si              39                                                      
    -7.594068384        -3.412386198       -0.4016461000                
     2.257399086        -1.482646087         3.776148517                
    -16739.31196        -1592.349499         12565.37853                
Si              40                                                      
     2.785563803        -6.667512310        -6.455106893                
   -0.9377947777         3.180601358        0.4196894870                
    -4525.098846         428.5249413         12481.56508                
Si              41                                                      
     8.720168795         2.541384611        -2.645543345                
    -4.439877451        -3.838304105         1.730177657                
    -4936.216214        -5928.117987         11663.64204                
Si              42                                                      
    -1.350517302         7.473777653        -4.170846176                
     2.789046740        -1.694755453         2.311435455                
    -23228.66087        -4174.302608        -13373.81523                
Si              43                                                      
    -1.368991929         2.596587078        -4.383020406                
   -0.2543792673         1.827768729        0.6021011629                
    -13633.45964        -6861.344862         37088.67041                
Si              44                                                      
     8.774775053         7.577723609        -2.502637735                
    -1.191457502         1.296562483         2.091851122                
    -2477.490494         5041.408978         3559.613929                
Si              45                                                      
     6.299068742         3.304140173        -4.493533107                
   -0.1465685369         3.729592445         1.256323426                
     660.7389190        -3150.831319        -15226.68591                
Si              46                                                      
    -3.831706191         6.637538737        -2.420841004                
    -1.972776778        -2.619589138        -3.725331603                
    -16003.73060         6627.982740         11451.17919                
Si              47                                                      
    -3.637530810         3.519060138        -2.366995178                
     6.012335968         2.204213511        0.6689961062                
    -16926.57913         19769.16855        -13494.25832                
Si              48                                                      
     6.455651242         6.445877437        -4.283633249                
    -2.998290923         1.900211367         1.791013583                
     803.3924183         17314.28601        -243.4071968                
Si              49                                                      
     8.418548535         1.110107570         1.965058611                
    -2.256254911         1.631230970        0.1733873515                
     6609.025970        -14504.31596        -12989.73993                
Si              50                                                      
    -1.523950674         8.782428647         4.612162781                
    0.7468810883        -4.960261506        -1.379192473                
    -1400.079035         9702.424907        -2774.121212                
Si              51                                                      
    -1.677314581         1.236463056         4.589294262                
     2.871020250         8.640764884         2.296176364                
    -9987.849071         7233.222657        -26249.11580                
Si              52                                                      
     8.618147915         8.800608366         2.254971212                
    -5.889886526        0.5096398604        -3.449980286                
     339.3831898         18425.76051        -11840.72898                
Si              53                                                      
     6.146701985        0.5429835421         4.026681635                
     1.957556640         1.459569369        0.7245814254                
     23769.85527        -13592.61565        -9840.430406                
Si              54                                                      
    -3.866326071         9.449794357         2.628076931                
   -0.7254019333E-01    -2.833719244        0.5144597798                
     14273.18851         22894.65670        -22478.22915                
Si              55                                                      
    -4.074154300        0.6700525650         2.626319496                
     4.357866549        0.5515786850E-01    -1.957817663                
     7786.362581         6400.161694         9225.796052                
Si              56                                                      
     6.331415522         9.296579915         4.290935242                
   -0.6566851544        -5.839711406        0.6344345760                
    -1686.195043         2107.378882        -34625.60761                
Si              57                                                      
     4.534642659        -1.483783922        0.2926691067                
   -0.3248482171E-01   -0.5586229471         2.832808961                
    -20669.26326         11221.00766        -17722.51491                
Si              58                                                      
    -5.531393831        -8.906663124         6.358626038                
   -0.8276230076        -3.289241601        0.7496349557                
     5594.448811        -5940.047917        -1674.299517                
Si              59                                                      
    -5.660359019        -1.261084425         6.320420913                
     3.971096259        0.6315425976E-01    -5.226918057                
     2085.126927        -4018.667464         22080.95401                
Si              60                                                      
     4.536334659        -9.011302799        0.4051911057                
   -0.7124300299        -6.504512376        -5.512334795                
     4858.147230        -10292.60796        -5012.856098                
Si              61                                                      
     7.666950370        -1.437828585        0.1217845550                
    -2.503175359         3.169452608         2.630693707                
     10566.99113         5964.093174         7438.499018                
Si              62                                                      
    -2.344599413        -8.874944309         6.371824315                
    -1.750377813         2.063757982         2.430063729                
    -20433.40624        -9434.720765        -11043.15938                
Si              63                                                      
    -2.469650126        -1.225924621         6.363331004                
     7.177937466       -0.1294337562         1.379299883                
    -7910.386146        -6643.084123        -4802.273374                
Si              64                                                      
     7.762257025        -8.870484692        0.3766681422                
     2.577125766         4.653400683         5.819258405                
    -16303.98575        -26031.11681        -14178.26341                
Si              65                                                      
     1.399591839        0.5848857369         4.165394030                
    0.1632720964         1.861292273        0.9184575798                
    -29319.70057        -14430.81448        -5516.896848                
Si              66                                                      
    -8.670449299         9.488988885         2.582964266                
     3.492550280         2.483850261         1.587002180                
     9432.740745         7486.528337        -8217.409529                
Si              67                                                      
    -8.858272124        0.5540329345         2.416231721                
     3.251976279        0.1751510037         2.434279345                
     18685.17073        -4797.358415         11750.86669                
Si              68                                                      
     1.503608227         9.389529888         4.356933624                
   -0.7613518312       -0.5523278887E-01     4.676005587                
    -862.6391533        -18717.27697        -3256.773592                
Si              69                                                      
     3.723376981        0.9646003197         2.178591529                
    -2.456778357         2.060569941         1.399969430                
    -21694.74913         26343.19589        -18114.93258                
Si              70                                                      
    -6.315488689         8.798261566         4.508648862                
    -2.124545650         8.312642313         2.052947790                
    -3612.443464         5775.147812        -4276.722947                
Si              71                                                      
    -6.577034433         1.137190624         4.456011880                
    -8.176012535         3.822588084       -0.9346690281                
     3455.532232         2808.519243         17583.41616                
Si              72                                                      
     3.824275164         8.776655555         2.334052304                
     3.047226608         3.796230657       -0.6795686165                
     4153.249319        -4803.135900         25930.52538                
Si              73                                                      
     8.644844524        -3.516822169         2.239367677                
     7.558182679        0.4214441842        -1.165936710                
    -5578.443188        -614.8490859        -718.6843148                
Si              74                                                      
    -1.390095176        -6.673521420         4.403517932                
   -0.8187261429        0.8954834991         6.019857700                
    -22550.68724         11209.05130         5145.924055                
Si              75                                                      
    -1.390803245        -3.474343864         4.454931225                
    -5.329656997         3.368732582         4.897489608                
    -2712.019135        -21425.14486         10671.55635                
Si              76                                                      
     8.769936024        -6.692062835         2.315327607                
     4.328905774        0.1013839597         1.360694566                
    -1807.875780         31693.33336        -32209.78557                
Si              77                                                      
     6.216184365        -2.657617085         3.990063846                
     1.323508849        -1.054451474        -5.977671846                
     1921.510348        -1912.614598         26572.59749                
Si              78                                                      
    -3.859989609        -7.520824360         2.590860849                
    0.6039783549         2.038799750         2.578477839                
     10856.59585         241.7451206        -14541.19200                
Si              79                                                      
    -3.770664717        -2.545360732         2.673254828                
    -1.604205221        -1.873475937         4.380393217                
    -19798.39110         14454.82497        -4918.583346                
Si              80                                                      
     6.516039970        -7.731687396         4.099213144                
   -0.1259697091         1.689143759       -0.1812813681                
    -23753.17261        -664.8105435         23506.60015                
Si              81                                                      
     4.399621377         3.379060871        0.2643651076                
    -3.502727654        -3.021490395        -2.032033095                
    -9971.064679         11498.27087        -4588.157561                
Si              82                                                      
    -5.762662347         6.508833528         6.489471865                
     3.429220698        0.7160881799        -1.312307032                
     2354.331690         730.8874949         8776.094093                
Si              83                                                      
    -5.789768541         3.496681503         6.316793463                
    0.8082416359         2.366350347        -2.025737737                
    -12238.57570        -12930.85132         9777.539453                
Si              84                                                      
     4.434329633         6.546230817        0.3701753204                
    -3.871353840         4.449974351        -3.932557620                
     11013.93083        -28686.19521        -14925.93828                
Si              85                                                      
     7.558317177         3.521462051        0.1802066374                
    0.4792166302        0.6025050806         2.186388060                
     497.2922778        -15868.36760        -14248.62737                
Si              86                                                      
    -2.539816791         6.555031592         6.535625487                
     2.970320468         1.012857910        -5.380815125                
     8277.939344         4048.577781         28473.89738                
Si              87                                                      
    -2.608415875         3.458032080         6.469947582                
     1.503277641        -2.800630805        -2.342456147                
    -15795.82564         8842.519485        -5914.351906                
Si              88                                                      
     7.612375867         6.589318964        0.2895976542                
    0.4734718268        -7.029412292         2.878548366                
     17005.01030         9895.519145        -9682.810106                
Si              89                                                      
     1.596560049        -2.600077043         4.152982479                
   -0.7955384635       -0.8359868552         2.856390487                
    -54.99746236        -11975.74486        -16287.28313                
Si              90                                                      
    -8.603130708        -7.486020975         2.535148243                
    -2.771126188        -3.724353490        -1.911742729                
     4258.041326        -18222.83268         3237.080835                
Si              91                                                      
    -8.692220799        -2.617533047         2.471654615                
    -1.820032676        -5.298071293         1.129760263                
     12306.27136         24804.28924         447.4233562                
Si              92                                                      
     1.579977038        -7.652859563         4.411672241                
    -2.275840552         1.158736957         3.036747644                
    -1649.007246        -4946.042656        -13678.36616                
Si              93                                                      
     3.805547363        -3.739609047         2.232611291                
     4.077150734         1.031474738         1.056480117                
     3684.770406        -10408.65602        -12154.37826                
Si              94                                                      
    -6.292973075        -6.643621107         4.463448197                
   -0.9297332493        0.1747014983         2.722736067                
     19922.50608         14877.50953        -16582.23167                
Si              95                                                      
    -6.317607619        -3.501252294         4.397504261                
    0.1881013144         2.219442841        -4.010524559                
     9977.375761        -11504.28483        -17170.08644                
Si              96                                                      
     3.869442658        -6.868366070         2.455017995                
    -4.170821458         1.013362302        -5.915189861                
     2334.368701         6936.556648         4916.153344                
O               97                                                      
     2.617203736        -1.246297025        -3.552593242                
    -7.132403474        -2.338697234         2.657058584                
     5462.771321         6332.428157         4057.625592                
O               98                                                      
    -7.438812368        -9.009551594        -3.438748516                
    -7.533416696         3.476929374        -1.038345271                
     12162.41047         7207.764759        -7078.895739                
O               99                                                      
    -7.605711673        -1.077490975        -3.523779301                
    -4.761098676         1.856853113         1.132319015                
     9601.895003         3536.808877        -6749.661058                
O              100                                                      
     2.750240077        -8.955713121        -3.364316909                
    -5.920764400        -2.180717542        0.3110724030                
     5512.599916        -10054.46373        -10249.72046                
O              101                                                      
     3.871351615        -1.218258167        -1.152433914                
    0.2634377057        -1.715327755         7.071808363                
     11973.98700         2721.440323        -338.5666843                
O              102                                                      
    -5.911760814        -9.018355991        -5.708506625                
     5.486101643        -9.398515376        -5.176341525                
    -2677.575023        -3550.610179         5874.842898                
O              103                                                      
    -6.033499450        -1.114674229        -5.726463041                
     4.992057668         3.136709939        -4.664216723                
    -7904.040619         5261.840414        -6616.555670                
O              104                                                      
     4.184325744        -9.156625246        -1.134362192                
    -2.007265628         7.829057282        -3.592001947                
     907.2062896         8183.023438         8868.501252                
O              105                                                      
     3.975597707         1.116217237        -6.511090170                
    0.2091740794         1.657488762         3.475309912                
     17312.92576        -6385.991231        -7647.866041                
O              106                                                      
    -5.966129927         9.042053794       -0.3759396490                
     4.297306579        0.2521261818         3.127151670                
    -25410.37343        -3923.575822        -34.70201956                
O              107                                                      
    -6.085778872         1.182835478       -0.4704812207                
    0.6467078016         1.726609649        -3.267640670                
     19787.14078         1554.309056        -4482.719861                
O              108                                                      
     4.197455394         8.807013283        -6.301159033                
     5.403586814       -0.3793550182       -0.4365350262E-02            
     10977.52624         84.14045173         1544.403905                
O              109                                                      
     8.225115770        -1.220222486        -1.318391505                
     5.545829701        -6.883297912        -2.272414780                
     4249.086813         586.3338319        -1180.847093                
O              110                                                      
    -1.927468476        -9.086682666        -5.719888321                
   -0.5219544910        -1.612462031        -2.899657449                
     10909.65900         4350.953157         5919.836319                
O              111                                                      
    -1.932156550        -1.080963668        -5.725976559                
    -1.714359863        -7.950692713         3.441507631                
    -1343.423828         7493.853696        -12728.47408                
O              112                                                      
     8.259045658        -9.094411015        -1.144348731                
   -0.6845136319        -6.685216928         1.281865084                
     28.69612429         6876.019537         5522.206763                
O              113                                                      
     7.667241013        -1.010497516        -3.809192320                
     2.256590285         1.568675064         3.979252839                
     16403.83107         393.7916961         11368.10587                
O              114                                                      
    -2.380973284        -8.979561093        -3.189692940                
     9.914855525       -0.3248976844         7.538459886                
     11668.56183         3987.632336        -1011.105996                
O              115                                                      
    -2.491767101        -1.077094399        -3.292421189                
    0.1461787416        0.8013911973        -5.781996956                
     7438.969457        -6218.352354         11510.21485                
O              116                                                      
     7.952153661        -8.948668066        -3.742871719                
    -3.945757930        -1.894265217        -1.903933074                
    -9369.477033         4512.483227        -276.6802173                
O              117                                                      
     5.162253758        -1.147567630        -3.463729760                
     8.499827278        -9.017966339        -6.420426772                
    -6329.380123        -1971.063540        -4794.966028                
O              118                                                      
    -4.868052419        -9.109289685        -3.311763442                
     8.344106763       -0.8600164461        -8.140644649                
    -13790.68397         8314.045643        -7867.640944                
O              119                                                      
    -5.013974113        -1.065575576        -3.386866007                
     1.571799625        -1.938273787       -0.7560932765                
     273.4363200        -3928.878522         6849.412558                
O              120                                                      
     5.357029685        -8.940448529        -3.508495486                
     1.343427184       -0.6321101260         5.473897289                
     5427.065591         4174.579035        -9207.623678                
O              121                                                      
     2.592279552         2.894379961        -3.481162823                
     2.205373694        -10.20230817        -3.028493693                
     4882.559358         10242.71514         4563.625709                
O              122                                                      
    -7.590353776         7.041062983        -3.389271692                
     2.160227946        -1.071391131         5.997896662                
    -9434.065596        -8378.497127         10270.44016                
O              123                                                      
    -7.462183526         3.055895536        -3.404295800                
     3.168744680        0.8818970406         4.688025678                
     11307.63492        -5937.703788        -13413.86473                
O              124                                                      
     2.670892279         7.039535553        -3.321690015                
    -4.906752956       -0.3786164901         1.403310009                
     5097.370374        -5253.030746        -356.6322028                
O              125                                                      
     3.903434433         2.982623218        -1.180491334                
    -3.802399430         1.931449882         5.028264999                
     2101.859369        -4900.873726        -13308.78556                
O              126                                                      
    -6.252055882         6.908583745        -5.638482772                
     7.318704263        -2.520682286         1.224571048                
     8310.300786        -608.1976982        -8194.761423                
O              127                                                      
    -6.113472162         3.095556453        -5.755799725                
     1.967788897         1.902158216        -2.008296947                
     6460.268927        -8473.703735         20090.43974                
O              128                                                      
     4.104959707         7.114863418        -1.066437801                
     9.439744221        -1.947255842         2.287448224                
    -13322.10410        -10079.99975         2369.873121                
O              129                                                      
     4.201028445        -3.507709515        -6.456977947                
   -0.3791348596         6.350783537        -4.173794263                
     4309.999830         1757.607267        -7754.178701                
O              130                                                      
    -5.965590971        -6.610380782       -0.2858174751                
    -3.399617677        -3.635995614        -3.560734278                
     10183.29393         9311.781587        -12041.20442                
O              131                                                      
    -6.042484539        -3.325434245       -0.3689849360                
    -4.570218056        -5.161053103         2.937428243                
     24176.11005        -454.1855225        -7718.180726                
O              132                                                      
     4.356514820        -6.750414066        -6.342105532                
     3.553454643        -4.935985454         2.738073133                
     2513.813218        -2023.142553        -7956.039360                
O              133                                                      
     8.152014331         3.084174862        -1.235029442                
    -1.369496019         5.852767553        -1.720708176                
     2186.684351         1557.237427        -8990.021496                
O              134                                                      
    -1.922607095         6.974943977        -5.602676538                
    -3.743267920         3.594382116        -2.641743031                
    -612.0147320        -1735.261043        -6325.080039                
O              135                                                      
    -2.144975224         2.949337557        -5.687579386                
     2.349488826        -1.196873692         5.096799494                
     3609.423393         5159.935181        -6674.576280                
O              136                                                      
     8.174951328         7.140501409        -1.108564063                
    -4.241899317         7.221116648        -4.412216818                
    -6048.177719        -4267.676338         11541.54550                
O              137                                                      
     7.636377526         2.943137481        -3.762854887                
     3.460981225        -1.109378383         4.526764335                
     16044.18874         3146.649395         12784.20806                
O              138                                                      
    -2.471908781         6.981292662        -3.148049995                
    0.6207238107        0.5004741186         11.91031858                
     3567.803749         182.7504470         403.2695954                
O              139                                                      
    -2.272772851         3.245887103        -3.153469092                
     3.566888404         3.997333891        -3.106064693                
    -81.27651337        -10748.02923        -13053.65989                
O              140                                                      
     7.770567908         6.885321379        -3.511712948                
   -0.4063132925        -2.150926255        -2.233850443                
     3083.012770        -3538.829420        -6637.160397                
O              141                                                      
     5.127104326         2.811947661        -3.544555257                
     1.908535058         5.084830097        -4.281749256                
    -6142.423970         14338.73981         2148.964102                
O              142                                                      
    -5.089143256         7.096672026        -3.322657708                
    -4.108026964         7.533959975        -8.587104826                
     20880.66203        -9258.679413         5521.812319                
O              143                                                      
    -4.881751208         3.041828578        -3.313179320                
   -0.9784405228        0.3801406386        -5.220675783                
     1284.179905        -9363.979600        -10699.77062                
O              144                                                      
     5.283945056         6.954811964        -3.323735609                
   -0.1639677819E-01     5.568522306         2.319437019                
    -15324.47430        -11369.63402        -6789.495865                
O              145                                                      
     3.839652354        0.8758947507        -2.662391061                
    -2.709927096       -0.2142556328         4.574413720                
    -6012.721589        -34217.86929         4691.364126                
O              146                                                      
    -6.293000182         9.071511362        -4.264121505                
   -0.3987820493         7.005020998         1.600848417                
     5096.749062         13246.83469        -2657.160822                
O              147                                                      
    -6.156176071        0.9777982072        -4.243436123                
     6.918553164         3.530260635        -1.177857789                
    -9169.168156        -19327.10409        -3940.990974                
O              148                                                      
     4.132354603         9.094814353        -2.644692674                
    -1.744353793         1.541731249        -1.261878068                
    -12871.28644         10160.38385        -11336.54602                
O              149                                                      
     8.737507704        0.9244052087        -2.575101019                
    -2.074622724         4.520979380        -1.105992075                
     1832.846785         25845.47866        -7290.754623                
O              150                                                      
    -1.360953412         9.043786580        -4.173104953                
   -0.2274705152         2.312289740        -1.070737473                
     4183.091398         20832.35042         1043.198591                
O              151                                                      
    -1.414119644        0.9836340491        -4.196264637                
   -0.1022338046        -1.660688869        -3.393826273                
     7877.889083         3636.371336        -8557.109793                
O              152                                                      
     8.896335025         9.163080588        -2.655006024                
    -5.497028234         2.114350470        -1.169913431                
    -2532.045587         368.0634680        -2686.537694                
O              153                                                      
     1.955018950        -2.680678643        -5.539503734                
    -1.467282272         2.339134550        -2.547352266                
    -6478.589996        -328.9238875        -6374.454547                
O              154                                                      
    -8.038671374        -7.544385945        -1.367419952                
   -0.4692846106         3.211671518        -1.523079193                
     3342.727021         18920.62227        -394.3424668                
O              155                                                      
    -8.250536039        -2.482930437        -1.498695893                
    0.3450774023         2.830736780        -2.170892171                
     5638.904797        -10032.51330         4698.511469                
O              156                                                      
     2.043450130        -7.504200821        -5.344273970                
    0.8565768931E-01    -2.202033248         2.678038450                
     2811.665081        -15171.95171         547.5929739                
O              157                                                      
     1.943077690       -0.1463382614        -5.716833912                
     3.412168368         4.327544081        -2.878365037                
    -3338.938389         3318.190628         4056.080099                
O              158                                                      
    -8.024043159        -10.02053641        -1.244800545                
     5.354593414         1.774204664        -2.417184882                
    -2708.527986        -1666.251602         2700.101200                
O              159                                                      
    -8.171376447       -0.3443503053E-01    -1.334024769                
    -3.451864777         2.045196208        -3.005294885                
    -5271.616268        -14819.04868        -4534.599834                
O              160                                                      
     2.061766278         10.05878061        -5.545151784                
     3.011547075         9.407807867         4.723759555                
     8107.491629         15653.82912         9544.712038                
O              161                                                      
     2.074134515         2.551603414        -5.827554293                
     5.741308477        -5.258745204        -6.784726370                
    -8172.910638        -10652.34205         5269.736224                
O              162                                                      
    -8.009521723         7.621301059        -1.079029635                
    -3.529056668       -0.8108737965         1.240746843                
    -7597.778887        -12825.95004        -2210.896694                
O              163                                                      
    -8.198190830         2.368322204        -1.218696732                
     5.402058729        -1.678038703         7.099935315                
    -2090.080301         18766.07766         2862.213043                
O              164                                                      
     2.048702075         7.539086261        -5.621433070                
    0.6583934383         4.339732898        0.6387902788                
     2349.331373        -8291.074296         10456.42007                
O              165                                                      
     6.286782411        -2.604029603        -5.460100270                
     5.198768396         5.573352007        0.2231617353                
     5373.926738         24105.06485         20451.11888                
O              166                                                      
    -3.877955570        -7.517480237        -1.421229551                
     2.894986586        0.1239049316        -1.659966475                
     5576.229770        -1221.414941        -19703.78016                
O              167                                                      
    -3.935014699        -2.492251756        -1.475884370                
    -4.853418237         3.497222391         1.347248094                
     9886.107998         8779.155418        -7960.496178                
O              168                                                      
     6.553034189        -7.574676701        -5.515209930                
    -2.762539596        -7.439001132         4.214808962                
    -5903.478989        -5676.111441         12332.54381                
O              169                                                      
     6.030110700       -0.1054814927        -5.590757299                
    0.7991103599         2.348371489        -1.097739800                
    -4086.764761        -4450.510890        -8294.944786                
O              170                                                      
    -3.904760299        -10.02432905        -1.318971331                
     9.889255789        -4.428178225       -0.1677848058                
     8208.677033         488.2282888        -679.1264801                
O              171                                                      
    -3.945839650       -0.8205234867E-06    -1.337961030                
    -2.817510053        -5.465358046        -2.448892632                
    -221.2753743         4152.162863        -4521.824253                
O              172                                                      
     6.290456453         10.04842656        -5.435608676                
     3.601981603        -1.070629761        -3.970577307                
     4825.383686         8200.268721        -1703.308760                
O              173                                                      
     6.112657684         2.373255703        -5.774151078                
    -6.188365204        -6.101589266         3.491246295                
    -8599.917220         680.3239186        -1446.385662                
O              174                                                      
    -4.052126792         7.551220929        -1.139173960                
     1.246617788        -4.321681689         5.016584458                
     3595.103483         18409.72391        -4587.537630                
O              175                                                      
    -3.900223559         2.621036820        -1.130863886                
     7.609054290       -0.3781739349         2.403373098                
    -4388.242384        -29102.88921         6923.105689                
O              176                                                      
     6.307020670         7.455905855        -5.503705796                
    -4.510569924        -4.117068366        0.9324787509                
    -6669.029127         11347.19658        -8081.024775                
O              177                                                      
    -10.09537591        -1.091823926        -2.790987213                
    0.1887345675       -0.1020355710        -2.663098232                
     6138.903925         2432.816392         3967.432976                
O              178                                                      
    0.1765824920        -9.097614954        -4.263097238                
    -2.409182696         2.436917303        0.5938101188E-01            
    -1842.789120         10908.45028         3158.489470                
O              179                                                      
    0.1024797285        -1.165481743        -4.279496233                
    -9.203808008        -1.076969108         3.221743729                
    -1314.116794         3701.935615        -5099.328680                
O              180                                                      
    -9.916031963        -8.887568935        -2.518305363                
    -2.053071991         7.900295659        -3.366857577                
    -5143.626603        -683.3524380        -6337.984581                
O              181                                                      
    -10.09503305         3.031335034        -2.704756527                
     10.88330374       -0.2039021140        -4.380639052                
    -1652.037202         3063.905640        -5162.207002                
O              182                                                      
    0.9992756563E-01     6.926478950        -4.065047159                
   -0.2718321991         2.230935125        0.4242315623                
     16811.24934        -2898.612191         578.0409199                
O              183                                                      
    0.1251869437         3.102101108        -4.418916839                
    -4.428926427       -0.1528528666        -3.974483045                
    -8610.327952        -4224.820252         1490.333445                
O              184                                                      
    -10.07450415         7.029940140        -2.443078671                
    -4.084283420        -1.478370985        -4.962582116                
     3797.786275        -1210.394752        -3886.628259                
O              185                                                      
     1.713156634         5.051667835        -4.647802768                
   -0.7685136710        -4.170566597         3.595407011                
     7469.474023        -14639.82156         3385.517071                
O              186                                                      
    -8.552417721         5.012713718        -2.100089238                
    -2.312411430         1.679605880        0.7852440755                
     1780.424379         2330.546120         2362.655198                
O              187                                                      
     6.274150059         4.921220730        -4.609555303                
    -5.890136956       -0.6222364714        -1.429927240                
     3487.264313        -15302.84694         5271.512975                
O              188                                                      
    -3.912010780         5.093088223        -2.210448812                
     4.682508519        -2.811556078         2.660819148                
     18360.59156        -13302.45224        -1789.298565                
O              189                                                      
     6.294263993        -5.082158699        -6.509738557                
    -3.649499125        -5.416794948         1.843745654                
    -19818.48863        -1110.759029         1196.771519                
O              190                                                      
    -4.065215245        -4.946728807       -0.5009764852                
    -2.430966123         5.196076116        -3.527188902                
    -8069.009378        -6754.187252        -7410.346502                
O              191                                                      
     2.505739975        -5.132717265        -6.459355168                
    -5.091743102         4.876181597        -5.587773761                
    -13882.61441        -6321.756909        -5701.889571                
O              192                                                      
    -7.863866551        -4.973859842       -0.4576786777                
     3.367408956         3.868964000        -2.416627491                
     5213.221956        -4287.927491        -8962.673489                
O              193                                                      
     7.444968317        0.9524321649         3.150670319                
    -2.647807677        -3.504004158        -6.807103217                
    -24032.83016         2097.758087         21597.55413                
O              194                                                      
    -2.529458726         9.049965642         3.424885252                
     1.167286024        0.7290990585        0.4107825143                
    -9923.480728        -7849.815457        -8196.529628                
O              195                                                      
    -2.805506452         1.127847360         3.469366315                
    -4.344159323         3.235085733         1.570301773                
     8907.653362         9422.403159        -9189.869150                
O              196                                                      
     7.601371594         8.836619237         3.439206434                
    0.2688474306        0.6632821835        -1.249099423                
    -1341.581290        -5378.302222         11584.58189                
O              197                                                      
     6.031710761        0.9428686912         5.536142192                
    0.9221911710         3.802167583        -5.001766197                
    -5805.505160        -4732.687870         1667.536199                
O              198                                                      
    -3.998063881         9.114680305         1.072589271                
    -8.452614555        -5.051598467        -5.468239406                
     3134.711420        -9666.911669         7145.533197                
O              199                                                      
    -4.194013116         1.110387250         1.104708810                
     1.792461242        -3.623146451         3.759318676                
     4501.725558        -5558.143202        -8449.320214                
O              200                                                      
     6.175115768         8.915752581         5.762748028                
    0.2899166959         6.135411504         1.964246662                
     771.2613668        -8503.557127         25079.50067                
O              201                                                      
     6.104734902        -1.458868581        0.5758527764E-01            
   -0.3902168007        -1.385199693        -1.148342346                
    -16555.65253        -34.87917369         10417.15711                
O              202                                                      
    -3.944320493        -8.874015199         6.242568423                
    -6.728604654        -1.228595335       -0.6299289066                
     318.2975865        -3795.046398         9099.741668                
O              203                                                      
    -4.075005893        -1.321284683         6.313258484                
    -1.306647484        -2.234322866         7.860644032                
     11695.08085         5346.366583         317.3243946                
O              204                                                      
     6.125888535        -8.910159433        0.4450462558                
     2.608503637        -9.884588700         6.712267810                
     11158.82623         5720.818833        -4930.632689                
O              205                                                      
     1.930278989        0.9590920107         5.596796753                
     4.410663708         2.026414747         1.895845502                
    -4812.812233         4091.801698        -14527.27985                
O              206                                                      
    -8.079951244         9.037458901         1.150539411                
   -0.6477066262         7.879082011       -0.7844539289                
    -2860.798747         6862.150217         1268.818741                
O              207                                                      
    -8.148341423        0.9598775237         1.041034800                
    -4.971632660        -4.065894494         4.553416797                
    -11931.80172        -2372.612658         7817.254782                
O              208                                                      
     2.057849081         8.932594943         5.780643678                
     2.789252244        -1.529366607         6.706836726                
    -1605.823670         10183.10046        -18194.33849                
O              209                                                      
     2.336449862        0.9789320164         2.973902846                
     2.721719398        0.7852764263E-01     1.237700115                
     7360.517435        -2004.765617         3618.814944                
O              210                                                      
    -7.638907622         8.978337020         3.666201863                
     2.780175145        -5.782225367        -3.801594919                
     781.4774891         3990.685594         541.4853906                
O              211                                                      
    -7.852482019        0.9883168360         3.580060855                
     8.050685970       -0.5957909059        -1.226287821                
    -9234.110769         9453.752997        -2142.298378                
O              212                                                      
     2.568004852         8.924149844         3.284404186                
   -0.8557754193         5.299003709        -2.201722249                
    -4853.773381         3780.665289        -6048.587342                
O              213                                                      
     4.845732393        0.9563267364         3.238971818                
    0.8081697324E-01    0.7426899473         5.003968412                
     12208.82773        -3189.573892         12195.66459                
O              214                                                      
    -5.080311934         8.948746323         3.481349005                
     1.228338560        -1.003873925        -2.506362374                
    -8672.970317        -2665.408724         9589.122759                
O              215                                                      
    -5.332821882         1.076275871         3.486618111                
     1.410674639        -2.103003953         2.104276195                
    -5856.378020         1927.379573        -3638.041599                
O              216                                                      
     5.068525163         8.938681029         3.343179039                
   -0.9082339793        -1.420172277        -2.984360937                
     2059.114943        -3733.986231         6526.364866                
O              217                                                      
     7.522585035        -3.160130447         3.332741706                
    -4.330746135        -4.157135647       -0.2632797085E-01            
     16616.21246        -3875.609894        -10882.31293                
O              218                                                      
    -2.514413420        -7.086022356         3.333194996                
    -4.180071358         4.963468151        0.3082922400                
     9315.494640         8231.812080         3966.266245                
O              219                                                      
    -2.461397897        -3.020358951         3.402545595                
    -5.411718279         4.834789221        -5.376630004                
    -2218.551454        -2257.472548        -11686.12635                
O              220                                                      
     7.765172239        -7.110800395         3.383068308                
    0.7438773774        -4.299093572         5.093242101                
    -20889.86303        -7489.510887         9886.948195                
O              221                                                      
     6.087429592        -3.053407569         5.573348657                
     4.728250631        0.1678740812         4.411875607                
     1764.594830         6170.176999        -27651.74531                
O              222                                                      
    -3.897423546        -7.024130794         1.081689064                
   -0.3023630477        -7.803735451         4.766254882                
    -5868.959068         13038.33889        -7952.776380                
O              223                                                      
    -3.948136408        -3.010157235         1.150191725                
     8.275672446        0.6487787860E-01    -6.859769794                
     2984.604749         7562.752288        -5242.438560                
O              224                                                      
     6.320736937        -7.221841765         5.619228006                
     2.602362505         4.418621357         1.767483755                
    -1957.543244         3860.370753        -21091.87395                
O              225                                                      
     5.981103885         3.306178575        0.1473247146                
    -1.651084175        -2.704547584        -1.397953158                
    -139.5023189         8611.167605         7900.609225                
O              226                                                      
    -4.121792633         6.595257516         6.586792535                
    0.8889371966       -0.2622062661         2.998322431                
    -18451.03470        -861.2594686        -8370.956201                
O              227                                                      
    -4.210476104         3.355542869         6.235551349                
    -4.288194060         4.526757014        0.4320475973                
     13616.87414         4824.607227         7307.071849                
O              228                                                      
     6.056088853         6.617441363        0.3553531710                
     3.128169706        -2.020628731       -0.2775461129                
    -17240.87292         1078.643645         8472.749948                
O              229                                                      
     2.164382806        -3.066465261         5.552480117                
    -1.328574196         2.861398620        0.9450806231                
    -408.6977284        -2160.565100        -2976.366256                
O              230                                                      
    -8.085585684        -6.995131910         1.107150825                
     2.007682647        -1.948752114         1.760203855                
    -2397.490520         563.6189321         11028.25689                
O              231                                                      
    -8.148528695        -2.948674664         1.012409782                
    -3.012231686         2.189918503        -4.928455682                
    -5966.413971         1121.774535         2389.504603                
O              232                                                      
     2.234663481        -7.256165506         5.777301259                
    -1.628218928         1.067222006        -8.792161716                
    -1891.537844         4028.247111         4013.580268                
O              233                                                      
     2.555527713        -3.214165260         2.985333422                
     3.665150321        -2.436450169       -0.6799042720                
    -14378.62672         11264.67463         22763.79110                
O              234                                                      
    -7.599356901        -7.022697352         3.685015851                
    -3.472325183        -1.224372354         4.414505969                
    -9725.511756         5093.220668        -10677.29160                
O              235                                                      
    -7.587646301        -3.144180373         3.467773942                
    -7.013801857        -2.816136749         1.819434894                
     1142.424666        -9433.280820         14723.07203                
O              236                                                      
     2.648153899        -7.212595662         3.348153090                
    -2.736696226        -5.454811347         4.932597904                
    -9766.185881         1270.539757         3284.888802                
O              237                                                      
     5.057752628        -3.291673574         3.132888232                
    -3.763674256         6.706330558         5.176195723                
    -9614.197537        -444.4001771         123.4464981                
O              238                                                      
    -5.087782173        -6.984619009         3.420081661                
   -0.4263505350        -4.849104662         3.724968589                
    -9056.795367        -1574.726104         9080.842545                
O              239                                                      
    -5.030662452        -3.132302849         3.465245326                
    -2.417424309        -1.722505946       -0.4963954475                
    -3532.103766         6077.704657         12392.06750                
O              240                                                      
     5.161543131        -7.265123739         3.314406446                
    -2.530938887        -1.817477529        -1.163914403                
     16578.18047         2385.146974        -219.7392890                
O              241                                                      
     6.183039679        -1.084358045         3.928922982                
    -4.965599871         2.165298301        -5.470495865                
    -8172.331896         15638.90569         5502.120612                
O              242                                                      
    -3.897388076        -9.087416416         2.528790929                
     3.635209740       -0.4991709993        -1.647758680                
    -3194.456041        -20801.24680         15656.65129                
O              243                                                      
    -3.928024116       -0.8924883285         2.734712847                
    -2.775382519         1.052908812        -2.839532193                
     2379.751596        -33074.63645        -13150.90675                
O              244                                                      
     6.497453347        -9.301860478         4.251088617                
     3.771009459         2.299935133         2.306990180                
    -605.0670336         8239.187899        -5756.636507                
O              245                                                      
     1.523470633        -1.043929293         4.100403477                
    -4.778319260         1.339172769         2.323552367                
    -406.4734019         17287.18579        -818.4985980                
O              246                                                      
    -8.689142113        -9.072595355         2.625475517                
    -8.873077909         1.022325451        -2.567225500                
     11144.28356        -7871.664890        -3093.601427                
O              247                                                      
    -8.767668594       -0.9975751227         2.641163357                
     3.911508441       -0.6737775150        -7.221119810                
    -3542.260030        -20957.34987        -13126.87218                
O              248                                                      
     1.449682622        -9.213187896         4.287363834                
    0.5990519447         2.103267993        -4.781603395                
     1803.198180        -5305.312061         6654.984208                
O              249                                                      
     8.045376263         2.439699661         1.199605577                
     8.954812347         6.167185019       -0.5278149322E-01            
     9795.246957        -3238.167588         6409.904598                
O              250                                                      
    -1.983787594         7.580583054         5.492989678                
    -3.123289286       -0.7672729195        -6.611257362                
    -184.0830269        -15010.31999        -5608.554188                
O              251                                                      
    -1.933283284         2.523120323         5.443561243                
    -3.590086955         3.086658049        -6.225100179                
     5834.390034        -521.6184998        -2229.538228                
O              252                                                      
     8.282005060         7.541967045         1.357918863                
    0.1515039173         3.192821697         5.740036294                
    -323.2716529        -345.3223888         4765.502009                
O              253                                                      
     8.105765093       -0.1793767966         1.028754756                
     1.929248989        -1.123243197         2.409800204                
    -1861.212314         5856.164692        -2704.374495                
O              254                                                      
    -1.840804724         10.01046975         5.554675458                
     1.149455310        -5.366794920        -2.638099517                
     4677.161042         15671.04361         5791.357332                
O              255                                                      
    -2.045976594        0.5745221871E-01     5.491133803                
    -8.288425765         3.499831862       -0.5943766089                
    -3442.620138        -27538.68528         31098.14434                
O              256                                                      
     8.174717241        -10.07310619         1.341575387                
    -1.766569952        -8.424890999        -4.537576514                
     9925.850725        -11422.53674         858.7011055                
O              257                                                      
     8.159991559        -2.666233516        0.9913512025                
    -5.439067573        -1.296363994         2.308487717                
     1057.622671         1350.715513        -655.7091011                
O              258                                                      
    -1.873119764        -7.587322916         5.610580601                
     1.681767639        -3.233435585        -6.963294332                
     11399.30484        -2063.914259         3227.533480                
O              259                                                      
    -1.851386206        -2.474939715         5.584614589                
     4.680011428         1.469583301        -2.222508776                
     996.7096334         4113.524489         11551.48092                
O              260                                                      
     8.343644174        -7.621444514         1.078435398                
    -4.366366072        -5.339907520        -4.648032466                
    -3096.831908         14655.20288         8261.802523                
O              261                                                      
     3.895197530         2.292223911         1.284975937                
     4.647748092        -3.716492530         4.833076077                
     1888.283849        -4833.121789         4585.672629                
O              262                                                      
    -6.250616806         7.510553982         5.393334600                
     6.274391382         4.619169392        0.2984352043                
     8152.645695         2161.146105         97.74202118                
O              263                                                      
    -6.476854780         2.471594617         5.372190363                
    -3.999507866         6.414483034        0.2474556326                
     1687.455760        -17936.01336        -15594.87535                
O              264                                                      
     3.893390521         7.441057187         1.492613827                
    -6.543965729        -6.340518952        0.4583759892                
    -340.7342954         10215.76888         7018.215669                
O              265                                                      
     4.037805029       -0.2652025941         1.274036716                
   -0.4935214051        -1.118735948        0.7704212016                
     8806.454453        -19823.14868        -11519.07112                
O              266                                                      
    -6.072414198         10.00357175         5.530893942                
    -3.808115739        -3.068708963         4.711307410                
     3212.999988         2817.314759        -1605.016303                
O              267                                                      
    -6.244264579       -0.9959860411E-01     5.468100456                
     2.025550923        0.4813615833        -6.240309617                
    -4647.419251         19241.33976        -10639.42824                
O              268                                                      
     4.045403085         9.925608288         1.315507672                
    0.2709759400        -3.589915926         2.471632037                
     162.2990729         11832.98228        -15324.40663                
O              269                                                      
     4.070879446        -2.823455493        0.9628057572                
     1.190982186         5.257276825         4.112591751                
     3557.914116        -187.1911922         8052.543034                
O              270                                                      
    -6.035528209        -7.616147390         5.626993480                
    0.7053481791        -3.997762442         5.741422456                
    -3745.565253        -4280.445629         7604.734685                
O              271                                                      
    -6.214582312        -2.553061292         5.656372815                
    -2.494916985        0.7044093733         9.878530606                
     429.8762203        -11748.40239        -17044.23287                
O              272                                                      
     3.996365917        -7.774394802         1.208308458                
    -3.698495579         1.329438299        -3.885939024                
     1712.827757        -3986.537442        -9219.923213                
O              273                                                      
   -0.1842807359        0.9995087557         4.206598847                
    0.5299857832        0.5320652976E-02    -2.687059481                
     31645.67314        -629.8326728        -7698.518822                
O              274                                                      
    -10.15593600         9.046626326         2.597778989                
    -2.441331863        -5.812483226        -2.411911817                
    -18536.91731        -11649.90606         561.1983891                
O              275                                                      
     9.953967569        0.9477696183         2.318091611                
     3.133984938        -1.924128226        -3.484290124                
    -3007.430236         10545.19180        -246.6096516                
O              276                                                      
    0.1677927588E-01     8.838653956         4.285795411                
     2.775963608        -5.082647484        -2.192308743                
     1937.446297         3695.199892        -2802.934695                
O              277                                                      
    0.1182716979        -3.177094468         4.153227524                
    -7.822066018        -4.302584960        -1.039887739                
     4905.001232         5842.947310        -3289.534916                
O              278                                                      
    -10.11190356        -7.067802862         2.616722681                
    0.5757752470         4.778220210       -0.4447370739                
     21805.41799         9756.403682         5875.570820                
O              279                                                      
     10.13620049        -3.093196811         2.539937309                
     3.889767428        -9.590897772         2.797474965                
    -1195.444066        -4726.258733         3084.320552                
O              280                                                      
    0.1143123256        -7.097163226         4.247787837                
    -4.322868389        -3.681639014        -7.242479582                
     2834.782921         5924.402469        -1055.997310                
O              281                                                      
     8.676000265        -5.065844575         2.061389244                
     5.243607334         3.629623074         7.126120495                
    -398.3553948        -26998.32293         8428.910063                
O              282                                                      
    -1.458753355        -5.086236650         4.672262389                
    -1.037499778        -5.498188904        -5.362462814                
     3287.966878         5685.532623        -13102.19203                
O              283                                                      
     3.752646321        -5.322980836         2.151413690                
     1.404421493        -1.261490474        -9.212164591                
     10032.88314         9538.248950         1261.903956                
O              284                                                      
    -6.204707458        -5.078233999         4.674067670                
     2.785698649         5.627642707         2.103881331                
    -16845.16590         9573.241257         76.13059321                
O              285                                                      
     4.125087672         4.952995037        0.4637444945                
     1.588008919         2.294859359         1.698518145                
     7610.290601         4621.013806         1692.425311                
O              286                                                      
    -6.098170484         5.011916318         6.143139158                
     1.160170774        -3.174070107        -2.848182228                
     9046.086854         8128.500787         3878.967553                
O              287                                                      
     7.867372947         5.030100360        0.4192969187                
     2.074901636         1.856277243         9.292285896                
    -1819.278335         3448.012390         395.0154931                
O              288                                                      
    -2.266456575         5.000842411         6.351274204                
   -0.2435251131       -0.3745192150        0.7892613740                
    -5176.898415        -580.7174178         1074.473798                
C              289                                                      
    0.2173937250E-01     6.446297046         1.401047301                
     3.268515545         1.455415033        -2.547855113                
    -14.57988258        -67.45395659        -75.17241957                
C              290                                                      
    0.6769463807         5.369162159         2.009650597                
     1.615374479         1.363367438       -0.9310351864                
    -111.8178408        -52.14060988        -3.545943065                
C              291                                                      
    0.7595612133         4.136980011         1.350179642                
   -0.3584872782        0.2193443527        0.9592293560                
    -186.9449201         25.16069056        -7.402759523                
C              292                                                      
    0.1869690384         3.981932748        0.8210539113E-01            
   -0.6792079709       -0.8326311370         1.232673974                
    -10.28213516         4.654396402        -6.950447491                
C              293                                                      
   -0.4682379703         5.059067637       -0.5264979044                
    0.9739330978       -0.7405835405       -0.3841459546                
     88.69451121        -3.391247898         87.47281244                
C              294                                                      
   -0.5508528031         6.291249785        0.1329730506                
     2.947794855        0.4034395444        -2.274410497                
     112.3249187        -42.49480335         9.165955331                
H              295                                                      
   -0.4199207008E-01     7.396837562         1.909782039                
     4.791208903         2.337947129        -4.006059191                
     31.99281767        -114.2804177        -209.5742580                
H              296                                                      
     1.118670471         5.488762442         2.987894784                
     1.862776594         2.174899305        -1.141967097                
     53.88723275         53.79283415        -19.61029355                
H              297                                                      
     1.265016748         3.306039777         1.819689093                
    -1.633778522        0.1483441250         2.206501525                
    -137.4280769         158.4882319        -53.46473941                
H              298                                                      
    0.2507004809         3.031392234       -0.4266293459                
    -2.201901327        -1.715163231         2.690878050                
    -9.342204162         21.46137034         19.66797355                
H              299                                                      
   -0.9099620609         4.939467353        -1.504742092                
    0.7265309806        -1.552115408       -0.1732140426                
     360.0556890         133.2417519         111.8029484                
H              300                                                      
    -1.056308337         7.122190017       -0.3365364009                
     4.223086095        0.4744397706        -3.521682663                
    -53.43066177         15.68033256         116.4042423                
