Diffusion in Zeolites. ZSM5 (Silicate) Crystal Structure, Si(96)O(192) +
         2         2       300    133340   1.0000000E-03   1.3334000E+02
       20.3183600000        0.0000000000        0.0000000000            
        0.0000000000       20.1714600000        0.0000000000            
        0.0000000000        0.0000000000       13.5858629500            
Si               1                                                      
     1.611461503        -1.367277617        -4.608243921                
    0.4712714010        0.4881556346        -1.245457010                
     594.2069543         17959.83331        -15881.20518                
Si               2                                                      
    -8.478240261        -8.845523512        -2.220189460                
     1.521868256         3.303259665        0.2765448887                
     5034.788793        -5851.007874         11298.16905                
Si               3                                                      
    -8.663930296        -1.191655681        -2.252347583                
    -1.860068738         2.251376703         2.036807670                
     3515.396651        -909.5664729        -8592.454739                
Si               4                                                      
     1.679047045        -8.954475801        -4.516881363                
    -5.101725499        0.4288701529        -1.282697954                
    -28571.99479        -21989.65848         9736.891594                
Si               5                                                      
     3.921700953       -0.6863319670        -2.689857900                
     2.911370082        -2.000662744        -3.974168442                
    -9542.280507        -793.3578998        -20491.10262                
Si               6                                                      
    -6.184438564        -9.509165027        -4.184321991                
    -2.682908154         1.265601902        0.3785705418E-01            
    -8571.806843        -19990.95092         10717.18997                
Si               7                                                      
    -6.295144607       -0.6735770467        -4.176978385                
     7.063332665         3.740096996       -0.5132789959                
    -4796.131234         23429.22270        -22551.82142                
Si               8                                                      
     3.958909259        -9.595088520        -2.524750605                
    -1.380401134        -3.801309020       -0.8251216492                
     7558.971847        -3566.844473        -2906.486478                
Si               9                                                      
     5.727984534         1.205736734        -6.553065424                
     2.623025073         2.502411753        -3.473278756                
    -24949.25077        -7211.726412         1381.243831                
Si              10                                                      
    -4.369950654         8.800360973       -0.3677559720                
   -0.3852404171         2.959410576       -0.2884371020                
     7020.644667         16472.33830         14119.40199                
Si              11                                                      
    -4.443961247         1.111625345       -0.4613116590                
     3.415198815        -3.433479662        -1.425345149                
    -7659.860305         991.1227751        -9369.877625                
Si              12                                                      
     5.745668445         8.871862356        -6.339420234                
    -3.798606283        -2.683849882         1.797021295                
     1455.533339         6724.045901        -10991.70462                
Si              13                                                      
     2.534948240         1.111756913        -6.473970011                
   -0.6420231888        -1.334509869        0.2086723949                
    -12066.76062         2147.986997        -12107.52424                
Si              14                                                      
    -7.563081724         8.810114599       -0.4088067089                
     1.949260731         3.893024792       -0.7654217310                
     15288.09895         4992.937630        -20200.09992                
Si              15                                                      
    -7.615162348         1.246015313       -0.4536627452                
   -0.6474353193        -3.032166276         1.524152304                
    -8316.288392        -1706.346903         10531.84224                
Si              16                                                      
     2.567059612         8.809188093        -6.435470852                
    -4.919739405         1.059025260         6.098053885                
    -12063.85271         30791.94105        -7877.624444                
Si              17                                                      
     8.583934002       -0.6265742677        -2.710362624                
    -1.838246021       -0.9211611181        -3.054188803                
     19751.20931        -6772.893701        -4342.356175                
Si              18                                                      
    -1.438374888        -9.483008010        -4.305057496                
   -0.4936337019         3.262875364        -1.003601901                
     16954.18929        -23719.80102         23042.53509                
Si              19                                                      
    -1.417356599       -0.6407199246        -4.378664384                
    -1.198397787        -5.738380192       -0.9237661027                
     9506.092345         25381.98707        -15149.97013                
Si              20                                                      
     8.805168350        -9.415547396        -2.444999085                
    -3.553526307        -2.742497857         6.271753536                
     1072.214075        -13465.23380        -8406.077102                
Si              21                                                      
     6.335322380        -1.248255931        -4.657702424                
    -2.536928978        -3.409129601       -0.8683520593E-01            
    -26809.62285        -9731.224081        -4241.767402                
Si              22                                                      
    -3.775263222        -8.977328047        -2.254886741                
    0.3712904596         6.704138852       -0.3703651545                
     23305.97604         9840.372686        -7328.898578                
Si              23                                                      
    -3.738608843        -1.300574284        -2.465221860                
     3.209364679         2.490710862        -4.241320882                
    -11585.74751         13338.79519         33278.35826                
Si              24                                                      
     6.486803251        -8.908763334        -4.379456603                
     2.900892180         2.371422304         5.483289202                
    -15382.35441        -11269.18771        -13519.18596                
Si              25                                                      
     1.607633526         3.421797436        -4.665050944                
    -2.296752489       -0.3051209768         1.829680729                
    -6931.803643        -4399.629248        -9768.861960                
Si              26                                                      
    -8.607890754         6.558902664        -2.328781269                
   -0.3142356918        -1.041210858       -0.8829404720                
    -2179.223874        -5194.824395         8489.103297                
Si              27                                                      
    -8.603397796         3.432311318        -2.435089035                
     5.311620828        -1.226977582        -5.661667767                
    -9359.446004         12262.21847         4308.217303                
Si              28                                                      
     1.621996240         6.503209569        -4.608541314                
     2.256725844        -2.948686002        -5.451206044                
     4069.871581        -1736.015050        -18704.22815                
Si              29                                                      
     3.980966167         2.474331246        -2.773101610                
     2.595721535        -3.216412454        0.7065039082                
    -20385.30568         32897.34084        -4442.663839                
Si              30                                                      
    -6.162090709         7.386715376        -4.142934405                
     5.215455751        -1.831293855        0.2775266396                
    -3879.493533         13730.76765         16104.85313                
Si              31                                                      
    -6.266256819         2.561360574        -4.241527826                
    -5.678098526        -2.849898867        0.9993817479                
     23351.94484        -18797.65897         1129.444175                
Si              32                                                      
     3.937629823         7.367245462        -2.708700605                
     2.471676202       -0.2439064022       -0.5960500273                
    -1251.748596         7344.734564         4191.996793                
Si              33                                                      
     5.741142469        -3.552068506        -6.678331088                
    -2.679745169        0.1147138416        -3.766608127                
    -15139.82790        -6346.320840         7123.337887                
Si              34                                                      
    -4.394842163        -6.653883542       -0.2871143462                
    -3.816621917         1.741843500       -0.8214461758                
     20889.33035         6051.598041        -14520.82035                
Si              35                                                      
    -4.428405199        -3.561476693       -0.5402916293                
     2.303723503        -4.739103740        0.9039191565                
    -15726.36298        -31262.77548        -33623.59747                
Si              36                                                      
     5.749707691        -6.677549979        -6.415999778                
   -0.3622734066        -7.184537537        0.1523328461                
     1926.619041         590.8118549        -8971.108696                
Si              37                                                      
     2.527055790        -3.632007157        -6.616880315                
   -0.3593592396         6.350724134         4.820897090                
     591.7103908         24834.63880        -7650.706589                
Si              38                                                      
    -7.555616003        -6.611862771       -0.2795627865                
     2.160597593       -0.3446027608E-01    -2.333921613                
     5886.598421         11044.85952         5634.359009                
Si              39                                                      
    -7.622815325        -3.499887889       -0.4303959735                
    -7.514284728       -0.1362079520         3.033987928                
     3777.703466        -208.5099378         3237.423730                
Si              40                                                      
     2.582297222        -6.711486230        -6.418605310                
     1.840530939         2.013745504        -4.449407195                
    -8859.637109         9649.801918        -3354.423647                
Si              41                                                      
     8.736543367         2.527996541        -2.688492123                
     3.022499869         1.711887144         2.251075648                
    -19399.46027         8124.535129        -5012.413080                
Si              42                                                      
    -1.367320485         7.417304157        -4.196325720                
     3.450214560        0.7979957828        -2.096228103                
     17104.90831         25851.07060        -17932.65240                
Si              43                                                      
    -1.413231740         2.531946750        -4.425321934                
    -3.849499597         1.006951141         1.533527438                
     11087.94748        -8655.425568        -11221.78855                
Si              44                                                      
     8.731282364         7.554377966        -2.638240690                
     1.749083146        -4.285071838        0.7888112959                
    -4010.437835        -9434.276812         21297.36128                
Si              45                                                      
     6.409100780         3.457344128        -4.538684271                
     3.400247185        -1.799796102        0.9846425351                
    -7594.706378        -1962.823274        -5079.640024                
Si              46                                                      
    -3.657524169         6.541718564        -2.277329750                
    -5.352954051        -5.311005840         2.816434402                
    -2166.294248        -15997.89568         1292.291055                
Si              47                                                      
    -3.675881180         3.383158370        -2.493557860                
    -4.585278836         1.979000489         1.422262570                
    -9701.352115         197.1223883         7180.553863                
Si              48                                                      
     6.434727719         6.548385268        -4.519333345                
     2.752486340         1.784399710         5.842320861                
     3624.336308         9492.636460         7158.418815                
Si              49                                                      
     8.604081555         1.234005889         2.146748901                
     1.099473645         2.820612413        0.7611857574                
     3937.673382         12485.85278        -389.7587569                
Si              50                                                      
    -1.541837928         8.836902660         4.595803168                
     1.740748619        -2.350973903        0.7792629332                
    -5460.188339         11046.80133        -11523.79756                
Si              51                                                      
    -1.504415438         1.213272978         4.479095222                
    0.3743368147       -0.1712738551       -0.8114733048                
    -34733.78480        -17017.80026        -7380.441901                
Si              52                                                      
     8.654540122         8.784327956         2.151154979                
    -4.262149886        0.1488906682        -3.303089066                
    -11738.72005        -25437.57618         31574.48889                
Si              53                                                      
     6.214560664        0.6501673657         4.019019370                
    -2.951044049         3.187010320         4.765405432                
     4416.530236        -5222.616767        -5411.406096                
Si              54                                                      
    -3.931091936         9.519703386         2.666348725                
     3.433402018        -5.149134198         2.548813537                
     9541.119069        -19992.52649        -4029.414096                
Si              55                                                      
    -3.914482760        0.5484038313         2.550104908                
    -3.108574277       -0.3477364632       -0.1643662775                
    -13478.58654        -6036.701062         18420.48475                
Si              56                                                      
     6.344410188         9.288494245         4.211602975                
     2.970828177        -2.930123811       -0.8775975179                
     20763.89598        -4993.993080        -1496.312131                
Si              57                                                      
     4.562863155        -1.256947247        0.2829742592                
    -2.116767970        -4.962077574        0.7128177646                
    -8640.421267         15769.34232        -3901.514492                
Si              58                                                      
    -5.587992755        -8.872460426         6.371784926                
   -0.2897012255         2.756137138       -0.7700407346                
    -4390.444384         8061.850674         605.6608316                
Si              59                                                      
    -5.718796917        -1.232006983         6.392908494                
   -0.9692062579E-01     1.770158396       -0.3838551287                
    -7917.706408         4775.534674        -17289.77300                
Si              60                                                      
     4.608445398        -8.814354806        0.4569854362                
    0.4207743637        -1.323424431       -0.7310213206                
    -7633.744154        -27394.31262         16540.66589                
Si              61                                                      
     7.708546724        -1.207994132        0.2521944151                
     3.940446922         2.215835642         5.193046841                
     6295.534394        -13259.87869         17518.09369                
Si              62                                                      
    -2.424249522        -8.918290808         6.364940936                
    -6.339857272        -3.826686159        0.5700270306E-01            
    -2507.132318         11550.71428         5051.267594                
Si              63                                                      
    -2.557252945        -1.224483591         6.322214284                
     6.065037227        -1.181891225        -1.267979188                
    -2024.910654         6528.979481        -5060.422911                
Si              64                                                      
     7.784030092        -8.944047050        0.4188668116                
    -4.425880549         3.773394075        -1.729520885                
    -11545.79872         13537.66108         25461.84151                
Si              65                                                      
     1.473638700        0.5410742020         4.144420503                
    -6.299623281        -1.509165447         1.698809841                
     1974.461303        -16812.02309        -11030.87700                
Si              66                                                      
    -8.658351852         9.516064590         2.416213555                
    -3.158714427        -3.332209755        -5.303842539                
    -29076.30914         12198.84874         25346.07592                
Si              67                                                      
    -8.649625164        0.7181089768         2.517586312                
    -3.851429846        -1.214183534        -3.809774878                
     18261.69432        -5552.566000        -5144.701735                
Si              68                                                      
     1.515772136         9.527293242         4.234910138                
    -1.504144217         2.451258202         5.264639493                
    -4925.312560        -10395.41179        -5494.511503                
Si              69                                                      
     3.774252667         1.200570512         2.138046733                
   -0.3616120243       -0.6822275264        -1.198146080                
    -12850.36152        -9100.752484        -10500.37596                
Si              70                                                      
    -6.456592742         8.933918371         4.501571290                
     4.956612428        -1.528996082        0.2747389756                
     13731.03608         5230.547113        -3033.686437                
Si              71                                                      
    -6.371409417         1.262602159         4.531164678                
   -0.2429531741        -1.808194496        -2.333463914                
     13205.59043        -14470.61562         1757.928589                
Si              72                                                      
     3.846268384         8.785771864         2.301421074                
     2.247406797        0.2413551618        -1.286755105                
     18142.34685        -6413.111292        -8298.806248                
Si              73                                                      
     8.717064550        -3.477382334         2.186740303                
     1.985856902         7.595655643        -2.520403880                
    -13124.05323        -13329.77545         7258.598169                
Si              74                                                      
    -1.395668150        -6.584699021         4.584265049                
    -3.745411957         3.828077160        -4.027023365                
     1216.237472        -6127.099059        -15879.11773                
Si              75                                                      
    -1.585975776        -3.431024002         4.286195810                
   -0.1360183404E-01     5.206527543        0.2020944513                
     17585.79756        -20682.89219         25227.47475                
Si              76                                                      
     8.687915737        -6.628769448         2.367897846                
    -1.211334703        -1.851132359        -3.541179121                
    -7571.553959        -19675.90124         3430.815042                
Si              77                                                      
     6.428301627        -2.491421733         4.052690592                
    0.3430279220        0.9038292548        -3.949182959                
    -15704.11669        -23403.65448        -3912.720976                
Si              78                                                      
    -3.704708640        -7.547295680         2.626207638                
    -2.181243699        -4.003920293         4.109266320                
     4648.892967         17176.77011         20388.78829                
Si              79                                                      
    -3.885244933        -2.657840277         2.380447466                
    -3.101845392        0.8144999902        -3.906197818                
    -354.6279796         14555.74211         9040.526425                
Si              80                                                      
     6.302425178        -7.678155356         4.197822323                
    0.4974032178         1.885417646        -3.297113965                
     5450.809423        -19794.42689         20556.81983                
Si              81                                                      
     4.464013261         3.470252652        0.2052972969                
    0.1655092856         2.742229155        -1.533238734                
    -6209.262599         2966.473612        -18035.74298                
Si              82                                                      
    -5.660751513         6.636104786         6.436573151                
    -2.846783717         2.071279521       -0.8846430802                
     12013.99827        -12675.92963         17627.51740                
Si              83                                                      
    -5.613547175         3.541438990         6.446213083                
    -3.903441653        -2.201122571        -1.343243849                
    -8984.952294         7739.544794         3468.620829                
Si              84                                                      
     4.482100069         6.534739242        0.3001514028                
    -1.165778741         1.517872995         1.024729304                
     10889.15577         5485.430168        -9228.750514                
Si              85                                                      
     7.598978513         3.413414637        0.1568520603                
    -4.419276602        -1.846031554       -0.9556802237                
    -894.2466303         10625.29921        -10407.52710                
Si              86                                                      
    -2.438733208         6.517967069         6.548991695                
     1.189775101       -0.2767148716E-01    -2.071804641                
     206.9547448         26302.41996        -15755.30953                
Si              87                                                      
    -2.484784189         3.470083069         6.317385951                
   -0.2687266630       -0.9668240495         1.885330557                
     18856.78830        -7098.155873         1854.424836                
Si              88                                                      
     7.682489695         6.538201492        0.2306610650                
     2.186402069         2.171100028         1.177708310                
    -19497.06885        -4145.253360        -9527.056698                
Si              89                                                      
     1.498102011        -2.647016340         4.113239470                
    -2.251143933        -2.245479355        -1.821093359                
    -19427.72079        -4625.668667         5915.734512                
Si              90                                                      
    -8.648612980        -7.451440043         2.567982405                
    0.7248968993        -1.651530220        -2.781961917                
    -2948.334314        -15908.55716         28098.29232                
Si              91                                                      
    -8.645429369        -2.489135856         2.424967313                
     4.496276069        0.8276777362       -0.8053960554                
     14705.16314         13406.80197         9262.570032                
Si              92                                                      
     1.616912146        -7.501546640         4.253329611                
    -1.655867572        -2.631794916       -0.1885618351                
    -20682.51693         3411.265086        -4795.353726                
Si              93                                                      
     3.918278755        -3.447728138         2.305257754                
    -2.132474052        -2.052574248        -2.803471672                
    -1889.707184        -14235.62234         4896.931874                
Si              94                                                      
    -6.217959708        -6.549458451         4.402071163                
   -0.9475498801E-01   -0.8162323599         2.070446871                
     8938.682234        -17253.37123        -9669.442698                
Si              95                                                      
    -6.288812512        -3.488698143         4.288946557                
   -0.1039064675        -6.160221590        -4.630527470                
     128.4889086         34814.84399        -9291.517880                
Si              96                                                      
     3.925836092        -6.544690093         2.434429023                
    0.8337430693         1.134582912         3.728985391                
    -10552.45647        -18758.26106         7493.196674                
O               97                                                      
     2.628130257        -1.286336122        -3.405607402                
    -1.362232000         4.954510116         4.167730651                
    -727.5290748         5566.482077        -1098.946158                
O               98                                                      
    -7.515685727        -9.034686551        -3.402522778                
     4.500570501         1.140940940       -0.2829708917                
     15703.87887        -2570.914848        -24864.91352                
O               99                                                      
    -7.638940942        -1.044650229        -3.485902159                
    -1.346293557        -1.855858627         3.134869859                
    -5298.347101        -6304.044499         18672.17604                
O              100                                                      
     2.685026587        -9.124116922        -3.301685652                
     2.481709167        -8.763125477        -7.372967916                
    -4098.789359         7779.544655        -2427.453693                
O              101                                                      
     4.080571812        -1.099199327        -1.222554985                
     2.916475175       -0.7372367024         4.787819766                
     8587.932062        -619.9745589         20706.52188                
O              102                                                      
    -5.975157046        -9.057050004        -5.661382821                
     4.741894022        -4.904414707         1.716858482                
    -2255.956578         2871.933623        -14307.61974                
O              103                                                      
    -6.193742657        -1.099427029        -5.718512903                
    -1.121537358         4.781187512         3.736342283                
     2594.878972        -5308.930989         17793.85050                
O              104                                                      
     4.208579127        -9.117681373        -1.011026580                
    -2.743995845        -3.732214284        -4.633721581                
    -10569.05956        -4708.208341        -20298.14418                
O              105                                                      
     4.066212977         1.159742985        -6.509931169                
    -2.033072074        0.8166431507E-02   -0.8801035898                
     44964.38802        -1828.203997        -5192.929188                
O              106                                                      
    -5.942614077         8.814756289       -0.4575626127                
    -2.112130451        -3.218528016        -4.638426281                
    -21108.61943        -6323.501147         5013.253355                
O              107                                                      
    -6.066615349         1.232256511       -0.4644788229                
     1.925294974         3.383192966       -0.4874532717                
     21200.97875         1911.717555        -8186.039556                
O              108                                                      
     4.133067032         8.923064177        -6.351351613                
    0.4336904214         4.281396679        0.2355307494                
     13553.24402        -4051.438111        -5479.773671                
O              109                                                      
     8.132868933        -1.103014317        -1.279097598                
     3.700227857         7.093552349        -7.407775673                
    -2304.269391         6233.275777         16269.63084                
O              110                                                      
    -1.903391443        -9.087015894        -5.732531386                
     10.49313310        0.9514822388         2.890525036                
    -9147.545150         7237.088430        -4731.836189                
O              111                                                      
    -1.920536481        -1.104440447        -5.813113763                
     2.987267814         2.349501049        -4.262512783                
    -8878.871151        -7846.520482         2785.503163                
O              112                                                      
     8.265962331        -9.074868259        -1.015498899                
    -4.267928862        -3.867192707       -0.4567006239                
     3721.822210        -1079.440322        -20531.97067                
O              113                                                      
     7.597045758        -1.107200705        -3.817308752                
    -2.840250590       -0.2576609282         4.378168739                
     19016.23822        -231.5722782         10373.39965                
O              114                                                      
    -2.457532735        -9.095758093        -3.140482463                
    -3.609341371         1.496198298         2.413109513                
    -1077.623392         7745.822853        -11117.78858                
O              115                                                      
    -2.465031691       -0.9422495953        -3.275143654                
    0.8879975793        0.3283911461         5.613901330                
    -3243.200619        -21866.40458         1235.786770                
O              116                                                      
     7.849106867        -8.892598910        -3.579342019                
     3.006332940        -7.514281527         4.641987873                
    -11029.52443        -7304.820526         4278.105303                
O              117                                                      
     5.149990372        -1.130651372        -3.558592288                
    -6.180457332       -0.1016465707E-01     2.554799285                
     10303.94915        -116.3362529        -10831.55440                
O              118                                                      
    -4.970117294        -9.070730826        -3.279529080                
    -2.494852615         7.193540015         2.124676518                
    -3826.262575        -243.5179449        -2974.501555                
O              119                                                      
    -5.020986705        -1.124644366        -3.351429325                
     1.221548433        0.8940514973         1.864182765                
    -3598.361269         88.82133519        -9495.654884                
O              120                                                      
     5.231940991        -9.083172725        -3.380150680                
    0.6626381049        -2.744421598         6.318627314                
     7851.040012        -9021.815195         4399.228666                
O              121                                                      
     2.724480322         3.071836503        -3.640767824                
    -1.478478231       -0.3949276202         2.097405450                
     9761.206032        -14166.99997         22664.92762                
O              122                                                      
    -7.498915388         6.868386077        -3.403634705                
    -6.283980530       -0.3809162153        -5.396979599                
     11281.03371         8051.488913        -239.8871002                
O              123                                                      
    -7.576168449         3.051620825        -3.547219124                
    -2.161920527         10.71961754         1.082362514                
     4471.450815         4587.477313        -2485.962048                
O              124                                                      
     2.682509926         6.804018479        -3.470015906                
    -5.003400657        -3.825866760         3.395429856                
    -5965.360362         3075.486150        -3374.687789                
O              125                                                      
     4.036012511         3.089905631        -1.295135963                
    -4.278254123         3.727858775         3.269494061                
    -3401.093624        -12284.16931         4480.140978                
O              126                                                      
    -6.090580455         6.918619056        -5.622824685                
    -4.683647715         1.589020589       -0.8111821003                
     7056.878459         3083.689575        -11377.69365                
O              127                                                      
    -6.003234947         3.055265370        -5.696807771                
    0.3339136236        -2.451231146        -2.169532247                
    -6625.362285         7550.625348        -484.0965936                
O              128                                                      
     4.116050405         6.928546544        -1.197646359                
     4.342995283         2.599555310        -7.086388222                
    -796.0846811         1696.236967        -3151.205507                
O              129                                                      
     4.112263687        -3.501423552        -6.656863770                
    -6.372558327         3.262605795         2.708579880                
     12838.27264        -692.5266318         1456.724578                
O              130                                                      
    -5.962712801        -6.689802144       -0.3076926851                
    0.9347237916        -2.256204262         1.566043483                
    -10408.94958        -4689.793386         11183.92009                
O              131                                                      
    -6.052255564        -3.490471010       -0.7173900190                
     6.591828122         2.617485936         1.179399896                
     7458.137597         8223.986345         17486.96858                
O              132                                                      
     4.158639669        -6.736129494        -6.321160043                
   -0.4088443551E-02     8.560570372        -7.901086357                
     2063.001873        -2921.999192        -5017.936368                
O              133                                                      
     8.127782491         2.989629295        -1.280968122                
    -4.119785832         1.570674774        0.9989125214                
     5789.940301        -4650.494685        -2045.797756                
O              134                                                      
    -1.820742515         6.938016419        -5.628980323                
     2.845902995         5.271998202        0.1164685042                
    -17843.58691        -6116.281505        -11286.08030                
O              135                                                      
    -1.955868550         2.986069042        -5.848716472                
    0.7122922635        -2.479613127         2.881865807                
    -3903.743617         5025.563425        -738.9703042                
O              136                                                      
     8.151732984         7.029599743        -1.201420270                
     4.729653695        0.9923327564         2.614437224                
     8109.171031         3887.486021        -10073.23591                
O              137                                                      
     7.733552088         3.098631965        -3.824183896                
     6.036401224        -2.092144658        -2.868286568                
     19142.64825        -9468.965621         17666.43087                
O              138                                                      
    -2.359074573         6.817517389        -3.151053186                
     2.374827834        -1.389139203        -4.454759988                
    -2764.144095         9176.364491         10155.69384                
O              139                                                      
    -2.402290054         3.083311243        -3.355095643                
     3.506546469        0.9155297326         2.309277698                
    -2439.605378         518.3326385         3951.144840                
O              140                                                      
     7.727688275         6.968066590        -3.682952130                
     7.562546741       -0.6053518792        0.2130406330                
    -3210.011347         4200.392410        -6209.696326                
O              141                                                      
     5.213757098         3.003471713        -3.559611766                
     6.313240646         3.293908270        -2.820623640                
     17351.13156         6169.773005        -9637.926718                
O              142                                                      
    -4.890624723         6.950692875        -3.220334771                
     2.105410426        -5.944460020       -0.7581271294                
    -7860.098833         1721.815586        -3835.736961                
O              143                                                      
    -4.961729174         3.018412345        -3.382012974                
    -1.402917253         3.973729148        -4.717256292                
    -8653.398637         4006.391568         41.72649724                
O              144                                                      
     5.170128734         6.938825237        -3.606192305                
    0.5037911269        -7.536963915         4.859394386                
     6151.596761        -3769.243360         1545.582489                
O              145                                                      
     3.933922303        0.9251561443        -2.789035195                
     5.226748746         1.280727199         4.363792109                
    -3344.565238        -17497.11710         10923.58294                
O              146                                                      
    -6.193173877         9.013046105        -4.157713029                
     3.213220715       -0.4191490935         3.673914270                
     263.9104626         4079.654978        -2302.251783                
O              147                                                      
    -6.280220593        0.9625712518        -4.231174586                
     1.103820823         4.394483439         2.089324765                
     894.7362517        -9230.421613         6322.245585                
O              148                                                      
     3.849741370         8.974209933        -2.686721994                
     2.644851102         4.149999021       -0.9958704999                
     9926.744044         3549.350587         9085.063408                
O              149                                                      
     8.593329272        0.9478098962        -2.759588221                
    -3.725136073        -1.920481080       -0.7658514168                
     4704.913774         3546.959658         3073.953002                
O              150                                                      
    -1.448862980         9.069597937        -4.210093405                
    -1.160819694        -1.569927031        -2.918633085                
    -288.2133782        -19092.15619         3493.031966                
O              151                                                      
    -1.413685572        0.9427258312        -4.402439721                
     4.539279671         6.687359152        -8.596368531                
    -942.7668087         5949.048975         3011.280471                
O              152                                                      
     8.739820114         9.136033251        -2.555900855                
     1.791828506        -1.589314395         1.487162428                
     1926.708245         11178.38533        -7079.912182                
O              153                                                      
     1.914616757        -2.604143124        -5.566439274                
    -1.596361341         2.522940015        -1.706412780                
    -1529.192240         1522.838666         11426.96988                
O              154                                                      
    -8.045967322        -7.586881107        -1.378630459                
   -0.7546575466         2.219109671         1.415107733                
    -13950.76628        -1084.209702        -2162.165678                
O              155                                                      
    -8.333409236        -2.511089066        -1.436033843                
   -0.5448451881        -4.545748700       -0.8865460825                
    -2714.866704        -928.6906016        -3298.865254                
O              156                                                      
     1.950970204        -7.689946703        -5.349765871                
     3.046185999       -0.4069150170         8.124123866                
     11215.98175         19723.26183        -8871.176374                
O              157                                                      
     2.069811106       -0.4459875554E-01    -5.501504190                
     2.799719517         3.082297409         4.493057523                
    -7507.010983        -17988.21786         5032.279627                
O              158                                                      
    -8.037593662         10.08553787        -1.292165279                
     3.611868105        0.4634568086         3.085525495                
    -7079.251686        -11647.52988         6763.713511                
O              159                                                      
    -8.145102452       -0.3818779990E-01    -1.248785613                
    -3.175300291        0.9047607992         5.484795090                
    -11303.42932         2346.633390        -11043.74024                
O              160                                                      
     1.992748079         10.03168016        -5.529131502                
    0.1847752660         1.623875233        -2.050823636                
     10122.68572        -11616.72581         1181.209811                
O              161                                                      
     2.025566977         2.468186315        -5.850315646                
     1.928794663        -1.606562088        -4.793203381                
    -6948.497419        -5684.400854        -633.4766363                
O              162                                                      
    -8.138332915         7.485362553        -1.080333732                
     2.248499460         4.298943521        -3.519013086                
    -1604.975648         4046.497196        -13093.45926                
O              163                                                      
    -8.165172487         2.518822349        -1.269908283                
     5.185281720         3.191023518        -3.315976904                
     9504.725138        -20422.96354         15787.21060                
O              164                                                      
     2.097814815         7.477571253        -5.819265634                
    0.9596600714        -6.612583109        -2.164434244                
    -4735.958019        -12588.82610         19188.71004                
O              165                                                      
     6.196946522        -2.535231455        -5.556015744                
     1.855314041         2.612187628        -3.234805720                
     1191.400845        -1632.299289        -3600.224070                
O              166                                                      
    -3.878667755        -7.731790419        -1.315370028                
   -0.6384593836         2.696215157        -5.478236473                
    -6509.615107         7694.548420        -1538.420478                
O              167                                                      
    -3.858485616        -2.694137256        -1.701560183                
     5.153916499         8.609945432         2.297083356                
     9453.030437         19227.61853        -2013.857043                
O              168                                                      
     6.214827880        -7.678987552        -5.295288777                
     3.670903018         5.854743817        -8.064052670                
     8679.624706         12974.26309        -430.3377935                
O              169                                                      
     6.166524541       -0.4261614896E-01    -5.649591067                
   -0.7543647031        -2.090290615         7.902119638                
    -929.6697483         9605.528723        -10785.14231                
O              170                                                      
    -3.893053547         9.996495601        -1.293458309                
    -2.583806493         9.036500983         5.758689087                
    -6107.050114        -16484.13484         7852.599350                
O              171                                                      
    -3.995903785       -0.1706894030        -1.269091631                
    0.7169116182         2.944114230         4.141439042                
     2350.571625        -15519.83692        -15940.31159                
O              172                                                      
     6.309100093         9.990841724        -5.408928073                
    -1.295186912        -8.048638750         3.557597105                
     1694.596679         21347.02583         20418.03489                
O              173                                                      
     6.160432967         2.474208721        -5.760053380                
    -1.566473407        -1.048169085         1.360466911                
     4673.064634         6819.557020        -1722.973973                
O              174                                                      
    -3.816695783         7.509427968        -1.001777200                
    -5.049703820         6.756354712       -0.8354978272                
     3096.770946        -23365.12158        -24197.56243                
O              175                                                      
    -3.831585508         2.315724948        -1.313241839                
    -8.456103101        -5.802758732         3.807425879                
    -5299.357536         6494.354505         4371.253062                
O              176                                                      
     6.228806094         7.551874150        -5.699637247                
     3.177270826        0.5644393474        0.3517857682                
    -442.5895426        -13808.20293         6099.612834                
O              177                                                      
     10.13723242        -1.036709415        -2.705019190                
    -10.65573224         1.304207461         2.691262567                
     990.2646629         3226.942768         7678.859621                
O              178                                                      
    0.1115008382        -9.104955050        -4.179944010                
     3.731074041        -5.112887926         3.486764349                
     1773.653945         6989.697829         293.5226995                
O              179                                                      
    0.7534924258E-01    -1.073076337        -4.282680934                
    0.9676677193E-01     2.873584479         5.393959376                
     14878.09359        -18962.69063         3311.787016                
O              180                                                      
    -10.02952134        -8.961794084        -2.482403165                
     1.021914151        -1.628026335        -1.604446830                
     10071.32953         911.1329018        -334.8653660                
O              181                                                      
    -10.09004452         3.003111639        -2.706518062                
     1.833800902        -2.646196781        -3.042229666                
    -6512.763717        -2318.555434        -6330.016737                
O              182                                                      
    0.1503025446         6.917599703        -4.281913396                
     2.723440049        -1.509386742        -1.509791215                
    -5798.022851         5184.295708         16794.97589                
O              183                                                      
    0.8565576504E-01     3.020352325        -4.320918965                
   -0.2850470952         2.081678329         1.112331812                
     9057.294567         4680.106600         333.6281333                
O              184                                                      
    -10.09180343         7.016977697        -2.700165377                
     1.952540493         4.006703669        -13.24833026                
     5348.421704         2075.809087         3903.909055                
O              185                                                      
     1.667711826         4.957727911        -4.918944499                
     5.379940654         3.619638556        -4.144157450                
    -4692.051991         10069.45036         7415.791822                
O              186                                                      
    -8.567333480         4.977245925        -2.148940260                
    0.7954255865        0.8141170257       -0.5046634377                
    -2847.076641         10346.24461        -5428.222858                
O              187                                                      
     6.469284933         5.021360239        -4.757321309                
     3.385709589        0.2747318479         2.724767554                
    -9138.046149        -11198.89989        -2309.606226                
O              188                                                      
    -3.694907462         4.941522512        -2.132770184                
     3.600487380       -0.5675394722        -1.399725721                
    -1819.070925         3315.277598         1808.206793                
O              189                                                      
     6.042189646        -5.087847008        -6.432514078                
     4.485335894         2.073973510         7.417551658                
     137.0465889        -13508.91526         1532.614396                
O              190                                                      
    -4.102905657        -5.131543663       -0.6297353925                
    -10.38730516        -6.982826756        -7.331677832                
    -3688.856391         6860.304204         10452.22507                
O              191                                                      
     2.281866962        -5.134023347        -6.323284956                
     1.416956121         1.064340369        -4.252199257                
    -2856.971937        -16300.00909        -1303.627860                
O              192                                                      
    -7.869724853        -5.068222218       -0.4353708193                
     3.151999771         5.369292501        -1.652975602                
    -4967.969666         1838.327079        -1237.303726                
O              193                                                      
     7.512884994         1.162902741         3.285034296                
    -9.193470161        -3.240267421        -1.221640804                
     3476.433812        -7626.742369        -3650.478709                
O              194                                                      
    -2.601335646         9.089036395         3.413121953                
     3.881962421         3.363904616         3.143757997                
     3671.093909        -10932.51326         2355.626058                
O              195                                                      
    -2.582041053         1.057232751         3.279575804                
    -7.217274474        -4.506209994        -4.270256520                
    -5767.592982        -1652.381092         4246.913426                
O              196                                                      
     7.637420840         8.817059980         3.408236558                
    0.3766304855        -2.807043390       -0.1917105971                
     3903.285398         5135.513307        -8751.244428                
O              197                                                      
     6.120513033         1.068505421         5.494735557                
    -4.889564632        -1.254116352         1.910147831                
    -5979.283062         6595.655649         24762.30251                
O              198                                                      
    -4.003805116         9.050506208         1.137067899                
    0.4313427383        -4.597700693        -2.848248336                
    -6465.370218        -997.7318036         10330.35023                
O              199                                                      
    -4.142286398        0.9852097145         1.060909837                
     1.742092333        -1.193725381        0.4855394281                
     11128.91660         4481.643805         3428.977541                
O              200                                                      
     6.249298537         8.969748217         5.759388414                
    -1.621668541         3.304747265        -2.720611639                
    -11941.29990         1214.707782        -8804.886081                
O              201                                                      
     6.143296166        -1.197208250        0.3234345062                
    -2.029639106        -6.239818790         1.691768076                
    -3822.819621         5956.012748        -7803.104134                
O              202                                                      
    -4.008602082        -8.963545964         6.336087275                
    -2.545116789        -5.301569931        -1.575778701                
    -4920.045685         9068.144526         6897.607554                
O              203                                                      
    -4.155623885        -1.197066498         6.389806502                
   -0.5335564830        -2.880102059         8.201903346                
     17862.02376        -6515.276494         8216.808232                
O              204                                                      
     6.181744253        -8.802296854        0.4480761465                
     1.475835821        -3.274373201        -3.053753541                
     12286.03698        -4165.487222         2416.109082                
O              205                                                      
     2.050912355        0.9019647016         5.573093102                
     4.881479945         4.158434224       -0.4439499416                
    -4098.423913         2678.012776         4641.087225                
O              206                                                      
    -8.083431067         9.057737892         1.034440811                
    0.9401305192        -3.527867139        -3.502210151                
    -1846.811471         4840.362481         2831.721739                
O              207                                                      
    -8.114391134         1.119805348         1.047038525                
    -3.355229127         1.363850672       -0.1714907635                
    -8560.312140         3702.123021         6357.753043                
O              208                                                      
     2.045915589         9.142897133         5.679902218                
     5.598718607         1.311106840        0.2282688942                
     10408.58937        -5481.015600        -2333.697489                
O              209                                                      
     2.455528406        0.9724219112         2.934817859                
    -2.301962562        -6.086233447         2.516631176                
    -11187.20845         2574.443067         24210.27418                
O              210                                                      
    -7.703351186         9.052967971         3.558654535                
    -1.468442382        -7.360200035         5.519349046                
     7322.872598        -4580.552201         6336.200511                
O              211                                                      
    -7.673947520         1.183402888         3.685455977                
     2.401227073         4.801678142         1.215811304                
    -15407.12522         2193.847930        -9102.008611                
O              212                                                      
     2.538414551         8.978608792         3.105067944                
    -8.678617811         2.730756882         4.919598682                
    -9912.392429         4893.351168         21113.68831                
O              213                                                      
     4.960257265         1.048448724         3.139910431                
    -1.010227412         5.926167420        -1.473973012                
     9359.668186        -3150.003488         8831.246158                
O              214                                                      
    -5.218959080         9.040258776         3.490918757                
     5.859530057        -6.730920101        -7.421624437                
     2251.205482         3606.914700        -4256.813573                
O              215                                                      
    -5.229910604        0.9523514242         3.457893312                
     2.347826528         3.148428349         3.371293724                
     21349.87437         6693.834768        -6924.360325                
O              216                                                      
     5.140149928         8.790043197         3.335754901                
    0.1029649731        -3.502581831        -1.534482068                
    -27515.54883         2563.256759        -8160.993705                
O              217                                                      
     7.694790970        -3.039505510         3.299485861                
    -3.637322956        -5.567184073         2.748122224                
    -6065.760050         1281.898967         6756.558527                
O              218                                                      
    -2.415165933        -7.066141604         3.445572214                
    -2.553170463         3.174230526        -2.337981287                
    -5930.491134        -1205.416311        -9886.168782                
O              219                                                      
    -2.586563551        -3.192870439         3.141656458                
    0.9469519260        -4.855504275       -0.8575921904E-02            
    -10734.53319         7929.527737        -16033.23966                
O              220                                                      
     7.507443551        -7.078908098         3.401549361                
     4.750242964        0.6394996328         7.802599996                
     18964.64902         8014.397123        -11039.31848                
O              221                                                      
     6.240607018        -3.101457290         5.489713820                
    -1.850446858         3.191142211        -4.919304525                
     3356.219981         2402.803302         5787.631597                
O              222                                                      
    -3.839929118        -7.031455006         1.139269638                
    -1.684977865         2.124527064        -3.747391467                
    -8275.675830         1653.677207         6142.998854                
O              223                                                      
    -4.058567455        -3.090815518        0.8748113567                
     4.524353555        -2.480637617         2.615729474                
     3025.226099         3293.679403         13080.87343                
O              224                                                      
     6.214224618        -7.300823169         5.754208593                
   -0.6664660926         3.103941512         1.519251471                
    -6351.882993         14192.94028         117.8540325                
O              225                                                      
     6.010386350         3.190756788        0.1710982714                
    -3.686999167        -2.315380185        -2.708679116                
     14897.36860         8970.853495         5473.015822                
O              226                                                      
    -4.041234176         6.676725104         6.501795304                
    -1.613443024       -0.9244526959        -1.609236156                
    -3729.229405        -4905.262491         3817.805882                
O              227                                                      
    -4.065879176         3.406520127         6.309299157                
     2.372623975       -0.4193028239E-01    0.6332731801                
     17509.61505         3220.574229        -2362.718603                
O              228                                                      
     6.078062242         6.663832964        0.3958659666                
     8.625553885         4.052216096         3.947401653                
     2679.687637        -1722.057444        -7085.238336                
O              229                                                      
     2.030293147        -3.107022143         5.532738579                
    0.8006434469E-01    -2.658675290        -8.103090564                
     3718.493458        -11670.86464         2457.412597                
O              230                                                      
    -8.156714689        -7.046555191         1.145009656                
    -5.013475446        -3.247394858         1.896839083                
     8201.026544         512.7360601        -13604.00390                
O              231                                                      
    -8.068274879        -2.960529005         1.030536041                
    -2.789236727         3.364839256        -1.968075807                
    -1111.708196        -6733.221691        -13182.45979                
O              232                                                      
     2.118445218        -7.120383460         5.693753209                
    0.9586695714        0.9318464543        0.1241870092                
     12886.09861        -1798.309378         12423.27076                
O              233                                                      
     2.483506269        -3.228541551         2.990429458                
    -5.161301065         2.630357942         3.392334716                
     10072.47721         17846.24322         5115.710897                
O              234                                                      
    -7.520335235        -6.919129509         3.599387209                
    0.5881771914         5.323687755       -0.9757776484                
    -14785.67803        -6403.683410        -13932.72356                
O              235                                                      
    -7.607017665        -3.068468505         3.498010127                
    -4.574720172         5.202471175         1.600759488                
    -10547.03799        -1438.756590        -652.9664709                
O              236                                                      
     2.537577480        -6.833413379         3.172681787                
     1.546451629        -4.843825450         1.736439273                
     13756.93638        -7371.768651         20.66399657                
O              237                                                      
     5.109828983        -2.962097793         3.230376664                
    -4.166795124       -0.3865018909        -7.250960041                
     3140.768997         1204.825971         982.5319265                
O              238                                                      
    -4.952085388        -6.991532982         3.519541222                
   -0.1542212389         3.204907305        -2.699984189                
     3723.167137         1024.245578        -10792.53946                
O              239                                                      
    -5.111279693        -3.118454460         3.254890687                
    -3.065659022        -3.196237112         1.150513229                
    -1377.279651        -5940.695873         4295.707530                
O              240                                                      
     5.040905395        -7.120443626         3.460381364                
    -3.727217941        0.8647780531        -8.219352669                
    -11283.39415         7391.643435        -12273.42231                
O              241                                                      
     6.302803022       -0.9624407483         4.108684061                
     10.19326844        0.8571222304         1.513490754                
     5665.790749         26732.83467        -6150.587970                
O              242                                                      
    -3.864348094        -9.102906116         2.605283098                
    0.7549858992         1.035551098         3.480739407                
    -3824.149734         8414.141863         103.3639588                
O              243                                                      
    -3.870044583        -1.059138016         2.471786806                
   -0.3683871373        -2.616368665         4.364689063                
     5283.325249         1342.146399        -1976.217935                
O              244                                                      
     6.339483958        -9.292992645         4.154446279                
    -1.403121487        -1.390835392         4.606498420                
    -3967.158514         12117.61191        -3561.565949                
O              245                                                      
     1.420630468        -1.071101141         4.110667635                
     5.047311172        -2.103275476         4.563342117                
     13479.13811         10168.11665        -8015.295831                
O              246                                                      
    -8.803127982        -9.071066007         2.621330641                
     3.302451688         4.308262137         13.19113845                
     21941.13868         8399.600027        -14452.36099                
O              247                                                      
    -8.572171597       -0.8752350804         2.530858843                
   -0.5726335627        -4.011575721        -4.548210946                
    -11824.12276        -10903.35356         164.2479353                
O              248                                                      
     1.543272920        -9.078227164         4.074968521                
     1.324213503         3.170181136        -7.274628596                
     8516.426252         2028.371827         3152.364344                
O              249                                                      
     8.244947770         2.528542152         1.252674907                
     8.355651468         2.660075510         4.374975717                
     8246.009712        -19572.70336         9231.656400                
O              250                                                      
    -1.965422261         7.588851078         5.427268911                
    -8.623191128         2.700772789         6.332426159                
     7954.784531        -17300.20150         10894.07029                
O              251                                                      
    -1.762133760         2.525887598         5.267056032                
    -8.576508705         3.506775011        -1.864970263                
    -11590.05387         6639.469299         4402.025666                
O              252                                                      
     8.287828908         7.488173396         1.268248374                
    -2.950131979        0.4357048262         3.592618456                
     19193.19242         15040.63671         16225.44600                
O              253                                                      
     8.221416812        0.4378094034E-03     1.193445093                
     2.019430713        -4.283636102        -1.328270575                
     4244.492415        -898.3393550        -9270.075824                
O              254                                                      
    -1.967925137         10.07362103         5.510364437                
   -0.3997317029         1.371508216         3.020374356                
     15621.25736        -16287.90177        -7207.619878                
O              255                                                      
    -2.076445330        0.3632015254E-01     5.493893504                
    -5.975721966        -5.331004056         4.395400376                
     12834.81532         10814.18308        -12160.51509                
O              256                                                      
     8.286679017         9.961923231         1.237990871                
     8.130303830        -5.138138646        0.5131740421                
    -10616.90545         17973.39409        -13657.95093                
O              257                                                      
     8.204379389        -2.528175102         1.063709325                
    -3.535041777         6.790248857        -2.558826865                
    -1995.701126         13093.34751        -26957.25692                
O              258                                                      
    -1.869769493        -7.603099081         5.679108229                
    -7.731716536        0.6643158085E-01    -1.927666078                
    -3249.680259         3320.226498         13553.98952                
O              259                                                      
    -2.101703520        -2.471442915         5.452462036                
     1.777949538        -1.921905659        -3.391414328                
     133.8419861        -296.1083697        -232.2403741                
O              260                                                      
     8.366539292        -7.670194383         1.163589153                
     8.303121682         1.276371161        -1.467954691                
    -777.9869244         10662.57219         10370.62427                
O              261                                                      
     3.925604962         2.506148036         1.303761159                
    0.1658864004        -3.056075847        -4.082585376                
    -4670.867111         970.6189073        -2479.061431                
O              262                                                      
    -6.208621710         7.688637125         5.440510338                
     4.584143749        -2.865670720         1.971804380                
    -8923.208122        -1433.462247        -4922.738204                
O              263                                                      
    -6.170112386         2.564663721         5.395561664                
    -4.576628861         3.879312521         1.986536150                
    -7988.022610        -7838.949591        -14154.57961                
O              264                                                      
     3.879477591         7.488444227         1.346666806                
     2.785685117         1.500449459         1.468077957                
    -644.3184277         18718.85882         15256.48234                
O              265                                                      
     3.953654439       -0.1436589087E-01     1.123518874                
    -2.238314722        -6.663748036       -0.8680387866                
     13149.17814        -9890.505496        -5641.533157                
O              266                                                      
    -6.189857796        -10.00120325         5.468293495                
    -3.599978558         4.922935290         2.586071680                
    -6584.281012        -11341.42029         908.8003067                
O              267                                                      
    -6.155655616        0.5502735249E-01     5.554307841                
   -0.4722701808         2.151271063         4.426146513                
    -8442.122196        -2576.174596         157.8126060                
O              268                                                      
     4.116451997         10.04412166         1.371119881                
     3.685224365        -4.726350272         6.121485491                
     8547.142360         15917.13004        -9581.846177                
O              269                                                      
     4.204841071        -2.558925685         1.029824555                
   -0.4519478871        -1.126314831        -3.846692729                
    -15048.05978        -8950.554586         9113.478992                
O              270                                                      
    -6.068844525        -7.559469957         5.593361855                
     6.701452423         1.446202912        -5.830933881                
     4769.107003         2310.026347         17547.66588                
O              271                                                      
    -6.105230204        -2.538189186         5.549576328                
    0.7610976312        0.4998374500         5.274209530                
    -2110.341327         1960.671618         842.6789656                
O              272                                                      
     4.109350857        -7.538468835         1.202720691                
   -0.8744523435E-01    -4.594315802        -8.870725225                
     1047.622099         9108.784038         4927.278192                
O              273                                                      
   -0.5494352422E-01    0.9571182846         4.072822494                
    -1.589365423         3.307963046         2.251791359                
     21765.41965         2818.393250         4059.944443                
O              274                                                      
     10.14734951         9.032363388         2.543068602                
    -5.181054884        -7.170564193         4.101272960                
     10582.67472        -11275.37008        -13299.02272                
O              275                                                      
     10.15108137         1.115188401         2.554625942                
     4.953168183         1.517858726         6.163005756                
    -16592.91206         1334.453255        -5131.458851                
O              276                                                      
    0.2155988976E-01     9.006485865         4.280516098                
     5.357578276         1.631272493        0.6075515256                
    -10684.60374        -1867.720303        -4829.180185                
O              277                                                      
   -0.4039517547E-01    -3.082838229         4.094386876                
     5.648073936         2.753987605         1.627008374                
    -3098.393046        -4528.093458        -8966.888974                
O              278                                                      
    -10.12362617        -6.942522974         2.760870933                
    0.2252933752         6.937132835         1.507509144                
    -5235.756055         6239.267013        -3767.666872                
O              279                                                      
     10.14641028        -2.983562153         2.465821869                
     1.241318621         3.907445955         10.34484169                
     30568.82438         2137.129854         926.8768582                
O              280                                                      
    0.1335620778        -6.985910621         4.309336111                
     3.298690837         5.401040932         1.755676797                
    -13508.14199         10266.97485        -1507.047491                
O              281                                                      
     8.666867207        -5.087253743         2.110709278                
     1.103496632       -0.5304914461        -1.929050729                
    -2639.098533         13675.52941        -4167.316928                
O              282                                                      
    -1.613705761        -5.025320444         4.647637849                
     5.425519898       -0.5135398026       -0.9684663318E-01            
     8048.622429         12499.96638        -875.8253033                
O              283                                                      
     4.027228880        -5.034146694         2.226496813                
    -1.531176896       -0.2336270650        -5.993042643                
     5732.650090         17281.38024        -10238.57568                
O              284                                                      
    -6.222538235        -4.990374580         4.517848494                
     4.109455829        -3.277176905         6.122342907                
    -1506.666615        -17409.85025         12421.95999                
O              285                                                      
     4.254703677         5.010754460        0.4283273793                
     5.021628405        -5.090433402        -3.796674023                
    -3217.647126        -15134.77915         2897.709622                
O              286                                                      
    -5.933671838         5.082001045         6.264027983                
   -0.5472149143        -6.528522869        -3.985606746                
     1872.809585         3701.470233        -3545.636307                
O              287                                                      
     7.887290231         4.975367731        0.3140083551                
    -2.996081343        -2.013876687        -5.091450416                
    -4624.761192        -7719.706941         317.3578619                
O              288                                                      
    -2.159193107         5.012729295         6.201998773                
    0.3496512809         4.060722368        0.2066113900                
    -8382.300432         131.0400284         6951.701161                
C              289                                                      
    -1.453801039         4.972700517         2.653210894                
    -1.543916646        0.2260444143         1.472802167                
    -47.93778974        -4.284526327        -60.66683857                
C              290                                                      
   -0.2924136638         4.843787410         3.424232640                
    -1.932361860        -1.145690577         1.828564828                
     170.8870417         64.11250117        -294.1891656                
C              291                                                      
    0.8103916544         4.145944054         2.917443653                
    -2.120587649        -1.301768563         1.633891269                
     39.21320575        -77.76550406         11.72409021                
C              292                                                      
    0.7518095984         3.577013803         1.639632920                
    -1.920368225       -0.8611155870E-01     1.083455050                
    -111.1571954         86.35329489        -50.79097289                
C              293                                                      
   -0.4095777785         3.705926910        0.8686111730                
    -1.531923010         1.285623434        0.7276923887                
     13.07373468        -30.19655007        -25.76836545                
C              294                                                      
    -1.512383097         4.403770267         1.375400160                
    -1.343697221         1.441701420        0.9223659476                
    -31.61115325        -33.27242713        -18.86493612                
H              295                                                      
    -2.304536572         5.511036822         3.044162398                
    -1.398713894        0.3464474325         1.622978913                
     80.53422588         30.12315061         76.19185704                
H              296                                                      
   -0.2472117293         5.282680090         4.409989248                
    -2.086821700        -2.083504465         2.253194529                
     118.7758379        -81.57798255        -42.02126813                
H              297                                                      
     1.706329122         4.046500429         3.512248759                
    -2.420250242        -2.359985471         1.908344226                
    -16.73288614         180.5593737        -30.60738321                
H              298                                                      
     1.602545130         3.038677499         1.248681416                
    -2.065570977       -0.2065145767        0.9332783042                
    -1892.093245         495.8367697         56.17007271                
H              299                                                      
   -0.4547797120         3.267034230       -0.1171454353                
    -1.377463171         2.223437321        0.3030626875                
    -27.33496239        -26.64224722         2.551863266                
H              300                                                      
    -2.408320563         4.503213891        0.7805950543                
    -1.044034629         2.499918327        0.6479129912                
    -29.88878875        -14.43140027        0.6469597975                
