Diffusion in Zeolites. ZSM5 (Silicate) Crystal Structure, Si(96)O(192) +
         2         2       300    133340   1.0000000E-03   1.3334000E+02
       20.3183600000        0.0000000000        0.0000000000            
        0.0000000000       20.1714600000        0.0000000000            
        0.0000000000        0.0000000000       13.5858629500            
Si               1                                                      
     1.599893844        -1.300483935        -4.595520613                
   -0.6629789614         1.684120840        -2.558064280                
     4795.357046        -4440.745338        -1304.156068                
Si               2                                                      
    -8.528805427        -8.873237844        -2.260495411                
     1.108921211        0.8992338633         2.341093037                
    -12146.76248        -28352.95556         3116.857504                
Si               3                                                      
    -8.498636946        -1.304063855        -2.277306612                
    -1.957955102        -4.095539483         1.659952014                
    -249.6780266        -1509.640977         6099.326888                
Si               4                                                      
     1.669744157        -8.901624848        -4.580568366                
    -1.267617710         1.535873832         3.321376668                
    -44081.99393        -4331.562691        -11354.11037                
Si               5                                                      
     4.019914685       -0.6532246270        -2.786938210                
    -1.959406120        0.5895001558E-01     4.226468004                
     2579.747966         3945.224153         17565.01053                
Si               6                                                      
    -6.176152333        -9.476993564        -4.173469942                
   -0.9107164882E-01    0.5167871640       -0.4486825213E-01            
    -21567.60059         4576.626286        -5699.050722                
Si               7                                                      
    -6.217352568       -0.6248339884        -4.283974660                
    -3.113705052        -3.075290484        -3.933856657                
    -5569.289767         7743.986092        -2419.192567                
Si               8                                                      
     4.008809801        -9.513658573        -2.739789652                
    -1.464440638       -0.7612470338        -1.477545243                
     7022.490070         11573.12383         12206.30839                
Si               9                                                      
     5.541711115         1.132511208        -6.463522161                
     2.713449737         1.896070402         1.116035069                
     6633.207310         9342.854547        -7185.981248                
Si              10                                                      
    -4.512122179         8.858629335       -0.4085490279                
    -4.058299651       -0.1548521692       -0.6459134799                
     2057.695809        -35439.53742        -35551.23262                
Si              11                                                      
    -4.354536371         1.176380279       -0.3603697151                
   -0.4811166915E-03    0.5382274733        -5.347202428                
    -22135.51050        -14567.38503        -2484.215021                
Si              12                                                      
     5.831681799         8.856392572        -6.506786820                
     3.746198746        -1.375241796        0.6630443264                
    -13052.23982        -22833.34395        -1543.879533                
Si              13                                                      
     2.364303116         1.213044364        -6.364146504                
     1.328459985        -4.832939086         4.944676233                
    -6601.582480         10413.30305        -10030.71298                
Si              14                                                      
    -7.653567163         8.777950722       -0.4340247919                
    0.7129859015       -0.8582449472         1.453744562                
    -19967.94803         1121.799332         2185.000995                
Si              15                                                      
    -7.528414436         1.016698839       -0.3567691403                
    -2.885382126        0.2785390021         4.680665557                
    -6675.538111         12151.41832         15647.73130                
Si              16                                                      
     2.586939930         8.895404144        -6.570283888                
     2.667718209         1.469244249         3.995848545                
     27114.80455         11002.20345         22151.12964                
Si              17                                                      
     8.732995626       -0.8441480846        -2.577000078                
     4.123227982         2.250590752         1.186466647                
     9147.114841        -12959.64052         18139.14917                
Si              18                                                      
    -1.455915065        -9.533901806        -4.104249009                
     2.943685290         1.062327250        -1.488366658                
     28233.62813         2015.606281        -15595.04953                
Si              19                                                      
    -1.384193948       -0.6524710748        -4.233347110                
    -3.349128736       -0.8150176562        0.4317340513                
    -3977.561274        -4990.758700        -13123.09770                
Si              20                                                      
     8.740719352        -9.502247018        -2.582941018                
     3.307700074        0.2169800669E-01   -0.7772858707                
     519.6086735        -6694.612478         24483.34222                
Si              21                                                      
     6.480155151        -1.258345556        -4.675084924                
    0.2670789061         2.070386654        -2.771546996                
    -7160.306936        -7817.066203         2206.311756                
Si              22                                                      
    -3.808985966        -8.902115531        -2.199304106                
    -2.806468342         1.595620622       -0.7986713407                
     2731.556916         42922.55735        -9134.003492                
Si              23                                                      
    -3.788954320        -1.212541095        -2.362142675                
    0.4883607783        -2.083639500         3.768769044                
    -12362.85538         5379.161666        -6958.556808                
Si              24                                                      
     6.458093716        -8.905266850        -4.591208853                
    -2.014334459         1.611231975         2.108233623                
     5175.209872        -12235.38168         6452.447719                
Si              25                                                      
     1.422292828         3.467086942        -4.413728131                
    -3.627914408        -3.046441384        0.6172116373                
     3833.453838        -11533.40504         14629.09147                
Si              26                                                      
    -8.636179199         6.483671095        -2.292391389                
     1.421228523        -3.206497054        -2.347572225                
    -9160.947713        -11000.68114        -4018.576972                
Si              27                                                      
    -8.683440025         3.294330077        -2.131188447                
    -4.173199604         4.665467157         2.987883591                
     868.9852270         19628.23520         2599.564962                
Si              28                                                      
     1.661078406         6.624093755        -4.584166615                
     1.008525317        -3.000456369         1.126625331                
    -19019.75159         2387.386802        -4403.614796                
Si              29                                                      
     3.892132949         2.518438013        -2.636187526                
    -1.805527783        0.5969603089        -2.678205934                
    -5944.464937         947.2267219         9686.110652                
Si              30                                                      
    -6.321610411         7.509169971        -4.166320500                
   -0.2230388932E-01     1.892400916        0.3858705766E-01            
    -7176.303173        -6303.594342        -10610.22451                
Si              31                                                      
    -6.364445481         2.538938460        -4.096324064                
     2.932292356       -0.7153713638        -1.988906294                
    -38.48609581         7303.802066        -3808.567128                
Si              32                                                      
     3.951156580         7.509094075        -2.673289201                
   -0.2871701009         4.091176724        0.6300310945                
    -13552.77539        -5910.528094        -16237.33507                
Si              33                                                      
     5.694645585        -3.704186208        -6.481946640                
    0.9301416003        0.1494942755        0.5194281764                
    -4203.369908         26273.54018         2009.173972                
Si              34                                                      
    -4.404111060        -6.614818586       -0.2751223825                
    -1.463445926         5.512988772         3.736229148                
     709.3162020         11659.87911        -17959.74750                
Si              35                                                      
    -4.459388666        -3.501305105       -0.3705303134                
    -1.132782496         3.072908427        -2.549404889                
     6994.304679         2635.619930        -17774.13265                
Si              36                                                      
     5.635532128        -6.727507281        -6.663952603                
   -0.7477127052        -1.098935900        -4.511095400                
    -6158.224333        -25354.64718         8063.000499                
Si              37                                                      
     2.543203427        -3.594185280        -6.537795418                
     1.541581505        -3.724617962        0.7238877408                
    -7688.823392         7704.274717        -6438.802071                
Si              38                                                      
    -7.591101363        -6.667759290       -0.3317942816                
     1.126978523        -4.067094935         3.610142169                
    -4433.021437         29128.80036         12362.71645                
Si              39                                                      
    -7.600443069        -3.505444521       -0.2846946533                
     1.337502963       -0.3588629499         1.195381097                
    -21639.11565        -452.3209531        -329.7671440                
Si              40                                                      
     2.447498515        -6.730658774        -6.637289720                
    -1.941239210        -5.710002220        -3.423600999                
    -5767.454601         30070.88336         4626.913103                
Si              41                                                      
     8.653759262         2.319238776        -2.496764981                
     1.489757811        0.5296655035        0.7245152426                
     2751.551992        -17894.44285        -2065.566480                
Si              42                                                      
    -1.347928941         7.497240474        -4.256792282                
     4.315767116       -0.5178794501         2.716256253                
     2006.352657        -7378.454891        -17814.93379                
Si              43                                                      
    -1.538328228         2.509398262        -4.122695487                
    -2.680618701        -3.271491782        0.1165481597                
     9670.996801        -7589.651420        -6351.113224                
Si              44                                                      
     8.695226706         7.478655718        -2.587517521                
    0.9488162868E-01     3.091743887        -2.021815116                
     13619.10755        -20806.62336        -5516.501755                
Si              45                                                      
     6.324435803         3.389836482        -4.407123672                
     4.565234923         3.311731708        -1.260998126                
     10328.84799         179.0324262        -20121.52289                
Si              46                                                      
    -3.791656801         6.579687789        -2.489810291                
    0.9553120320E-01   -0.5974668367         2.168306949                
     7387.915353         2655.837656         2602.672618                
Si              47                                                      
    -3.887680841         3.473670700        -2.322348317                
     6.137240850         3.763451764         3.405866734                
    -6450.036782        -18917.36773         6337.943786                
Si              48                                                      
     6.380210660         6.534315002        -4.468360214                
     4.146214464        -1.673041986        -1.830259262                
     517.3065970        -10116.34910        -15548.47748                
Si              49                                                      
     8.572222511         1.124487828         2.241358305                
     4.718206670         4.570206452       -0.2574883225                
     28223.98474         15046.72002         4008.626812                
Si              50                                                      
    -1.458321393         8.860845940         4.478821513                
    -1.357376717        -2.885482536        -8.335525594                
    -2367.927207         9148.344602         7728.063423                
Si              51                                                      
    -1.490527949         1.346267335         4.658023009                
    -2.904400677       -0.4091964203        0.4242118025E-01            
     202.1415507        -6760.223790        -19889.50052                
Si              52                                                      
     8.661667721         8.934402080         2.062015317                
     3.907615407        0.3406649650        0.2047995273                
    -6516.869050        -16581.09860         1687.595771                
Si              53                                                      
     6.195816679        0.5149846370         4.109307819                
    0.9368934346         3.208529386        -1.799892695                
    -18297.94568        -5579.757417        -4466.074033                
Si              54                                                      
    -3.772779217         9.412788439         2.452988463                
    0.2497371369         1.933563145        -2.183057436                
     1901.498605        -2953.686603         34668.74861                
Si              55                                                      
    -3.846192594        0.6578504326         2.684384805                
    -1.537911576        -2.053405911         1.197718827                
    -3680.580937        -16819.73956         1901.422060                
Si              56                                                      
     6.394727999         9.462945622         4.070754432                
     1.842821951        0.6956336781E-02    -3.535359847                
    -40411.13306        -24424.48515        -4426.970954                
Si              57                                                      
     4.524518006        -1.322276241        0.1983725103                
     2.238538335         3.922930365        -1.779610797                
    -15073.28162         10170.57091         8583.496709                
Si              58                                                      
    -5.516266579        -8.896185192         6.372555875                
    -3.571439366        -1.567868588         3.079571609                
    -13520.98583         13601.55557         15269.78203                
Si              59                                                      
    -5.508747841        -1.316968359         6.362651095                
     2.021995221        -2.749571042       -0.6107216630                
    -7094.142571         11852.26436        -9167.349999                
Si              60                                                      
     4.535973729        -8.835670526        0.2780887175                
    0.8918511470         1.027932331         4.921371371                
     23273.23713         3846.563794        -12525.83548                
Si              61                                                      
     7.669993530        -1.312721746        0.4226007224                
   -0.3187195599E-01    -2.802826664        -2.940632857                
     20650.22734        -2377.696910        -31125.09452                
Si              62                                                      
    -2.348095565        -8.966948941         6.517682293                
   -0.1006395623         5.420072140        -4.164137041                
     21526.59926         4493.664386        -2384.377933                
Si              63                                                      
    -2.362174640        -1.169915028         6.361480468                
    -4.466359271        -3.572867559         4.416097132                
     8214.165787        -11512.08317         6996.380749                
Si              64                                                      
     7.817821551        -8.717993850        0.3742380959                
    -3.960080512        -2.972843011         5.680361374                
    -32519.02005        -1248.155093        -29016.24754                
Si              65                                                      
     1.489216515        0.6611191273         4.211173412                
    -2.267434488        -1.393515146         2.443594140                
     10782.12610        -7817.623622        -2633.521369                
Si              66                                                      
    -8.651851116         9.436229869         2.468909164                
    -1.198577935        0.8365102629        -1.932485837                
     1950.377117        -2229.217732         3111.984461                
Si              67                                                      
    -8.651691885        0.6460996639         2.588988007                
    -3.290146151         1.182074140       -0.6286560001                
     20268.45849         13362.13409         11467.89536                
Si              68                                                      
     1.498356232         9.568923698         4.145901080                
    0.8124875897       -0.5384177360        -2.042883038                
     19656.82463        -33093.04300        -14693.69063                
Si              69                                                      
     3.787991317         1.174519815         2.123443992                
     2.370253389        0.3765679251         6.008632815                
    -8484.812901        -17533.43927        -16010.03120                
Si              70                                                      
    -6.249674941         8.921951634         4.375573362                
   -0.2359330381        -8.107631583         1.239092775                
     946.8485629        -26704.69032         9699.338377                
Si              71                                                      
    -6.281575142         1.231528322         4.627461664                
     1.422314260         6.008722213        0.7564546605                
    -18814.27343        -4083.958144        -8237.407897                
Si              72                                                      
     3.902964335         8.909998122         2.212130189                
    -2.203517089         1.704750750         2.175030804                
     5582.017904        -18297.95161        -9294.896348                
Si              73                                                      
     8.665396247        -3.439876411         2.434468706                
     1.155370988        -3.705938882         2.095408477                
     5855.273566        -3451.346755        -17971.59480                
Si              74                                                      
    -1.563507396        -6.659232579         4.534995479                
    -1.221871173        -4.034805823        0.2945284085                
    -190.8513455        -12937.72091         8832.321994                
Si              75                                                      
    -1.465542917        -3.512930298         4.435742779                
    -2.179890127        -5.262583607         6.014829970                
    -3506.126481         4730.126361         5319.358103                
Si              76                                                      
     8.724610488        -6.508602318         2.275970361                
   -0.2876956407        -3.846650536        -1.430355244                
    -6177.932741        -14267.86895        -5696.637049                
Si              77                                                      
     6.170110452        -2.668135257         4.157214955                
   -0.6756474809         4.062564216        -3.028878390                
     5097.695611        -6257.827122         15145.93448                
Si              78                                                      
    -3.883774362        -7.611336480         2.636415739                
     7.454285845        -2.011706135        -2.217215522                
     5601.563912         1889.803760        -4023.218380                
Si              79                                                      
    -3.800997127        -2.587708789         2.532225669                
     2.885697621       -0.5386185050         1.771176328                
     9431.301727         8802.758830         11321.08040                
Si              80                                                      
     6.237607997        -7.526329579         3.954520671                
     1.060601566         1.494434901        0.1721217722                
    -7112.687019        -3555.051251        -1068.217816                
Si              81                                                      
     4.490202663         3.527918578        0.2774578551                
    -1.090376524        0.2253897498        0.8401446688                
     16922.82226        -8101.590688        -3068.774157                
Si              82                                                      
    -5.707134343         6.579330376         6.420670955                
    -1.523114552        -3.365148206         1.036669107                
     16643.72890        -4129.997195         17138.56337                
Si              83                                                      
    -5.593139532         3.500175203         6.621248873                
     3.362986405        0.8088095715        -1.876527615                
    -33708.43165         13521.95586        -8276.247030                
Si              84                                                      
     4.562447457         6.571796884        0.2177497817                
    -1.668408351        -2.123066597         2.704163772                
    -1987.141519         21455.23958         13686.76255                
Si              85                                                      
     7.722398380         3.397630549        0.2897551596                
     1.800205040         5.624528484        -3.310500716                
    -14637.64167         10858.73370         14985.83009                
Si              86                                                      
    -2.453267192         6.668857447         6.432854390                
    -1.477667616         6.792936849         4.033008124                
    -6140.527880        -24189.79638         16338.90132                
Si              87                                                      
    -2.483292185         3.550876595         6.632863220                
     4.294857402         6.909865800         3.722910995                
     8096.837843        -11000.24965        -27889.61726                
Si              88                                                      
     7.730324977         6.522354425        0.2154345024                
    -1.171381154       -0.9323599360        -1.180252739                
    -7664.815177         12389.37403         27918.88120                
Si              89                                                      
     1.520619129        -2.526074700         4.247327610                
    0.7026254002E-01    0.5319899812        -7.980606842                
     13351.98925        -6196.719039        -1037.725207                
Si              90                                                      
    -8.679519850        -7.579882672         2.510656608                
     1.144637892         2.478305113        -1.126113971                
    -12356.76671        -1145.368271        -6948.803422                
Si              91                                                      
    -8.673516053        -2.481834192         2.546774384                
    -4.592573652        -4.233901586        -1.471962878                
     3305.359673        -805.8709412         7829.700551                
Si              92                                                      
     1.359942988        -7.518983078         4.066258283                
    -2.719929478         4.252718742         1.264848663                
     2110.529639        -6014.969521         15707.88323                
Si              93                                                      
     3.717963961        -3.505163332         2.266865446                
    0.8213527792        0.1604232676E-01    -4.614261017                
     17944.92397        -266.5675240         7316.347114                
Si              94                                                      
    -6.348755363        -6.679181284         4.352397388                
     1.212194094         1.618210525        -2.704308752                
    -21940.15075         20406.71693         12115.92440                
Si              95                                                      
    -6.279815589        -3.533459869         4.309823185                
     3.614307745        -3.361647247        -1.552515863                
     12147.75912         1270.969457        -11846.27079                
Si              96                                                      
     3.683298265        -6.614114599         2.233962385                
    0.8109045249        0.5401267368        -1.226834874                
     13895.34829         6379.208339        -64.04437321                
O               97                                                      
     2.725585894        -1.158233000        -3.473091844                
    -2.540003579        -5.158571564       -0.4010319510                
    -14825.75039        -601.5803794        -14957.41726                
O               98                                                      
    -7.578938052        -9.145363405        -3.482165544                
    -3.556961985        -3.848772137         11.32390435                
     9502.911073         11729.90658         1187.236768                
O               99                                                      
    -7.526216737        -1.013389565        -3.469933120                
   -0.1266790542        -8.906376651        -4.005066181                
     6048.891061        -6075.475473        -9811.219050                
O              100                                                      
     2.728226738        -8.985515511        -3.482351790                
    -3.913643881        -7.763204795        -1.516307120                
     4659.333920        -1457.891891         14948.04371                
O              101                                                      
     4.191826671        -1.217656711        -1.338261574                
   -0.3294278220        -2.046201566        -3.790921630                
     868.0532208        -3426.983700         13421.89687                
O              102                                                      
    -5.979302765        -9.041743930        -5.672931410                
   -0.8056941275        -1.223757119         6.559403442                
     6395.016365        -3492.098063        -12901.44064                
O              103                                                      
    -5.990128934        -1.219940035        -5.728743339                
     2.297604743       -0.4441854466        -4.671115390                
    -6749.298761         622.9277623        -991.0148093                
O              104                                                      
     4.156529128        -9.068733902        -1.239871547                
    -6.822258635       -0.1102698726        -3.573997767                
    -7319.683589         1136.635436         7184.110356                
O              105                                                      
     3.952016808         1.132004766        -6.373179755                
    0.6453916751        -1.929091647         2.512643043                
     2820.987865        -2085.523729         4388.782634                
O              106                                                      
    -6.083539238         8.776051342       -0.3723914260                
    -2.172097581        -5.639839228         4.104088035                
     3310.380144         2123.354186        -2140.845177                
O              107                                                      
    -5.969118724         1.018699798       -0.3523875261                
    -2.860171597       -0.4522802993        -4.216890788                
     13492.69247         6148.617005         965.6595543                
O              108                                                      
     4.245348085         8.934933027        -6.608129141                
     1.350477569        0.9168480494        -5.514493710                
    -25227.58825         922.9566317         3665.503634                
O              109                                                      
     8.289476040        -1.236349718        -1.071984767                
    -2.150415586        -1.542910816         3.032662366                
    -12228.01473         1736.990697        -4175.253749                
O              110                                                      
    -1.894318848        -9.104826039        -5.557424187                
    -2.223778588        -7.140648016        -4.146330352                
    -15924.62966         457.0079808        -8686.263803                
O              111                                                      
    -1.864209206        -1.018986956        -5.733932017                
    -5.761043537         5.040643256         5.188496567                
     2261.375622        -1379.628785         10149.98059                
O              112                                                      
     8.266313458        -9.053970015        -1.108701893                
     3.906375939         1.834759278       -0.6165533878                
     1134.448544         596.0166809        -9146.127924                
O              113                                                      
     7.754783953        -1.283424043        -3.747289655                
     4.131216201        -3.794769690        -6.444324285                
     1882.781984         468.9773423         2222.489422                
O              114                                                      
    -2.487533840        -9.139209840        -2.998815280                
    0.6687146381         6.280880196        -1.848868820                
    -2715.491214        -5000.961932        -4623.440386                
O              115                                                      
    -2.453536625        -1.104776477        -3.151459681                
    -1.065916336        -1.682509072         3.843521367                
     11914.95971        -462.2066535        -8441.316085                
O              116                                                      
     7.785811859        -9.052319855        -3.719177807                
   -0.6973895329       -0.7839643273        -5.239757849                
    -9136.354401         8317.654782        -8979.476155                
O              117                                                      
     5.231053455       -0.9639394433        -3.693208119                
    -10.40979335        -7.365812073        -4.583201027                
     17860.19496        -10340.16132        -12209.52167                
O              118                                                      
    -5.042119563        -8.861462702        -3.251730162                
    -3.481069438        0.3122563833        0.5787901787                
     10154.02970        -22811.98311         6506.634059                
O              119                                                      
    -4.983510951        -1.006111040        -3.417367360                
   -0.1180485803        -7.034000386        -1.216229480                
     10437.11012        -4918.568506         9319.934758                
O              120                                                      
     5.273123579        -9.078448473        -3.551404474                
     2.750714924         1.801343813         2.488136527                
     5744.873291         644.1429620        -9536.462222                
O              121                                                      
     2.557996088         3.017880412        -3.370847726                
    0.8499641750        0.6932882578        0.3112197634                
     5837.601228        -3027.533823         38.44873879                
O              122                                                      
    -7.541961582         6.899504147        -3.400987211                
   -0.8599914801         5.305588830         2.973993723                
    -18866.64715         3500.751809         8438.877841                
O              123                                                      
    -7.674657350         2.941786353        -3.295740970                
     2.374169761         4.308123054        -5.738378872                
     9758.836316        -5105.034594         43.70681767                
O              124                                                      
     2.620133399         6.996183641        -3.425261308                
   -0.8127513822E-01     1.184155276         4.152601301                
     18662.36605         10818.77711         3725.025779                
O              125                                                      
     4.082518373         3.031021149        -1.143526186                
    -5.280969608         1.884121630       -0.3663348541                
    -3764.668344         1979.148500        -16494.98601                
O              126                                                      
    -6.148637865         7.009222556        -5.651009896                
    0.2493955684         3.988725350         3.261072257                
    -1712.594610         4663.420308        -20972.31880                
O              127                                                      
    -6.188982404         3.228722671        -5.518161281                
    -3.379669210       -0.9493455946        0.6488555972                
     8270.963503        -9994.292190         1345.076737                
O              128                                                      
     4.085488532         6.967988503        -1.246396369                
    -5.710081384         1.536829930         1.818197444                
     5135.791540         4858.742462         18095.38180                
O              129                                                      
     4.106220799        -3.536194497        -6.483228593                
     1.282991525       -0.8671607612        -1.544894335                
     9343.544634        -6512.720770         12477.30573                
O              130                                                      
    -6.000881255        -6.757796320       -0.3179776049                
    -2.132979326         1.840071474        -2.664554047                
     269.4589005        -993.1422237         3456.502843                
O              131                                                      
    -6.040170267        -3.361721771       -0.2981852211                
    0.6141840876E-01    -3.357323764       -0.9962803375                
     7516.725809        -6249.451121         2734.555849                
O              132                                                      
     4.016186281        -6.851473024        -6.678124606                
   -0.4627293551         4.401745218         2.178694132                
     18362.05073         692.3229993        -3134.337531                
O              133                                                      
     8.166285659         2.739954647        -1.049097583                
     2.326744231        -2.360588287         1.815570649                
     1576.361086         5471.550729        -10194.75506                
O              134                                                      
    -1.858533147         7.124735573        -5.733919681                
     1.603246951        -6.159540389        -4.619788874                
    -11371.67358        -5568.861745        -5453.209976                
O              135                                                      
    -1.947547534         3.091769912        -5.578401346                
    0.2483271268        -5.522587963        -4.461309912                
     3503.432076        -7225.422707         21955.29568                
O              136                                                      
     8.196573477         6.984685149        -1.175217220                
    -2.131193173         5.321042706        -2.900474675                
    -3113.337391         4757.180737        -14504.40590                
O              137                                                      
     7.609777871         2.864220905        -3.549738876                
     1.547212014        -4.120110693        -3.317757913                
    -5967.660710         14949.13035        -7698.427715                
O              138                                                      
    -2.373214983         6.890774406        -3.223568405                
    -4.277247698         3.225773100        -1.912459990                
    -22112.90351         3145.485425         731.3448015                
O              139                                                      
    -2.635767402         3.033103161        -3.125316450                
    -2.721760043         2.689782661        -7.344387138                
     17568.68539        -8417.395883        -6759.832933                
O              140                                                      
     7.735491011         6.852372483        -3.696487372                
    0.4191815160        0.3142488246         6.489369017                
    -9319.042245         8605.099258         5876.418540                
O              141                                                      
     5.090967207         3.102257120        -3.507757032                
     3.906359260         10.03170198         2.459121235                
    -7687.212787        -4496.486671         10876.85145                
O              142                                                      
    -5.128117999         7.014984063        -3.319841553                
    -3.804360417        -1.571810678         2.537944555                
     40255.12885        -9309.304367         13222.00896                
O              143                                                      
    -5.115221125         2.973763070        -3.187525875                
    0.2609138153        -2.935993494        -1.990801818                
    -11176.30282         3986.299796        -2768.533813                
O              144                                                      
     5.161124736         6.925522262        -3.505998411                
    -1.997627166         1.797560451         5.659818374                
     9086.397936         683.6661428        -5155.690630                
O              145                                                      
     4.015470007        0.9187437403        -2.588930405                
   -0.8027146036        -3.003327431         3.484792614                
    -9438.129670         13568.49242        -12118.36193                
O              146                                                      
    -6.223764833         9.094740857        -4.136032299                
   -0.5871633437         3.286965875        -2.531907247                
     6968.677246         7023.360138        -2037.412577                
O              147                                                      
    -6.250796727        0.9822333605        -4.336806032                
     1.290021656       -0.9711427651        -1.438310749                
    -4500.654854        -5558.532779         486.5354143                
O              148                                                      
     3.998797527         9.095542432        -2.720526576                
     5.773468739        -1.166865201        -3.881808664                
    -4319.573230        -14028.24205         677.7147670                
O              149                                                      
     8.631151050        0.7081552990        -2.640201170                
     4.610314385         6.069001766         3.214134734                
     4084.569718         22808.29809        -257.0472192                
O              150                                                      
    -1.433440568         9.054619819        -4.180317838                
     7.816711052       -0.9131562566        -3.192467631                
    -5249.261203         6498.022749         15515.91022                
O              151                                                      
    -1.476536342        0.9202877822        -4.160735974                
     5.017907251         5.235235705        0.8948229022                
    -3738.796680         6026.272806         3892.650439                
O              152                                                      
     8.689460468         9.047753293        -2.642245872                
    -7.898053960         3.834481664        -4.172911236                
     4955.850913         9893.026046        -3370.299482                
O              153                                                      
     1.896648993        -2.568403954        -5.501623191                
    -5.171676787         5.572594108        0.7400856336                
     5857.726610        -603.2689353         2039.419907                
O              154                                                      
    -8.086699814        -7.611416883        -1.441917629                
     1.308704052        -5.910510015        -3.950240622                
    -6680.909929        -8765.245176        -9755.868300                
O              155                                                      
    -8.137132407        -2.626669366        -1.486945538                
    -2.349642401         6.639590123        0.5526509508                
     382.8120152         1325.721377         3841.850348                
O              156                                                      
     1.903887947        -7.628184066        -5.498282348                
     4.274468903        -4.495297247         3.073903555                
    -3807.879458        -12706.01734         5882.390935                
O              157                                                      
     1.829359483        0.9575329645E-02    -5.484410436                
     1.135928758         6.432941279         3.059312803                
     8094.748433        -4816.271064        -3822.881575                
O              158                                                      
    -8.170919001         9.980355864        -1.315426758                
     1.806219984        -2.800959795         2.290044212                
     2967.526567         21733.82641        -11066.69862                
O              159                                                      
    -8.064279506       -0.1473893760        -1.253185655                
    -6.107182592        0.3338061116         2.541856751                
    -4456.069270        -5259.490036        -5396.099766                
O              160                                                      
     2.116541107         10.03343897        -5.501524379                
    -1.188122319         6.584351456         2.076569924                
    -2035.885089        -56.09379841        -11789.96255                
O              161                                                      
     1.807753076         2.515863699        -5.630673172                
    -8.354561843        -1.472497096        -2.240655220                
     3973.751496         1166.721177        -1515.973757                
O              162                                                      
    -8.213464119         7.484697022        -1.127149756                
     3.154289917        -4.305953312         8.799804575                
     4848.464886        -6568.190131        -5916.867192                
O              163                                                      
    -8.099495671         2.369678183       -0.9614920752                
     4.444303536        -5.705646030         1.582670434                
    -3218.947017         6346.898760        -17932.49334                
O              164                                                      
     2.157000806         7.584316413        -5.806453197                
     5.100766245        -1.541363324       -0.7964634176                
    -5612.469822        -15907.56482         5935.928133                
O              165                                                      
     6.251419356        -2.608474955        -5.473085399                
     1.162846527         1.357274223         2.931957059                
     1771.476615        -6672.874053         2956.213586                
O              166                                                      
    -3.790362742        -7.540149296        -1.386562838                
   -0.6829059903        -7.041366523         4.857620336                
    -8094.954050        -10861.90777         5188.540434                
O              167                                                      
    -3.991595249        -2.506143122        -1.541432514                
    0.7774168630         4.102305052        -3.446690364                
    -1793.478878        -19113.60004         17941.79742                
O              168                                                      
     6.161898249        -7.695671593        -5.507569595                
    0.4630893985         1.738089016        -1.332581412                
     2059.423098         10854.19859        -12471.04435                
O              169                                                      
     6.235205922       -0.8828471009E-01    -5.698482126                
     1.001022785       -0.7359482852        -4.538409854                
    -2962.124984         6850.375338        -5087.732752                
O              170                                                      
    -4.104520415        -10.00551758        -1.164249831                
   -0.3691810053         5.438488901        -2.032802923                
    -4852.129746        -7625.288914        -6105.249432                
O              171                                                      
    -3.970758065       -0.3726441304E-01    -1.323524836                
    -5.996621314         4.884467980        0.5739337651                
     10914.59506         10757.60680         5030.991440                
O              172                                                      
     6.342475321         10.02698591        -5.607233055                
    0.4153818318        -3.172462634        -4.105906807                
     2149.176046         11571.22743         4131.199363                
O              173                                                      
     6.022906213         2.412610872        -5.639349387                
    -3.455620320       -0.9390524114        -1.278569017                
     4971.502918        -3017.967749         31.69727903                
O              174                                                      
    -3.945774724         7.595940081        -1.273707521                
     3.875606475        -2.336468266         1.183248600                
    -8761.720132         7392.228026        -65.53188372                
O              175                                                      
    -4.017389565         2.544995241        -1.027593107                
     1.189068057         3.350590000       -0.2842919989                
     5872.885670         6216.982621        -8138.183383                
O              176                                                      
     6.192344365         7.545257668        -5.672658852                
    -1.416728253        0.8950766212        -4.824789565                
     2403.673873         327.5478560         2162.165028                
O              177                                                      
    -10.02276178        -1.213598710        -2.588452194                
   -0.2646501726        -2.262758150         3.663820859                
    -12896.57855         1824.846686        -8834.265059                
O              178                                                      
    0.6170712095E-01    -9.083416395        -4.150878332                
     1.056526619        -6.060698039        -2.676682796                
     29223.32953         3072.157312         5019.107981                
O              179                                                      
    0.1132378429        -1.172187125        -4.182019488                
     2.030604514         2.106351694         4.446796569                
    -14001.58237         1325.079078         8934.047700                
O              180                                                      
    -10.08936034        -8.994124764        -2.547587001                
    -8.226971332         4.027157967         2.822056241                
     12594.96569        -433.8363070        -7899.973715                
O              181                                                      
    -10.14825789         2.831070594        -2.447286178                
   -0.4821598218         1.681961718        -1.596771881                
    -11739.34456        -2596.167829        -2956.936060                
O              182                                                      
    0.1361895699         7.033575575        -4.294382396                
    -1.239571971        0.1157556373         1.647370482                
     13514.26035        -1397.660790         3027.481181                
O              183                                                      
   -0.2128585658E-01     2.925885560        -3.940470963                
    -3.193111897        -9.689712247       -0.9709224516                
     1236.391494         20587.25980        -9260.973240                
O              184                                                      
     10.15859523         6.818298925        -2.606054524                
     7.079362589         6.464667873        -6.367302280                
     3442.713750         19490.02724        -6039.612596                
O              185                                                      
     1.547944715         5.038706900        -4.610093576                
    -6.759343391        -1.352351785         1.460974632                
     163.2554342        -5927.374427        -10002.48843                
O              186                                                      
    -8.648303131         4.925619181        -2.048465837                
    -4.494731946       -0.4820060400        -3.070746094                
     7708.975711        -17122.17000         4562.954051                
O              187                                                      
     6.340327746         4.956275874        -4.776441517                
    -4.618171052        -3.131698989         7.651454292                
     6333.904844        -1062.382857         17036.27494                
O              188                                                      
    -3.807631522         4.999471598        -2.282298808                
     4.378121791         2.482591494        -6.480695651                
    -9251.933719         29833.33556         8093.969300                
O              189                                                      
     5.930086215        -5.245537307        -6.359159419                
     5.180832396        -1.411097984        -2.402975163                
     2675.161036         10292.39349        -738.8867088                
O              190                                                      
    -4.177026240        -5.064216185       -0.5249559998                
     1.969787289         3.838903674       -0.7422670060                
    -3596.568989         5157.375438         9853.770808                
O              191                                                      
     2.216247088        -5.125198027        -6.397068130                
     3.585260216        -4.446715134         7.857530886                
     3081.727280        -14543.92138        -5334.947941                
O              192                                                      
    -7.876486123        -5.072312039       -0.4193158351                
     5.182045657         5.412516369         3.577289927                
     10809.53015        -7288.543974         2309.753750                
O              193                                                      
     7.557168945        0.8581169408         3.439346229                
     3.120000415         1.988894006        -5.629084178                
     7043.712237         12102.64938        -15765.52986                
O              194                                                      
    -2.480571508         8.993358870         3.310137000                
    -1.994125353         7.064710466        -4.528707201                
    -17011.60330         3837.342029        -12971.65469                
O              195                                                      
    -2.604653588         1.183260946         3.500755188                
    -8.564312694        -3.324257637         8.993156593                
     6363.146741        -1762.285734         2619.257789                
O              196                                                      
     7.567030532         9.007032313         3.199463309                
     5.912317601        -3.324602367        -1.789756401                
     25049.22672         5092.478121         4638.506070                
O              197                                                      
     5.897288366         1.015996268         5.552704919                
    -2.182125581         1.946577783         8.895014747                
     750.1875848         1545.674624         17686.49286                
O              198                                                      
    -3.970119702         8.946768195        0.9826400631                
    -4.186075103        -2.900887557        0.3175933670                
     9319.484645         5751.006748         33841.26938                
O              199                                                      
    -3.936990512        0.9972476996         1.127178576                
    -2.631791950         2.267989450         6.349415536                
     4931.545787         2480.751413         15768.45023                
O              200                                                      
     6.238394208         8.908911656         5.569903656                
     1.795817942        -4.984911542        -2.168630059                
     15810.99283         18505.06712        -11560.11545                
O              201                                                      
     6.102053985        -1.300097288        0.3130809001                
   -0.2564023383         5.436678553       -0.8361007546                
     691.6391238         2205.959321         4349.452618                
O              202                                                      
    -3.925324890        -8.969763062         6.449895133                
   -0.8741455813         4.783557974        -3.890924258                
    -8373.558259         5097.353633        -2806.502470                
O              203                                                      
    -3.944750515        -1.156365254         6.398374897                
     5.432711410         2.480605289         2.873241519                
     4933.157198        -927.0355232        -4411.387932                
O              204                                                      
     6.151082794        -8.709375085        0.2709149905                
    -8.736262810        0.7407205375        -1.484629103                
     12466.38490        -3135.144835         13089.39457                
O              205                                                      
     1.946630806         1.124844625         5.681814716                
    -3.831053840         1.548712197        -2.533162353                
    -1043.599459        -7235.369088        -1753.812467                
O              206                                                      
    -8.234531596         9.037487325         1.006382917                
    0.7539114128         7.620377386         3.118724614                
     6021.922580         557.4397116         2174.918689                
O              207                                                      
    -8.095049104        0.9655259807         1.113723915                
   -0.3328115735       -0.3909496500        -3.270488059                
    -1111.356229        -7371.865018         14917.37165                
O              208                                                      
     1.987098828         9.215329607         5.612618163                
     4.237216659        -2.761154362        -4.237357481                
    -2759.969051        -8340.138835        -684.2552090                
O              209                                                      
     2.484204727         1.022830768         3.021580563                
     2.164750269       -0.2742621955        -1.030064598                
     1034.043052         5652.828837         7533.580127                
O              210                                                      
    -7.543192367         8.937160650         3.460385634                
    -1.183209390         2.314114041        -9.502237697                
     2528.283006         9624.698152         14734.46281                
O              211                                                      
    -7.618775611         1.129104627         3.762554547                
    -2.757966642        -2.360957416        -2.428714288                
    -6610.969538        -1309.279222        -13317.49902                
O              212                                                      
     2.613502870         9.039698871         3.098122175                
    -7.663849843       -0.5481079962        0.3673198695E-01            
    -15885.90144         4808.365452         5113.016221                
O              213                                                      
     5.004842468        0.9919598291         3.100908519                
    -1.381979694        -5.491975247        -1.648688354                
     14851.37291        -4932.219825         13438.07168                
O              214                                                      
    -5.065881326         8.958720867         3.359514379                
     4.058786299        0.1059230761        -1.131171473                
     21576.51166         13527.65032        -15075.64186                
O              215                                                      
    -5.111767289         1.097762788         3.566339071                
   -0.2826223151         5.251302299       -0.2725940129                
     10405.40470        -2610.286676        -8016.185543                
O              216                                                      
     5.117373332         8.974320235         3.169506566                
    -1.480627251         3.033096506        -5.399240794                
     13405.21151         13163.83028         19908.78340                
O              217                                                      
     7.545122208        -3.195129673         3.469507573                
   -0.9311303975         6.182044961         3.155406933                
    -18393.58671         11133.95180         11892.66243                
O              218                                                      
    -2.648523072        -7.159836850         3.493589639                
     1.472018360        -4.275412735         3.631615815                
    -5105.230887         14575.54611         3672.106723                
O              219                                                      
    -2.458437588        -3.063908116         3.268710785                
     6.157009592         3.049398447         4.514686223                
    -4889.627155        -10141.74601         4212.054459                
O              220                                                      
     7.475835931        -6.961082600         3.182534547                
     1.482456426       -0.9084938655        -2.008699616                
     13817.35887         828.2094419         4539.467431                
O              221                                                      
     6.076209515        -3.215314271         5.666156054                
     2.300293933         1.163170033         3.904021795                
     6874.227919         126.0166215        -16670.04502                
O              222                                                      
    -4.011041924        -7.102620223         1.155286095                
    -1.411908176        -1.892295837        -3.618022727                
     3929.653555         6904.738698         3605.755804                
O              223                                                      
    -3.924037773        -3.039115373         1.034879907                
     4.689042888        -5.835714425         2.489591694                
    -742.5490283        -510.2821967        -2311.319435                
O              224                                                      
     6.175493077        -7.155331379         5.488956428                
    0.1786221493        0.7785190662        -3.093527002                
    -7303.485441         8340.900555         6009.990222                
O              225                                                      
     6.117963914         3.367355204        0.3765599002                
    0.3360964974        -4.583897359       -0.4909742057                
    -5900.290333         5676.897632        -3358.930311                
O              226                                                      
    -4.074724461         6.652234786         6.484210898                
     3.085980619         2.384990286        -4.279826852                
     6435.572905         12494.21488        -7014.280283                
O              227                                                      
    -4.064023546         3.337065006         6.594100851                
    -2.135111497        -1.927823020        -6.104493167                
     20560.61830        -730.4524338         7564.753096                
O              228                                                      
     6.133959922         6.702244097        0.3226405295                
     2.516453841        -1.909463363         2.967025710                
     9908.123288        -11528.59700        -12420.32773                
O              229                                                      
     2.147508802        -3.053346870         5.600335332                
     6.338338801       -0.6168376361        -1.190473246                
    -13868.53049        -2482.487994         9358.870089                
O              230                                                      
    -8.257475012        -7.128429718         1.041088717                
     1.760259938        0.1848195196        -1.654863113                
     12536.71937        -3742.629981        -137.5730728                
O              231                                                      
    -8.210640313        -2.939658631         1.103544399                
    -1.723501053       -0.8635999769        -9.372896883                
     6775.522303        -7305.440821        -8491.429022                
O              232                                                      
     1.847235404        -7.095744055         5.552459243                
     9.587563892        -2.061407237         1.759393735                
    -5082.353722        -2388.724037        -14891.59808                
O              233                                                      
     2.534881793        -3.067394111         3.155207362                
    -2.889341829         3.633672274        0.9537388524                
    -21832.57135         2054.176647        -5357.041123                
O              234                                                      
    -7.656340232        -7.018725957         3.529825765                
    -1.167755590         3.563385991        -8.046976515                
     9090.519173         4822.141182         6075.917650                
O              235                                                      
    -7.577661503        -3.072657971         3.562300736                
    0.5269915590        -1.095883819         2.291798578                
    -10391.00029        -681.8374748        -6817.097675                
O              236                                                      
     2.379742598        -7.013364645         3.026037772                
     3.006419343        -6.879761975        0.3787924244                
     5899.976076         7933.894642        -6677.847721                
O              237                                                      
     4.937554321        -3.135346080         3.313491976                
     6.048930239        0.8331973601        -1.740239919                
    -1324.699900        -9782.143543        -19423.87183                
O              238                                                      
    -5.179212436        -7.138691985         3.416178070                
    -1.250475807        0.8878465895        -2.315922290                
     9241.023218         2894.272150         2617.444127                
O              239                                                      
    -5.021191762        -3.256978410         3.313528926                
     1.389020196        -2.678957338        -1.066436703                
    -3338.902739         103.7335547         909.2467604                
O              240                                                      
     4.957185921        -6.942299758         3.201238248                
    -1.997523087        -1.885122348         1.697068368                
    -8500.364398        -4752.711354        -2863.784093                
O              241                                                      
     6.188612133        -1.085577226         4.139833363                
    0.2117563974        -3.007088071        -1.060636453                
    -210.9649307         2447.222642        -696.6901506                
O              242                                                      
    -3.792955271        -9.152343284         2.541762906                
    0.6086219512        -1.971554447         1.507342226                
    -6208.357274        -27662.44381        -4909.640223                
O              243                                                      
    -3.819142803       -0.9949149062         2.675232304                
     5.641769706         1.903137903         5.377021398                
    -3592.648563         11637.24612        -2460.134140                
O              244                                                      
     6.263678191        -9.134948756         4.013226901                
     4.241849476        -3.630620916         6.306830156                
     6664.670148         9861.474837         1194.185864                
O              245                                                      
     1.542190546       -0.9571785622         4.204101946                
     1.499616432        -10.01992225         2.432836545                
    -9397.461263         12116.64098         2119.150432                
O              246                                                      
    -8.607446509        -9.150402185         2.630719337                
    -2.360056749         1.703348397        -6.097371480                
     30.46918058        -5073.261132        -4751.088285                
O              247                                                      
    -8.608409530       -0.9145943776         2.682769647                
     1.375481835        -6.914576647        0.3069512027                
    -2184.825410        -11417.17122        -3549.328440                
O              248                                                      
     1.518342154        -9.098928145         4.031506748                
    0.3003215791        -5.339618549        0.4075954849E-01            
    -10183.91364         29191.34842        -3129.920821                
O              249                                                      
     8.298922141         2.531273526         1.450778538                
    -6.079582285         3.562629662        -7.606503689                
     1560.170195        -28758.20909         13791.81031                
O              250                                                      
    -1.828554994         7.599646036         5.335907832                
    -5.978564979       -0.7902668613        0.3342860726                
    -4267.316601        -7475.777538         262.9121049                
O              251                                                      
    -1.815887763         2.611888992         5.490870651                
    -7.725764486         1.692970100        -7.762901166                
    -7179.622504         3101.219814         14846.77763                
O              252                                                      
     8.319265100         7.638131380         1.212175419                
     1.764969034         5.476006544       -0.7567935122                
     8657.558694        -4087.200743        -2118.373025                
O              253                                                      
     8.253371705       -0.6082538472E-01     1.230556336                
     4.532863422        -4.989006993        -1.625827947                
    -11281.26621        -854.9096970         6994.880292                
O              254                                                      
    -1.754216568         10.03278769         5.573568344                
    0.8452201630         1.507747606         4.542716392                
    -7668.370803         2541.341590        -3432.839110                
O              255                                                      
    -1.741654788        0.4165750367E-01     5.547911781                
    -2.085886245        -2.346513740         1.796838992                
    -9289.304642         3648.218585        -172.2777552                
O              256                                                      
     8.340736141        -9.909049019         1.245088552                
     1.352719984         1.674457839         2.028360153                
     3936.518524        -7882.534918         5640.591948                
O              257                                                      
     8.145302917        -2.602137592         1.188663898                
    -4.503725565        0.3316660091        0.1920599449                
    -180.3679598         10444.11985         10827.66810                
O              258                                                      
    -1.865698769        -7.608287777         5.801806657                
   -0.5672108605       -0.2475373628        0.1524905354                
    -4304.293476        -1070.995184        -7881.711092                
O              259                                                      
    -1.936922013        -2.529748720         5.614379942                
     8.758475227         4.265328873         2.876395498                
     2569.095233         3215.091804        -3780.789954                
O              260                                                      
     8.353058207        -7.418895284         1.041229115                
     2.559539750         7.282379942        -3.077858213                
    -580.2765527         947.7522718        -1347.624592                
O              261                                                      
     3.930731255         2.482036290         1.274158860                
    -4.104919301         2.427166174         4.998702477                
    -4435.342258         3374.447268         13744.08548                
O              262                                                      
    -6.144500888         7.590798250         5.308345257                
    -2.013410201       -0.1035934084        -2.348385793                
    -5180.901481         14283.17708        -777.2874359                
O              263                                                      
    -6.142087425         2.499718160         5.536961265                
    0.7502808137        -2.065862271         5.616937010                
     2511.890938        -3689.375606         3654.402052                
O              264                                                      
     4.057097645         7.593395990         1.309007103                
    -3.239322487       -0.7628639392        -1.471282023                
    -13193.99814         6085.452530        -3271.168082                
O              265                                                      
     3.971561687       -0.3372869295E-01     1.047638252                
    -4.226696369        -2.270461489         7.789935035                
     5858.923819        -9694.724103         1491.385003                
O              266                                                      
    -5.947332939        -10.06532821         5.433188704                
    -2.150638019        -1.233507741        -3.261730829                
    -10459.59439        -12255.44078        -12447.02658                
O              267                                                      
    -6.080305390       -0.3273763672E-01     5.570095214                
   -0.3280467390        -1.617825533         3.034764951                
     5507.894565        -5081.901626         4928.074300                
O              268                                                      
     4.099150461        -10.04692471         1.188551058                
   -0.2258789817        -1.643213511         5.589344765                
    -4976.941557        -719.0368788         1657.315691                
O              269                                                      
     4.005070969        -2.600398716         1.016856396                
    -5.666876166        -4.710690835         4.039731489                
     2176.826251         9537.782135        -3844.982589                
O              270                                                      
    -6.167285403        -7.616594453         5.598732073                
     8.030524579       -0.8690822065         4.508748403                
     20433.33799        -10733.49877         7298.663255                
O              271                                                      
    -5.886443650        -2.548788431         5.445597532                
     4.150364671        -7.564871345        -5.585436129                
    -4838.719130         2157.997212         18368.51538                
O              272                                                      
     3.980851301        -7.559642804         1.023086534                
     2.975544599         4.629542743         2.142202059                
    -4893.745884        -2929.532296         284.2176631                
O              273                                                      
    0.1224398235E-02     1.147308765         4.157788571                
    -2.643947151         7.584655151         4.479677199                
    -4731.059652         4266.956004         816.9711420                
O              274                                                      
    -10.14662505         9.009909493         2.578094994                
     6.417102568        -4.143209986       -0.4161524223                
    -13375.19341         628.0445597        -5941.297220                
O              275                                                      
     10.15158509         1.001773736         2.640920243                
    -7.391243878        -7.626284542        -1.585376347                
    -25498.52518         7900.385135        -6038.034734                
O              276                                                      
    0.1055748440E-01     9.055612509         4.001749191                
    -3.440929377         2.482907930         4.349602114                
     8379.368722        -1576.868532         6650.890786                
O              277                                                      
    0.4476189365E-01    -3.128380843         4.172582258                
     3.974219447        -5.634632970        -4.426434539                
     2239.652007         3162.741057         1474.629158                
O              278                                                      
    -10.15868714        -7.065251940         2.643689878                
   -0.4341597251       -0.1729665359       -0.2881399035                
    -3899.982723         5528.699625         6724.556733                
O              279                                                      
     10.13702938        -2.968074929         2.715195483                
    0.1173323907        -2.366503288         1.341013683                
     7398.219956         3348.600978         2786.616186                
O              280                                                      
   -0.1423957902        -7.086272401         4.000251319                
    -1.436836603        -2.092267108        -2.138950044                
     4729.816482         3982.296608         4449.093675                
O              281                                                      
     8.740637997        -4.975041730         2.144715683                
     5.477848168       -0.6738764211         2.057981289                
     1422.271349        -233.7783990         8795.118098                
O              282                                                      
    -1.570354032        -5.097709273         4.703025450                
    -1.785272315         3.085179488        -2.156098927                
    -3270.501010         9801.276755        -8243.251048                
O              283                                                      
     3.632216628        -5.059645491         1.969595873                
     4.975938890         6.473361174         3.552311368                
     3455.191053         1252.852806         6767.461898                
O              284                                                      
    -6.356510290        -5.070382663         4.607557349                
     2.177798985        0.2655763263         4.312150337                
     5904.462840        -21311.98595        -5615.544308                
O              285                                                      
     4.251163074         5.074811439        0.3663484156                
    -6.649820701        -3.075359840        0.9928513607                
    -242.2136062        -15357.59790         7367.090901                
O              286                                                      
    -5.886256541         5.028574435         6.286431246                
    -2.312743521         6.450567353        -4.820329885                
    -2751.493025         88.05580255         945.5837899                
O              287                                                      
     8.007500553         4.969251687        0.3530723673                
   -0.1869956884         7.735929254         1.421857017                
    -1938.664808        -1304.987040        -2151.951214                
O              288                                                      
    -2.216079092         5.041121846         6.354982535                
     5.841617964       -0.5060497440E-01    0.5225218620E-01            
    -1138.804599         33845.78429         1991.326520                
C              289                                                      
    0.2441648945         3.213622236        0.1412993853                
     1.236088043         3.260450980        0.2365201297                
     10.51688648        -30.06275097        -38.93924588                
C              290                                                      
    0.2129669972E-01     3.464521469         1.500450996                
   -0.3639384498         3.842520333       -0.1332956925                
    -3.882665006        -10.10052080        -2.310184727                
C              291                                                      
    0.3843631164         4.698462075         2.053237895                
    -2.987952539         4.870219531       -0.7039104797                
     19.76017501        -17.52435331         23.41148367                
C              292                                                      
    0.9702977277         5.681503449         1.246873185                
    -4.011940137         5.315849377       -0.9047094452                
    0.9955747805         37.02188650        -15.53336577                
C              293                                                      
     1.193165922         5.430604215       -0.1122784278                
    -2.411913641         4.733780023       -0.5348936224                
    -299.8584392         41.24599540        -45.08865624                
C              294                                                      
    0.8300995059         4.196663609       -0.6650653269                
    0.2121004477         3.706080825        0.3572116472E-01            
    -17.02403147         36.56838085         30.81658939                
H              295                                                      
   -0.3591491290E-01     2.261725196       -0.2851362232                
     3.260327486         2.467654455        0.6767086804                
     106.6416513         36.75121179        -32.74638606                
H              296                                                      
   -0.4307166717         2.706169228         2.122521635                
    0.4259900888         3.498749863        0.2160497250E-01            
     54.83187067         101.6606648        -337.0607645                
H              297                                                      
    0.2124295518         4.892006874         3.101744144                
    -4.222263444         5.319245587       -0.9891983656                
    -20.56531328        -50.46310549         64.57955877                
H              298                                                      
     1.250377535         6.633400488         1.673308793                
    -6.036179578         6.108645901        -1.344897995                
     133.1914842         58.98770220         79.88636772                
H              299                                                      
     1.645179294         6.188956457       -0.7343490659                
    -3.201842182         5.077550493       -0.6897942879                
    -255.8820035        -216.1492414        -200.2543167                
H              300                                                      
     1.002033071         4.003118812        -1.713571575                
     1.446411349         3.257054770        0.3210090498                
    -356.9125179         320.6374357         1002.953205                
