Diffusion in Zeolites. ZSM5 (Silicate) Crystal Structure, Si(96)O(192) +
         2         2       300     13334   1.0000000E-03   1.3334000E+01
       20.3183600000        0.0000000000        0.0000000000            
        0.0000000000       20.1714600000        0.0000000000            
        0.0000000000        0.0000000000       13.5858629500            
Si               1                                                      
     1.433012135        -1.248639952        -4.827679487                
     6.656073510         5.871164972         7.645742800                
     24726.79512         18872.47507        -42543.62996                
Si               2                                                      
    -8.423822637        -8.966872289        -2.144300278                
    -5.384278285         7.435757858        -7.947894191                
    -28310.55750         17202.87831         15023.02646                
Si               3                                                      
    -8.633987696        -1.375401789        -2.198457762                
    -4.451980282        0.2007917543        -5.476128046                
     58462.03655         13680.05263        -33687.90567                
Si               4                                                      
     1.694615135        -8.837530893        -4.593247479                
    -2.072915451         3.289695445         3.552831504                
     14458.59541         22842.65728         34009.71754                
Si               5                                                      
     3.839947834       -0.6316183255        -2.836189696                
    -5.800921007        -1.592431607         5.659479720                
    -38306.77338         4525.931996        -22159.56077                
Si               6                                                      
    -6.264118078        -9.481186249        -4.173150000                
     2.422799290         2.065487421         5.038233572                
     15479.68680        -9075.012455         4727.993526                
Si               7                                                      
    -6.378343880       -0.6893685728        -4.304425027                
     2.817450753         5.238637887         5.978413792                
     13792.58742        -25945.78224         3510.799903                
Si               8                                                      
     4.075412284        -9.400248258        -2.639233401                
    -2.457876468       -0.2593310278        -15.00906942                
     50.55484828         35176.77726        -7639.732058                
Si               9                                                      
     5.558589594         1.281727157        -6.530134396                
     3.455739431        -7.578651706         1.948677932                
     20863.40301         11321.78577        -6642.681980                
Si              10                                                      
    -4.256397558         8.556679315       -0.3951148666                
     4.116912564         1.523882944        -2.317180707                
    -12246.30374         27891.06081         27703.44913                
Si              11                                                      
    -4.576096251         1.034536449       -0.3890891773                
     1.965995163         1.194675633        -5.890511699                
    -122.7104053        -961.0941869         12417.96739                
Si              12                                                      
     5.726002479         8.875603643        -6.301528159                
   -0.3454471189         9.483213805         3.608878781                
     3541.113230         45146.19217        -20721.70487                
Si              13                                                      
     2.437448653         1.236270934        -6.688325495                
    -5.981342622       -0.1568511421       -0.1282565729                
    -24358.71920         2593.466430         26009.34582                
Si              14                                                      
    -7.444362526         8.721203971       -0.3611321278                
    -2.258691712        -2.994687363        -2.906596416                
     10026.64124         1474.682372         3233.058551                
Si              15                                                      
    -7.779851549         1.119305765       -0.2685240504                
    0.1517118695         2.955014095       -0.4660561729                
     29773.21872        -27723.87694        -30972.39320                
Si              16                                                      
     2.510953552         8.874017713        -6.364361908                
    -7.420348656        -7.924340745        -1.744049047                
     16602.59401        -8014.216369        -22117.03013                
Si              17                                                      
     8.799004778       -0.7227013760        -2.701070190                
    -4.132290350        -5.480522054        -2.394014289                
    -28523.35642        -2899.337840         21269.61134                
Si              18                                                      
    -1.405468848        -9.400463021        -4.270663268                
     5.611622529        -1.750381001        -3.781270684                
     24906.66886        -18240.90659         21686.77813                
Si              19                                                      
    -1.580513820       -0.6769953419        -4.453538498                
    -1.219222894         3.186835608        -1.438361580                
     20812.73066         21984.25236         13698.31873                
Si              20                                                      
     8.768258913        -9.459210521        -2.538544323                
     2.182433186         1.008031863         1.222168654                
     13655.50078        -4066.104754         3528.069911                
Si              21                                                      
     6.341415694        -1.072320611        -4.592814865                
     3.693383045         5.535843104         3.767259482                
    -1712.428441         4934.648713         13685.99832                
Si              22                                                      
    -3.726519608        -9.056489567        -2.258591934                
     3.905369809         1.233848838         2.021390908                
    -9268.760726         5446.186766        -19542.15488                
Si              23                                                      
    -3.855848185        -1.276506462        -2.456989558                
     2.462417859        -2.961635512        -3.302939302                
    -20694.79336        -21903.52486         15094.66550                
Si              24                                                      
     6.478878945        -8.711435012        -4.508538148                
     3.644855035       -0.1807590062         5.409551517                
    -2934.315187         577.4654717        -16488.56573                
Si              25                                                      
     1.589820962         3.601880746        -4.726612467                
     2.669151407       -0.7034873168         6.809955039                
     11367.06618        -3899.261470         31044.27412                
Si              26                                                      
    -8.615482727         6.472811092        -2.283034058                
     3.204474898        -4.375880396        -8.624826302                
    -3596.459920         20670.78536         7627.269502                
Si              27                                                      
    -8.637732520         3.386482326        -2.184368369                
     5.023315207        -2.837235605        -7.367168560                
    -4628.045654        -19163.35987        -25932.58784                
Si              28                                                      
     1.560187509         6.780572011        -4.310348913                
    -1.789293784        -7.007510311        -2.945722864                
     42078.38741        -29469.11722         5349.153146                
Si              29                                                      
     3.905242346         2.554829965        -2.962574393                
   -0.2393968389         2.678951691        -10.75896863                
     4307.085839         7533.050166         6451.349219                
Si              30                                                      
    -6.348944214         7.461105043        -4.162544415                
    -2.464639140        0.9174728985         12.37738469                
     39499.24164         11118.73532        -22901.34114                
Si              31                                                      
    -6.389152170         2.413187097        -4.096976205                
    -4.314992211         2.263258151        -2.749322577                
     19602.39260         8405.742738        -376.9516784                
Si              32                                                      
     4.104381614         7.628726677        -2.607588820                
    -1.700128605        -3.301626159         3.689938058                
     18353.74687        -26440.54125        -21982.18933                
Si              33                                                      
     5.774489517        -3.366886730        -6.587645569                
     1.046406573        -2.813299847        -4.454384888                
     944.4580664         19319.71422        -18475.00202                
Si              34                                                      
    -4.487423947        -6.741996789       -0.3473154560                
     3.569214058         3.231079943        -3.673202391                
     13279.18585         8334.630264        -12601.45544                
Si              35                                                      
    -4.326350575        -3.646340689       -0.4342744851                
     5.151460104         2.628497445        -3.861616942                
    -20843.30383         18047.13978         14921.00718                
Si              36                                                      
     5.822137543        -6.418192196        -6.446539299                
    0.7052492522E-01   -0.1672128890E-01    -7.305495116                
     9112.433959        -20819.34413         1262.102405                
Si              37                                                      
     2.630955710        -3.462867308        -6.734842040                
     1.747248282        -4.685417278         3.873127168                
    -8779.346902         3063.795567        -17900.86554                
Si              38                                                      
    -7.643196799        -6.633312173       -0.1539501541                
     2.139602577        -5.422710561        -3.276492421                
    -3657.521568         1407.531400        -36980.06109                
Si              39                                                      
    -7.541121399        -3.556505436       -0.3892334119                
    0.6618263718        0.9463828204        -1.085532711                
     31851.19950        -14200.55731         10034.84054                
Si              40                                                      
     2.712117640        -6.541828917        -6.487215422                
    0.4668196768        -5.876799857        0.6573832049                
    -21405.08720        -31436.90528         12996.33902                
Si              41                                                      
     8.801419597         2.493255335        -2.636716136                
     3.517950263       -0.6891920759E-01   -0.5645162002                
    -35507.46789        -37444.87483        -49214.21349                
Si              42                                                      
    -1.466224364         7.549186935        -4.242604036                
    -8.810287748         1.094622795         2.912889235                
     25734.53830         20577.65562         4287.847058                
Si              43                                                      
    -1.308102051         2.518065185        -4.178911721                
    0.5346733375         7.909765702         2.212612349                
    -31537.06829        -29713.64432        -9272.431844                
Si              44                                                      
     8.750018257         7.576276036        -2.472388776                
     1.521711581        -1.238533361         2.369515671                
    -3519.849613        -26212.79723        -21474.05959                
Si              45                                                      
     6.489740956         3.436013231        -4.635333765                
     4.676475987         6.214889717         8.738936722                
    -913.7199517        -9390.100433         10468.98393                
Si              46                                                      
    -3.720251368         6.434399660        -2.514499655                
    -1.839990103         1.234933409         5.833820589                
    -41921.58369        -5331.272474        -12289.65477                
Si              47                                                      
    -3.754609458         3.253243659        -2.332841491                
     1.629081423        -2.677645469         4.437169995                
    -13231.00747         20048.55508        -39675.55881                
Si              48                                                      
     6.536684366         6.559820937        -4.464045547                
   -0.2445995121        -3.808012689         6.351773775                
    -474.9459952        -9815.951095         12030.85285                
Si              49                                                      
     8.559862703         1.150178488         2.006023919                
    0.2163390333         1.793532853         1.217492061                
    -16080.20134        -18436.80461        -5102.070312                
Si              50                                                      
    -1.511120503         8.871856062         4.655335267                
    0.7103835315E-01    0.8363655286         9.459105020                
     35592.31243         19755.42701        -40345.85264                
Si              51                                                      
    -1.470847704         1.278421152         4.632110502                
     2.320569832         2.698796859        -8.003710472                
    -392.4177145        -25532.50240        -16801.67164                
Si              52                                                      
     8.636395666         8.687123167         2.313416119                
    -2.485392419        -10.85878444       -0.2235596777                
     413.3456516         30797.81972        -2196.821374                
Si              53                                                      
     6.253541808        0.6461083225         4.008912944                
     4.690708582        0.8267831946         2.086833193                
    -16130.42221        -23307.73658         23031.84562                
Si              54                                                      
    -3.802423824         9.457817516         2.656277585                
    -6.211156839         1.239202682       -0.7150111037                
     19630.58086         12609.33660        -10703.56418                
Si              55                                                      
    -3.739791629        0.6469096463         2.540040936                
     9.372818279         3.980121303       -0.6214624808                
     16029.90918        -11823.43400         37025.40902                
Si              56                                                      
     6.274131739         9.505902958         4.205887922                
    -2.036732948        0.7658897907        -7.025361119                
    -7059.108875        -7992.929598         4051.399979                
Si              57                                                      
     4.345877604        -1.333519906        0.1738256654                
    -7.038396490        -6.998926532         3.112385624                
     20961.86444        -4363.534701        -11809.05573                
Si              58                                                      
    -5.546249098        -8.892091023         6.373215003                
    -7.404727021        -7.025867826         1.344333381                
    -7034.545160        -30624.48417         28652.29080                
Si              59                                                      
    -5.630427563        -1.195221448         6.269205737                
     4.478833330        -4.447637181       -0.1334215762                
    -2429.723329         15835.32328         5239.835084                
Si              60                                                      
     4.552084351        -8.996443838        0.4085130434                
    -7.026764088        0.2671902063        0.8913580573                
     7836.892235        -4789.759932        -2983.336662                
Si              61                                                      
     7.570449738        -1.357938419        0.2104047003                
     3.289823427        -3.868380620         2.635461943                
     13981.12595         2552.751870        -15395.02199                
Si              62                                                      
    -2.371699377        -8.858702116         6.434567595                
    -8.481325029       -0.1428315137        -2.753828579                
     4290.033328         10627.21089        -33358.26448                
Si              63                                                      
    -2.433452614        -1.220489959         6.214079848                
     3.227276874        -6.850082779        -2.642028145                
    -6193.927657        -7149.655256         15496.86358                
Si              64                                                      
     7.758373773        -9.037582614        0.3692901321                
    -2.994679006        -4.959251988        -2.738423763                
     1880.693290        -5344.957660         34919.67424                
Si              65                                                      
     1.431503917        0.5230877697         4.071370905                
     8.100878433        -4.713938563        -3.739763220                
     33544.85723        -23917.40462        -30695.74595                
Si              66                                                      
    -8.613709693         9.466414424         2.499240232                
    -3.196210886        -5.788729645        0.2577145949E-01            
    -190.2968987        -36572.25500         11666.99704                
Si              67                                                      
    -8.707228661        0.5861761938         2.603763915                
    -7.163185260        -12.42186015        -2.059692826                
    -8580.657022         946.0916113         20341.85713                
Si              68                                                      
     1.573124775         9.534321837         4.283673162                
     4.884305007       -0.1475399496        -2.226409764                
    -15164.37271        -19482.99230        -26801.98078                
Si              69                                                      
     3.766460377         1.171611326         2.094243698                
     6.831191880         3.725222987         4.164480992                
     6123.971716        -25708.18665         27225.36872                
Si              70                                                      
    -6.292541847         8.784181628         4.535825681                
    -4.122721789         1.250789408         1.333236659                
    -176.0645869        -12504.33680        -5859.729997                
Si              71                                                      
    -6.197705977         1.311193051         4.430929604                
    0.6435750746         3.711774992        0.1675007563E-01            
    -31150.53576        -13502.11031        -7590.234560                
Si              72                                                      
     3.968976128         8.710471429         2.320012125                
   -0.7971385300        0.1321030805        -6.727356519                
    -34482.97400         337.7200999        -14582.13933                
Si              73                                                      
     8.580379974        -3.622748632         2.058064809                
    -3.620859584         3.200767562        0.9475098034                
     17408.44603        -15575.87517         27489.70448                
Si              74                                                      
    -1.453203902        -6.628745125         4.473157420                
    -3.496328390         5.118299278         2.739831979                
    -6265.331890        -707.4764836        -12062.38641                
Si              75                                                      
    -1.549072468        -3.515809347         4.356439159                
    0.8195572871E-01     1.430919125         2.144834276                
     20054.96197         28929.34832        -7734.475328                
Si              76                                                      
     8.667229107        -6.731043146         2.352559104                
     2.698574170         2.706835718        -4.331284404                
    -32038.51506        -8432.119613        -12212.57319                
Si              77                                                      
     6.287783392        -2.557736211         3.965230202                
    -2.931382762        -3.051382240        -1.935046633                
    -18574.69225        -35302.49014         489.8943573                
Si              78                                                      
    -3.835934687        -7.467192134         2.556874749                
    -4.383416776       -0.8581345236        -5.768315290                
     33643.09830        -12937.77514         20569.64942                
Si              79                                                      
    -3.911129680        -2.525513713         2.559983142                
   -0.6969211367E-01     2.001308500         8.894298849                
    -6265.982160        -7094.199317        -19908.80558                
Si              80                                                      
     6.189774779        -7.478566203         4.185690710                
    -1.552896447         3.748265759       -0.6340048837                
    -22540.86547        -19613.09194        -22494.07738                
Si              81                                                      
     4.438668175         3.379163385        0.8756472423E-01            
    0.2719720668        -7.360656426        -4.581251571                
     39389.36789         18951.89529        -18002.64055                
Si              82                                                      
    -5.641194413         6.452179509         6.487317059                
     1.610540742         1.711243987         1.725646797                
     6123.245878         34276.94619         7977.799643                
Si              83                                                      
    -5.743455368         3.425003868         6.638761664                
    -4.351294390         2.511790942        0.5527804355                
    -5885.024297        -5104.629916        -3284.150194                
Si              84                                                      
     4.608673600         6.475309885        0.2926629393                
     9.226996724       -0.5529165403         2.200964298                
     9589.226382         2876.220166         25523.00499                
Si              85                                                      
     7.703229280         3.440238866        0.1186891442                
     2.437179380        -4.370287604        -2.708555660                
    -30509.99499        -18787.12177        -6661.925632                
Si              86                                                      
    -2.375967332         6.576880389         6.610695853                
     1.186868185        0.3599926775        -7.512312127                
    -51077.14874        -10786.28212        -19173.37954                
Si              87                                                      
    -2.530732756         3.431064626         6.620685176                
    0.9908988721       -0.4119578756         2.845144385                
    -29412.01945         4823.737475         3446.580202                
Si              88                                                      
     7.760608420         6.522256381        0.3536660435                
   -0.9276699046        -7.996644039       -0.7130300920                
    -7700.496648         235.0519418        -20217.67781                
Si              89                                                      
     1.412480706        -2.615073647         4.062651616                
    -3.339272747        -7.081959095       -0.5990294176                
     39273.97570        -6017.750244        -15448.90216                
Si              90                                                      
    -8.721860170        -7.556093635         2.617475706                
    -2.245942510        0.5445544300        -1.576383117                
     10845.41980         15984.34306         24007.87981                
Si              91                                                      
    -8.690646261        -2.553504377         2.397911732                
     1.347658635         1.353901145        -6.081722847                
    -10301.13041        -26336.98862         19340.88909                
Si              92                                                      
     1.490465049        -7.532998734         4.337041473                
     5.111759599       -0.8455503692         6.270157666                
     13084.57346        -18261.07273        -8215.394908                
Si              93                                                      
     3.790498109        -3.552324112         2.123997538                
    -1.080318016         1.949257683        -4.950550184                
    -22130.96283        -16610.15867         39534.83901                
Si              94                                                      
    -6.152785061        -6.572456630         4.389993312                
     2.743235260        -2.288748769        -2.177174317                
    -36450.09434         24264.33639         5884.562731                
Si              95                                                      
    -6.377523072        -3.466127364         4.330418893                
    -3.831908457        0.5742781197       -0.9307823941                
     70.93547093        -14573.23344         36629.10022                
Si              96                                                      
     3.763433864        -6.682619721         2.360835567                
     2.239761067       -0.5970258352E-01     9.087660997                
    -4856.192470        -12271.94993         17300.70934                
O               97                                                      
     2.483120022        -1.096278484        -3.648333365                
   -0.9555173456        -12.54282439       -0.2498733525                
     6898.284340        -4036.600286         4730.499853                
O               98                                                      
    -7.574606392        -9.056248181        -3.440839011                
    0.6746248683        -1.870271651         2.222215526                
     2180.750993        -677.6398124         3544.990631                
O               99                                                      
    -7.545919362        -1.232464438        -3.429394863                
   -0.7917704311         7.876774136         2.780441495                
    -22445.01621         7952.997564         5037.362685                
O              100                                                      
     2.805517534        -8.899435579        -3.408307306                
    -3.195624917        -4.915667188        -5.008818280                
    -18725.79336        -22020.60449        -9001.903140                
O              101                                                      
     3.943270806        -1.111742173        -1.379553425                
    0.7866251602         7.469749398         1.717809505                
     1434.661975         5035.258714         36130.94674                
O              102                                                      
    -6.053523106        -9.075756208        -5.646783671                
    -4.244782637         11.68254583         3.427661732                
     11966.74203         13206.24235        -35906.40218                
O              103                                                      
    -6.145155005        -1.006847531        -5.838559759                
    0.1950044953E-01    -8.198487284         6.872367383                
     4202.158272        -5095.201346         4252.460021                
O              104                                                      
     4.164398707        -8.988890195        -1.119853316                
    0.9247114138        -3.007662249        0.7428844935                
    -1125.013611        -10135.22097         18.60717688                
O              105                                                      
     3.971968027         1.291205424        -6.550931540                
     11.87427695         9.577017371         4.676014353                
     21306.68484        -547.2993888        -958.2517281                
O              106                                                      
    -5.843361088         8.626377015       -0.4225610905                
    0.1983026632         4.445216727         7.927331881                
    -8665.401606        -2725.387960         4322.632966                
O              107                                                      
    -6.162688157         1.032673063       -0.2862906441                
    -2.492077742        -6.311267382         11.60805936                
    -2810.928940         1078.431099         7307.427509                
O              108                                                      
     4.131270128         8.866119735        -6.351351673                
    -4.967752590         1.957829783        -1.631129623                
    -9547.450605        -4573.417498         9049.951867                
O              109                                                      
     8.276892621        -1.117944528        -1.209028397                
     2.016217680         2.984314197        -2.882200661                
    -1123.082303        -10899.11295        -6465.050711                
O              110                                                      
    -1.926271776        -9.092324089        -5.708743438                
    -6.006401258       -0.6291666899        0.2589741466                
     11010.61840         12255.44593         16465.83093                
O              111                                                      
    -2.083311906        -1.046087072        -5.815581997                
     7.750378776         4.874094344         11.77564415                
    -14832.02505        -9743.620071        -38519.16427                
O              112                                                      
     8.237735644        -9.201749125        -1.069740885                
   -0.1951301919        -3.050537462         2.193508962                
     2448.522333         9236.969540        -21098.61564                
O              113                                                      
     7.615586324        -1.093922796        -3.676152522                
     3.729364801         3.191337134        -2.357291964                
     11890.08653         1402.424857        -8755.062528                
O              114                                                      
    -2.379450400        -8.994751684        -3.133053916                
     7.726053381        0.2018833147       -0.4772351748                
    -15178.40183        -6356.649198         4122.911998                
O              115                                                      
    -2.580679228        -1.091050532        -3.352154444                
     3.571208790        -2.075846289        -1.352833272                
    -2924.973742        -6409.227223         18088.64539                
O              116                                                      
     7.747043220        -9.082722743        -3.673363055                
     3.070077596        -5.397437424        -1.466926740                
     12758.67592         18584.11576         8160.777577                
O              117                                                      
     5.078010111        -1.091766950        -3.611475776                
   -0.5104027894         8.966072237        -2.356839969                
     15129.80891         2902.034310        -13257.89959                
O              118                                                      
    -5.009198356        -9.068871647        -3.263867430                
     3.304228873        -6.804022478        -2.334689288                
     9363.322465        -7133.281006         2892.293947                
O              119                                                      
    -5.060116833        -1.161216583        -3.467033816                
     5.654517759        -2.576219115       -0.7315714338                
    -2950.341755         10701.34596        -5304.499854                
O              120                                                      
     5.294869248        -8.836349931        -3.512504171                
   -0.7030151228         6.761773269         4.039005116                
    -7450.796712        -9910.811632         15678.51814                
O              121                                                      
     2.593983993         3.134247717        -3.574865287                
    -3.016213853        -1.261319523         3.299124015                
     3592.328644         1080.691745        -12134.36131                
O              122                                                      
    -7.584209922         6.953204997        -3.437409793                
    -1.036503383         8.106577644         4.140553298                
    -25913.21681        -14957.82330         24834.54387                
O              123                                                      
    -7.604781902         3.003897965        -3.311902778                
    -2.931935164         4.247981430         4.379215529                
     6861.766614         518.7305253         9086.344775                
O              124                                                      
     2.752890805         7.120147518        -3.272375470                
    -8.653936978         6.948578643        -1.132043829                
    -14538.00996         10485.16002         6209.895610                
O              125                                                      
     4.095303275         3.081344404        -1.463295811                
    -10.57387677         4.361352071         5.493975801                
    -4696.032593        -7554.754885         20613.13536                
O              126                                                      
    -6.253719871         6.946497211        -5.699486633                
     7.717129787        -3.535055406        -2.486884387                
     7122.583218        -2603.202178         12767.04706                
O              127                                                      
    -6.275219611         2.850158054        -5.584933868                
   -0.3212557512        -2.726420598        -7.069380028                
     1785.806061         23600.20377        -6396.089246                
O              128                                                      
     4.458166246         7.100562115        -1.141363345                
     5.954097616         10.40207061        -5.657645334                
    -23158.33227        -3509.344823        -11539.07811                
O              129                                                      
     4.205317092        -3.273971576        -6.594197995                
     2.542446766         6.494390203         1.409687728                
    -14844.95219        -7549.264587         5047.186684                
O              130                                                      
    -6.044756672        -6.830510159       -0.2512935455                
    -1.100067757        -10.43198017       -0.8635730807                
    -14720.36642         928.8926221         7917.366088                
O              131                                                      
    -5.909707889        -3.601583700       -0.3654700828                
     9.099148410         5.369932089         5.145586255                
    -29674.78047        -527.8619567        -6935.831442                
O              132                                                      
     4.253879344        -6.586288997        -6.413050038                
     3.981442038         8.072267954         4.511062368                
     13843.41787         5862.579696        -8261.583023                
O              133                                                      
     8.312442361         3.055587221        -1.302432910                
    -7.418721746        0.8534933488         2.601224151                
    -1616.101447        -723.6551884         22232.83910                
O              134                                                      
    -1.810668735         7.023514849        -5.647940793                
    -2.422720363         7.002044879        -4.105566448                
     15077.49180         4923.231099         1850.364082                
O              135                                                      
    -2.049635969         3.038037719        -5.570080721                
    -4.666049479         4.934376452       -0.4168580870                
     27365.34007        -10390.40500         30933.66714                
O              136                                                      
     8.146138757         7.042576451        -1.119223583                
    -5.337237331        -2.218149648         1.456244487                
     5467.013827         6749.781617         15120.60936                
O              137                                                      
     7.745218056         2.903422260        -3.800609148                
     14.94295133         9.851194308        0.6352951333                
     4529.892985         6233.835540         7536.224202                
O              138                                                      
    -2.508046406         6.896036285        -3.334111865                
    -6.381200827        -3.003769228         5.014573249                
     10447.67187         4871.492962         12865.63110                
O              139                                                      
    -2.353145460         2.819120322        -2.992704560                
    -4.719837491         6.529275989        -6.647879030                
     376.9113150         13570.41686        -604.6612972                
O              140                                                      
     7.863914816         6.848124384        -3.639006554                
   -0.4738374814        -8.429064547         10.23639086                
    -5716.956617         22138.39338         9133.060765                
O              141                                                      
     5.186817389         2.971139930        -3.804920289                
     2.434965921       -0.2784826065        -5.014746589                
    -1103.568355         1521.667625         826.2358055                
O              142                                                      
    -5.038586340         6.824468614        -3.384172715                
    -11.29367014        -4.380399164         1.544565574                
    -7920.127835         15183.74001         2302.237307                
O              143                                                      
    -5.034049248         2.924106535        -3.326646582                
     14.95607594        -2.725000682         9.309817300                
    -133.9572534        -10326.69528         11021.62677                
O              144                                                      
     5.260245917         6.984466576        -3.594364243                
     5.585318250         9.191887731         4.337471700                
    -1962.617830         13814.19741         15105.87007                
O              145                                                      
     3.808562769        0.9763778559        -2.949092838                
     8.594209340         2.576104375        -9.373379085                
     5502.705140        -10522.79575         12013.86203                
O              146                                                      
    -6.258690226         9.098339284        -4.074986615                
    -4.721270077        -6.502520010        -2.871211796                
    -4972.883994        -22413.00008        -5593.908487                
O              147                                                      
    -6.417027032        0.8588231746        -4.227460455                
   -0.8743693331         8.531140454        -5.881418638                
    -1519.554745         6399.379946         14258.65577                
O              148                                                      
     4.088856132         9.201514701        -2.727989247                
    -13.54032233        -1.599231324         1.567835201                
     1748.340486        -8322.836939         8666.777088                
O              149                                                      
     8.806991499        0.8297995832        -2.642055570                
    -2.223760106         6.438114888        -13.36735854                
     7105.753625         28521.25087        -2516.174094                
O              150                                                      
    -1.524497448         9.128138069        -4.242250835                
   -0.7488501118         2.115759484       -0.3507827641                
     8190.892359         14121.36244         5096.794382                
O              151                                                      
    -1.425376142        0.9108712524        -4.280029528                
    -3.216482786        0.8427496776        -7.377895135                
     6699.835110         6658.636204         1431.978577                
O              152                                                      
     8.805814277         9.149834357        -2.606951593                
    -5.280520715         7.571602416        0.4672315754                
    -2194.380930        -22589.85885         287.3607986                
O              153                                                      
     1.835754780        -2.403353684        -5.905654707                
     2.647440350         3.537864933        -2.504089387                
     3108.149537        -3469.284135         35236.41451                
O              154                                                      
    -8.132072997        -7.633780919        -1.319612670                
   -0.2169689223         9.756393827         2.055499955                
     1109.830412        -2436.302696         10908.02240                
O              155                                                      
    -8.078284001        -2.638642912        -1.511974722                
     13.18392030         1.843089758         1.104758621                
    -17628.48562        -5670.855873         17162.97455                
O              156                                                      
     2.200877437        -7.521765739        -5.298901761                
    0.6638361829        -4.091259150        0.3921126089                
    -17520.21625         3189.731064        -25696.70088                
O              157                                                      
     1.845339105        0.4350629014E-01    -5.821398331                
     3.103736546       -0.3337627344         4.747183273                
    -3609.893104        -6421.669825         12416.00078                
O              158                                                      
    -7.937155244         10.02035682        -1.163271580                
   -0.4604292985        -15.35089654         7.205475670                
    -3214.618183        -4287.026399        -10926.11558                
O              159                                                      
    -8.266010988       -0.1301682332        -1.233254175                
    -6.397536829        -9.416425669         12.54143911                
    -11862.10500         6210.472790         9268.298425                
O              160                                                      
     1.957792629        -10.07687177        -5.565727853                
   -0.2206935999         8.536449586         1.880592753                
    -4565.310089         11512.17188         14871.53482                
O              161                                                      
     1.909914258         2.603266958        -5.874836464                
    0.7548896526        -3.969805921        -4.225086894                
     9489.138901        -8098.622048        -31329.73360                
O              162                                                      
    -8.026388174         7.425251671        -1.068246162                
     5.996116933         4.500444518        -6.281927300                
    -8512.649248        -6985.362289        -16359.56034                
O              163                                                      
    -8.146204526         2.427327584        -1.005365553                
   -0.4635572092         2.948203262         5.582669383                
    -20387.53192         16068.19910        -8887.151749                
O              164                                                      
     1.957780430         7.628873844        -5.562586725                
    0.8731727950         5.347076075        -7.599564430                
    -253.5245052         10872.66515        -4279.384070                
O              165                                                      
     6.215147451        -2.283329979        -5.541659961                
   -0.8531369011         1.286971016        0.6717587639                
     8201.527488        -10386.07387        -9360.544949                
O              166                                                      
    -3.932238128        -7.715067969        -1.481852432                
    -1.505179896        -1.322837570        -6.839007917                
    -3923.428001        -1012.816179         23356.16997                
O              167                                                      
    -3.963637929        -2.664225180        -1.593818212                
     1.432848403         5.915181586        -1.168585269                
     19005.54359         13115.73700        -12283.03918                
O              168                                                      
     6.401970167        -7.305502792        -5.272281773                
    -1.218629247        -19.97149155         9.924411086                
     4544.657075        -10017.89011        -7540.445529                
O              169                                                      
     6.146811935        0.2273643085        -5.493040421                
     2.343119716         7.322085806        -1.109928444                
    -8307.757864        -8199.898625        -2188.933479                
O              170                                                      
    -3.852803561         9.805018261        -1.340604604                
    -13.21252551         17.21704465        0.3231634083                
     8978.114893         5398.679886         4553.986103                
O              171                                                      
    -4.125462873       -0.1628416611        -1.313327027                
    0.3519263183E-01    0.5536438318         2.364655979                
     7249.136566         583.2161567        -9059.989855                
O              172                                                      
     6.214817168        -9.911199049        -5.520083651                
    -4.399601707         4.538711738        -2.487256359                
    -7959.219939        -17625.06259        -6559.402961                
O              173                                                      
     6.171414216         2.645253849        -5.947192842                
    -14.94534637         5.543185101         2.400407617                
    -4371.968495        -9253.407965        -4799.725961                
O              174                                                      
    -3.838148505         7.298240568        -1.174668680                
     4.484860823        -5.595762433         4.154101883                
     10893.00301        -12258.90561        -7496.960404                
O              175                                                      
    -4.134369855         2.352550050        -1.117110572                
     4.132167410         4.617990268        0.6059594553                
     5901.251960         6440.999601        -5551.187735                
O              176                                                      
     6.337308296         7.656854021        -5.584516785                
     2.569621117        -2.104276455         1.487111572                
     1996.154272        -11886.77253        -1461.492211                
O              177                                                      
    -10.05651911        -1.287886675        -2.751568444                
    -9.899443769        0.7482593670        0.7466748243                
    -16103.04155         3886.465755         4379.098320                
O              178                                                      
    0.1675471600        -8.933927696        -4.080711731                
    -1.089366756        -3.563452520         2.895066870                
    -12610.78265        -11497.05620        -28150.00859                
O              179                                                      
   -0.7485437229E-01    -1.190101416        -4.542328846                
     3.010485895        -3.983674276         1.986775671                
    -4358.905049        -1942.713160         19379.22272                
O              180                                                      
    -10.01863333        -9.049665871        -2.430446079                
    -7.030923287        -1.797371588         11.01218287                
     10186.68871        -760.3973115        -6263.176645                
O              181                                                      
    -10.07227948         2.908846856        -2.779027667                
     8.831026173       -0.9751849351         5.938712855                
     32354.74012         12629.57053         24904.68626                
O              182                                                      
    0.8951788612E-01     7.150934307        -4.011159810                
     4.818823033         5.778545307        -8.220243903                
    -17550.34577        -2877.790337         3313.338600                
O              183                                                      
    0.1498133233         3.031410698        -4.282851712                
    -3.882989854         4.481989784         3.019194434                
    -5005.116995         25225.00592        -2397.862604                
O              184                                                      
    -10.11537745         6.944800857        -2.501963241                
    -3.752272631        -7.878782482         9.159052295                
     14571.04461         7909.407953         3824.065823                
O              185                                                      
     1.791678046         5.198434914        -4.630089041                
     5.513792116        -7.465277517        -12.08319550                
    -34297.80907        -3494.361265        -8982.049292                
O              186                                                      
    -8.677638689         4.914181254        -2.040536275                
    -1.249077271        -2.279760793         5.886516304                
     9687.161161         16119.62867         5019.879726                
O              187                                                      
     6.489332831         4.994807527        -4.702260496                
     9.747798008       -0.1155533521       -0.2212711913                
     4756.922459         10189.17823        -7301.293661                
O              188                                                      
    -3.734573045         4.899898015        -2.412042542                
    -4.453136611         1.858864054         2.082487766                
     9087.620195        -35813.51923         26532.72085                
O              189                                                      
     6.068813623        -4.871850382        -6.347045684                
    0.9231752424         2.316250665        -1.196031372                
     5273.954392        -11359.66554        -3435.845623                
O              190                                                      
    -4.177678195        -5.200708205       -0.4504037507                
    0.8126632547         1.187530583       -0.7342737546                
     14959.09137        -4036.608018        -9895.941970                
O              191                                                      
     2.376818541        -5.036263742        -6.452633185                
    -6.394548977        -1.264776533        -1.189014161                
     3492.122285         24285.46178         364.9263635                
O              192                                                      
    -7.970034528        -5.089552538       -0.3976795744                
    -4.425563082        -5.274093711        -9.469528194                
     12818.23364        -1228.356255         1624.636659                
O              193                                                      
     7.453813439         1.136511467         3.141249445                
    -2.398196875        -4.346911410       -0.9129600933                
     11300.01189        -10746.14732         9023.783230                
O              194                                                      
    -2.381899479         9.129895271         3.355196042                
    -1.703329395        0.2832486063        -12.76234803                
    -28580.42331        -9177.019432         9489.879275                
O              195                                                      
    -2.410559031         1.100988264         3.400187406                
     1.220730213       -0.2807658897        -2.982719892                
    -28310.81952         1510.049345        -21775.88250                
O              196                                                      
     7.588058735         9.034444764         3.471594965                
    -2.658192968        -4.825508381         3.340444707                
     14416.79725        -9437.892616         282.8762602                
O              197                                                      
     6.054727105         1.001396923         5.572319041                
    -6.928717101         4.938093346        -9.032598221                
    -2108.024482         4391.322095        -13016.24359                
O              198                                                      
    -3.920492533         8.862600778         1.201402400                
     4.801343443         5.107033185        -3.330126657                
     2085.423866        -1915.377901        -30355.03320                
O              199                                                      
    -3.884722506         1.049165030         1.078284637                
    -2.853540489        -5.638009459        -3.401646430                
    -12569.46609        -4461.938054        -25495.14781                
O              200                                                      
     6.114509429         9.116121656         5.732815771                
     1.815131154        -6.745647995        0.8149365417                
     4408.866486        -4283.351089         7131.182407                
O              201                                                      
     6.016531698        -1.374805759        0.1739626519                
   -0.7667444925         2.011701149       -0.2917485124                
    -34121.52222         4219.052096        -3015.158489                
O              202                                                      
    -3.941186532        -8.990464446         6.347479662                
    -4.310734414        -3.797587636        -4.819044737                
    -13860.36731         13527.79385         3080.200707                
O              203                                                      
    -4.017608159        -1.127594391         6.148623500                
     13.62536197         4.387379579         6.710190988                
    -10087.05614        -3658.812605         3943.587622                
O              204                                                      
     6.173422910        -9.054353512        0.3287627654                
    -4.964172515        -4.415354133         5.590640034                
    -8284.328571         18539.18430         6835.086491                
O              205                                                      
     2.055996582        0.9722051491         5.389083900                
     8.229292361        -4.347795239        -1.891477156                
     3471.425633         17816.73968         31925.10020                
O              206                                                      
    -7.945171059         8.994621458         1.116254823                
     5.535664899         5.606819013         7.573573223                
    -7935.181314         6925.414090         4783.547745                
O              207                                                      
    -8.328841462        0.9372708656         1.135359224                
     3.687309119         3.109180856        -3.184530497                
     715.6626766        -4058.567321         2516.423977                
O              208                                                      
     2.018391198         9.053916870         5.724138376                
    -3.228707276        -2.837271838         7.403306384                
     3927.743320        -2606.020351         7245.574622                
O              209                                                      
     2.452909872         1.051454362         2.957483050                
   -0.7013289486         4.281672304        -1.547952718                
    -5891.050457         4535.955084        -9049.658040                
O              210                                                      
    -7.624112766         8.912379252         3.655674482                
     1.934498615        -10.70001817        -3.421969017                
     7922.514704         14973.37944        -4477.221384                
O              211                                                      
    -7.571904274         1.222236446         3.491746783                
    -3.789669501         2.746039051         5.293714936                
     11254.87397        -2376.753598         13844.62697                
O              212                                                      
     2.611441254         9.104086342         3.158342648                
     7.426215620        -8.827773621        -8.190443380                
     18781.26470        -13634.65797        -750.1297816                
O              213                                                      
     4.981487099         1.014236013         3.144598620                
    -7.128945998        -1.534427812       -0.5291361102                
    -4000.668051         1107.999433        -6019.906946                
O              214                                                      
    -5.002211015         8.949365733         3.503004142                
    -2.294076044        -3.990286229       -0.3576408056                
    -21852.41911         318.4488008         22033.65263                
O              215                                                      
    -4.968232446         1.100109631         3.413262732                
     3.293250330        0.3080522643         2.539795268                
    -11852.49820         20582.82860         15057.70441                
O              216                                                      
     5.114137849         8.793794408         3.360900173                
     3.015890929         15.44378757        0.8374495711                
     4915.355652         7463.605385         3039.949531                
O              217                                                      
     7.571595857        -3.240001544         3.216862044                
   -0.7546199106        -5.050401699         10.06864316                
    -18893.10433         19122.40691         7892.758438                
O              218                                                      
    -2.523196753        -7.053072550         3.398098583                
    -2.613565393        -1.822918495         5.198338689                
    -12229.24871        -4159.829586        -8095.645593                
O              219                                                      
    -2.597949020        -2.988309468         3.333242805                
    -1.855547121        -5.394628923         3.775228486                
    -16484.14025        -1055.321653        -14575.11502                
O              220                                                      
     7.394731119        -7.123419288         3.256051557                
    0.4623063139        0.2904055063        -2.691187670                
     22236.11315         5001.553406         10362.80015                
O              221                                                      
     6.162906838        -3.034090520         5.474899744                
    -11.95555718         2.273206629        -2.504569476                
     4210.304767        -7281.571060         8139.511576                
O              222                                                      
    -3.917473208        -7.140667278         1.072237253                
    -1.951436463         12.03807204        -8.202701334                
    -5570.172264        -810.6568566        -16419.55447                
O              223                                                      
    -3.971150160        -2.965641369        0.9744850905                
    -3.657034663        -4.502856581         3.713300294                
     13235.66522        -5108.460230         20968.48598                
O              224                                                      
     6.203064428        -7.105363968         5.690695809                
   -0.7916824769        -5.758823345         4.347139435                
     2414.703544         23763.75922         20116.04494                
O              225                                                      
     6.099261336         3.217188721        0.9142447721E-01            
     7.397010937        -8.245456701        -5.557032165                
    -10012.15359         10386.80152        -2497.533297                
O              226                                                      
    -4.016578797         6.722411743         6.647156031                
    -2.352840944        -9.749722958         2.968007726                
    -4625.381010        -17788.66364        -9658.646002                
O              227                                                      
    -4.175970377         3.336961263         6.646280509                
    -5.361136641        -2.265500293         3.974808131                
     28238.19925         1537.755217        -8106.533226                
O              228                                                      
     6.210235650         6.702594618        0.5146152959                
    -4.867921094        -2.170947814         6.243336022                
    -17343.00951        -18357.28937        -648.9574921                
O              229                                                      
     2.125063040        -3.164512732         5.377775035                
    -6.691382105        -3.181055504         5.574099205                
    -4055.917771        -1881.024195         4760.424533                
O              230                                                      
    -8.254976638        -7.025426258         1.211088858                
    0.2884571467         4.471607240         1.316952399                
     1409.411288        -11373.36992         3621.467492                
O              231                                                      
    -8.011541553        -2.955153208         1.006096049                
     7.312508731         2.217453778        -4.686449779                
    -8380.880672         7719.203053         5245.231319                
O              232                                                      
     2.069438944        -7.149029948         5.744486076                
     7.457115306        -6.125236585        0.1175811008                
     7177.584109         14309.48765         16528.67302                
O              233                                                      
     2.367264349        -3.164593789         2.895743331                
     7.335598002        -5.853981969        -2.854462881                
     17214.75850        -8455.509823        -14875.44557                
O              234                                                      
    -7.592111820        -6.963954007         3.595292565                
    -3.147354854         4.943326650        -2.549895439                
     24317.78063        -7432.488008         9310.344945                
O              235                                                      
    -7.763786025        -3.110448712         3.614661283                
    -6.556660037        -3.316160222        -9.515258361                
     13676.26100        -7867.601600        -16297.47202                
O              236                                                      
     2.477298299        -7.090869320         3.212108714                
     8.802881895         1.739006735        0.7115245209                
     1285.296980         18906.27864        -9463.871413                
O              237                                                      
     4.898417718        -3.008557037         3.104327025                
     10.50332624       -0.1461572758         1.405967361                
     35275.82903         8102.145209         3188.194963                
O              238                                                      
    -4.984337950        -6.720867866         3.340234570                
     3.910837508        -2.968296330       -0.3020116782E-01            
    -10693.62949        -20352.97537         7074.464633                
O              239                                                      
    -5.149767849        -3.153238916         3.363868713                
     3.215696125        -1.107779815        -5.364071359                
    -4429.221937         5330.019093        -3337.598473                
O              240                                                      
     4.903197088        -6.874785684         3.427994547                
     4.447675710       -0.1826164521        -2.891264843                
     18999.49641        -17115.35000         9063.141295                
O              241                                                      
     6.308373108        -1.037589110         4.105413076                
     1.783908667         8.053116745        -3.891143395                
     8816.933916         43975.01138        -19231.43317                
O              242                                                      
    -3.934525932        -9.082668335         2.653783034                
     4.005744712        -4.073175338         12.00073955                
    -5485.238664        -868.0343576        -649.0118507                
O              243                                                      
    -3.984951718       -0.9524229276         2.621624782                
    -4.854523964         3.306238033         3.924442907                
     14743.24201         6898.171943        -8747.643493                
O              244                                                      
     6.084382597        -9.106182369         4.043886649                
     6.858084976        0.9132121412         11.10794051                
     6223.130321         11148.46792         9962.178414                
O              245                                                      
     1.462519462        -1.056706092         3.987510227                
    -11.29601837        -2.102875659        0.9196162748                
    -3216.995860         9635.501801         1375.852405                
O              246                                                      
    -8.662095219        -9.145700056         2.660366670                
     7.014746455        -1.321295250        -2.942203619                
    -293.1771837         7117.278028        -5983.568083                
O              247                                                      
    -8.675108057        -1.025047201         2.750508906                
     4.781040368         8.021508837        -6.123010636                
    -8003.459035         17755.01905        -18124.45470                
O              248                                                      
     1.504269589        -9.095882809         4.245615207                
     4.743724693         2.066192729        -6.939254430                
    -484.3987800        -118.2019936         8292.482161                
O              249                                                      
     8.238033562         2.443396625         1.199666719                
     4.247039345         6.430570507        -9.275596683                
     14206.13877        -679.0059126        -10083.60158                
O              250                                                      
    -1.971359935         7.608408906         5.476553491                
   -0.8739599457E-01    -5.269506958        0.1680789716                
     15755.37267        -3904.526635         1818.165946                
O              251                                                      
    -1.874396289         2.462756892         5.527919987                
     6.228059377        -7.886764810        -5.536413980                
    -3856.161948         24539.78231         9345.439302                
O              252                                                      
     8.405162599         7.408975253         1.460871330                
    -4.129818002         4.431606352       -0.2690898080                
     2315.822861        -10344.95276         3153.269787                
O              253                                                      
     8.075457808       -0.1822568560         1.073693147                
     19.36902449        -1.138610495         1.759664130                
     16333.86982         41429.08074         28272.34708                
O              254                                                      
    -1.770964281        -9.982952150         5.517508306                
   -0.6539514489         7.059203350        -3.840172326                
    -1749.202759        -19880.94951         5990.188883                
O              255                                                      
    -1.850955209       -0.4502884771E-02     5.466501372                
     1.605991292         4.582434446         14.95238994                
     1827.001525         8728.328582         3190.643449                
O              256                                                      
     8.208682221         9.884995609         1.280551135                
    -4.694182399        -11.03125946        -7.551538832                
     8609.247590        -3211.930686         3041.998064                
O              257                                                      
     8.110721168        -2.611594531         1.016548646                
     7.569628587         6.507194151        -1.477960676                
    -9843.383500         400.7263978        -25388.59054                
O              258                                                      
    -1.814349362        -7.514959106         5.714176013                
    -13.76368145        -5.225781900         2.842808468                
    -18414.88170        -5506.325454         18004.37587                
O              259                                                      
    -1.876103271        -2.526726886         5.537876114                
    -1.799554907        -7.965437532         3.882490944                
    -8537.489242        -4515.331352         8367.862997                
O              260                                                      
     8.447856709        -7.764494003         1.141640982                
    -2.366127257        -1.853125087         10.07673691                
    -11343.48222        -5707.052522        -3786.385399                
O              261                                                      
     4.005117664         2.432910199         1.207644290                
    -1.921469236        -3.771352420        -2.749265939                
    -18865.60558        -18738.30450        -5151.979002                
O              262                                                      
    -6.154044737         7.480806515         5.404637204                
   -0.3930195245         4.601323206         9.797249120                
     5774.465716        -4329.707302        -8205.092277                
O              263                                                      
    -6.184785295         2.515615160         5.481387170                
    -4.339191613         10.11208330        -5.021244573                
     3425.635721        -22000.99104        -30037.67551                
O              264                                                      
     3.956269074         7.380008864         1.409304424                
    -2.258920703         3.453468492       -0.7015971442                
     2876.414546         9369.073810         4888.819059                
O              265                                                      
     3.876214010       -0.1619679802         1.151340282                
    -1.357703492       -0.4250015102        -8.154287097                
     5523.486181         12591.84332        -12810.98973                
O              266                                                      
    -6.082206865         9.952459720         5.585620978                
    -7.405105402         6.162982222        -10.06919929                
     4564.550146         27868.50444        -7173.523114                
O              267                                                      
    -6.215026412       -0.3994009225E-03     5.364835154                
    -12.80435336        -1.820602946         7.043572472                
     16642.51600         8061.437093        -4995.477167                
O              268                                                      
     4.210480798         9.857265278         1.201017127                
     4.271278164        -3.533850089         2.846062100                
    -4862.766768        -4322.415503         11298.53225                
O              269                                                      
     3.953416140        -2.706952846        0.8273829524                
    -3.380941397        -2.486916833       -0.8143761353                
    -2378.207015         6667.149224        -2642.036148                
O              270                                                      
    -5.915086155        -7.571601835         5.602195960                
    -3.558414130        -1.142196588         5.812182880                
     1046.076609        -11392.71642        -14143.57439                
O              271                                                      
    -6.065193844        -2.510021481         5.606573479                
    -5.575382235        -8.908113632        -4.772167480                
    -8087.476789        -16004.16054        -27615.44130                
O              272                                                      
     3.949154618        -7.775454086         1.227534807                
    -1.148436556         3.510806389        -5.071457647                
     14652.76199         4629.242910        -3633.617941                
O              273                                                      
   -0.2677319705E-02    0.9649278864         4.186433308                
    -3.694625525        -2.774434836       -0.4521645757                
    -19692.82338         27345.82241         560.3448888                
O              274                                                      
    -10.11500917         8.879368764         2.568136673                
     2.463409833        -3.621669427        -4.129838288                
     1192.621763         10966.68633        -64.20127893                
O              275                                                      
     10.04897663         1.005283954         2.476326408                
     3.174165851        -2.406861753        -11.23629869                
     6744.129516        -7068.294293         7602.048319                
O              276                                                      
    0.6660457477E-01     8.956153591         4.158969093                
    -3.431745236        -2.982025813         1.371133613                
    -11552.86003        -3236.467436         25894.71656                
O              277                                                      
   -0.3149714228E-01    -3.079952744         4.019709507                
    -1.833022943         5.801753689        -8.008011251                
    -29013.60635        -17224.39173         3345.521236                
O              278                                                      
     10.12160845        -7.026124439         2.817162345                
     1.899873530        -10.32450818         11.74136999                
     6691.791212        -7018.180861         1977.308437                
O              279                                                      
     10.13581789        -3.218379285         2.246627272                
     2.856738645         8.314722078        0.9397645089                
     8796.826851         10178.85011         4982.195944                
O              280                                                      
    0.2575943128E-01    -7.074905962         4.241238157                
    -4.172519219         3.292031428         6.585663249                
    -7368.720284         20377.17647        -2496.818300                
O              281                                                      
     8.462573167        -5.210222010         2.050712434                
     1.533988254         11.45045150       -0.8521864915                
     14190.94486         9198.979469        -9585.179548                
O              282                                                      
    -1.598749122        -5.030932303         4.458684270                
     3.677976667         7.254454630        -5.322825893                
     6253.170944        -27138.45285         14649.75208                
O              283                                                      
     3.941310771        -5.171406581         2.102670692                
    -6.576732423        0.8409197132         11.32478210                
    -20410.14972         30457.16494        -22620.41743                
O              284                                                      
    -6.230306152        -5.047043759         4.798895810                
     4.605132474         4.566041048        -1.345535424                
    -8755.208040         13819.84722        -27219.18953                
O              285                                                      
     4.209462154         4.904245821        0.4490857139                
    -7.057511161        0.5925450018        -4.165074215                
     11462.42506         15832.52533        -22157.63763                
O              286                                                      
    -5.953713298         4.945058774         6.247384069                
    -4.024533134        -5.185022717        -2.941529513                
     5081.596071         658.1159129         17809.41836                
O              287                                                      
     7.933922698         4.931669259        0.3028083514                
     1.869418186         6.923088336         3.206567848                
     6573.241834         28195.01199         12529.47778                
O              288                                                      
    -2.226285643         4.988248096         6.544092139                
     10.25638085         12.37107319        -2.553759557                
     5586.941930         5746.485414        -19370.13218                
C              289                                                      
   -0.7085822281         5.284604286        0.9613646426                
   -0.6583806908         1.359644377        -2.980461952                
    -99.64948961        -83.48152321        -105.7530997                
C              290                                                      
   -0.4554457866         5.818090936         2.230706084                
    -2.354506849         2.197907431        -2.994524999                
    -139.8014725        -173.2085749         72.42767365                
C              291                                                      
    0.5049786455         5.226447674         3.059888307                
    -3.024308644         3.116051611        -1.563587633                
    -146.6666458        -177.9686604         154.0464416                
C              292                                                      
     1.212266637         4.101317762         2.619729089                
    -1.997984283         3.195932736       -0.1185872178                
    -217.4972250        -43.22021542         87.39682512                
C              293                                                      
    0.9591301941         3.567831112         1.350387646                
   -0.3018581226         2.357669680       -0.1045241720                
    -165.8447463        -7.509729805        -142.3860823                
C              294                                                      
   -0.1294237620E-02     4.159474374        0.5212054233                
    0.3679436726         1.439525501        -1.535461538                
    -6.614820723        -59.20110711        -80.39540959                
H              295                                                      
    -1.449481077         5.741014803        0.3217097842                
   -0.1416764477        0.6513617231        -4.084327922                
     30.73873374         111.9036943         153.6135164                
H              296                                                      
    -1.001071697         6.686061977         2.570271582                
    -3.146265241         2.136291105        -4.109251640                
     199.9599015         253.6947857        -225.2067078                
H              297                                                      
    0.7002515835         5.638008199         4.039108663                
    -4.332771281         3.762717938        -1.574448304                
     132.8617202         220.9849944        -160.1055018                
H              298                                                      
     1.953165484         3.644907245         3.259383946                
    -2.514688525         3.904215389        0.9852787512                
     136.0547566         343.9347901        -103.7796426                
H              299                                                      
     1.504756105         2.699860071         1.010822149                
    0.4899002685         2.419286008         1.010202469                
    -1129.432678         332.5585696         61.88320509                
H              300                                                      
   -0.1965671748         3.747913848       -0.4580149324                
     1.676406308        0.7928591749        -1.524600866                
     42.91528554        -61.94750607        -30.40241409                
