Diffusion in Zeolites. ZSM5 (Silicate) Crystal Structure, Si(96)O(192) +
         2         2       300     13334   1.0000000E-03   1.3334000E+01
       20.3183600000        0.0000000000        0.0000000000            
        0.0000000000       20.1714600000        0.0000000000            
        0.0000000000        0.0000000000       13.5858629500            
Si               1                                                      
     1.701286665        -1.142472258        -4.558399961                
    0.7039160510         3.715897904         3.728078536                
    -24245.80320         20840.24358         28657.78826                
Si               2                                                      
    -8.520905057        -8.885439337        -2.083857427                
    0.7404599666         1.783382684         5.495141801                
     12515.80154        -14722.94485         178.8708363                
Si               3                                                      
    -8.539321081        -1.109736902        -2.234780229                
    -5.141066508         3.443387099        -2.386927439                
     28751.73966        -8960.708673        -38143.34695                
Si               4                                                      
     1.628092734        -8.775692685        -4.582611944                
    -2.926380703        0.6920675628        0.5690527778                
     42326.84206        -23000.82612         9548.897289                
Si               5                                                      
     3.994837937       -0.3994769036        -2.654755607                
    -4.104278631        -7.952423993       -0.7510327857                
     17517.97632        -12859.15997        -10429.54938                
Si               6                                                      
    -6.111468567        -9.472430821        -4.080816690                
   -0.3408846256        -1.769675830         2.980086463                
    -20582.07835        -12325.06615         11792.17110                
Si               7                                                      
    -6.024865182       -0.6185396088        -4.187290696                
     5.748892761         4.826709506        -1.182919689                
    -12325.98044         12919.30446         18946.41196                
Si               8                                                      
     4.070065174        -9.404937627        -2.671430907                
    -1.453855963         1.336175708         3.716631931                
    -12009.19836         45551.21147         9630.895928                
Si               9                                                      
     5.840147455         1.412309783        -6.558188755                
     7.735222438        -4.807370573        -5.570962447                
    -10667.21558        -764.9895629         18675.66323                
Si              10                                                      
    -4.372230846         8.931138159       -0.2732357543                
     3.455183480        -2.692822818         2.122479723                
    -38314.73948        -13635.05130        -23458.50777                
Si              11                                                      
    -4.411850098         1.382665491       -0.4794310475                
    -3.364395040        -4.134898901        -1.343328790                
    -12583.18593        -7062.195257         18438.38337                
Si              12                                                      
     5.661897100         8.929678510        -6.543120746                
    -8.366677033       -0.4823183952        -1.864540679                
     38054.01132        -26003.68076        -18201.89443                
Si              13                                                      
     2.712459148         1.231415240        -6.393470564                
    -1.095897379         2.690769500         2.127370046                
    -29950.50222         23990.04446        -7671.848153                
Si              14                                                      
    -7.624033583         8.753959852       -0.2705777598                
     1.792114796         1.190944373        -5.324992363                
     242.5840880         37713.49766         13480.72947                
Si              15                                                      
    -7.553935375         1.149912884       -0.3421977936                
    -6.707241019         5.297198701        -5.007268833                
    -5944.666974         22527.69520         36927.10843                
Si              16                                                      
     2.513429374         8.980170698        -6.535603866                
     4.574257646         1.549468771         1.369511453                
     5094.672092        -15195.68588         27432.14110                
Si              17                                                      
     8.704972447       -0.4432019152        -2.588954561                
    -9.131081392         2.790319605       -0.6530729461                
     16188.51456        -6563.287021        -18760.38194                
Si              18                                                      
    -1.318324291        -9.499674317        -4.332167611                
    -1.318075412        -4.968644470         5.012513499                
     3059.784897         8587.527273        -27609.80028                
Si              19                                                      
    -1.364662717       -0.4510407294        -4.194641529                
    -2.978460186         4.778222062        0.7898956195                
     24312.80401         5223.707023        -37999.87010                
Si              20                                                      
     8.772342194        -9.496831594        -2.721250815                
     5.492622616         8.429668498        0.5272644355                
     31860.22670        -4877.554758         16328.47450                
Si              21                                                      
     6.389541821       -0.9946162070        -4.614250100                
    0.5006513851         6.307009894         3.255156074                
     11798.99364         5925.196317        -17468.45595                
Si              22                                                      
    -3.570271724        -8.998082106        -2.302170951                
     1.230868210         4.085228667        -6.917174030                
    -22492.11847         32670.64203        -2233.270662                
Si              23                                                      
    -3.618002853        -1.128752272        -2.156256986                
     1.838375597         4.234686817         4.022895376                
    -3896.328219         7904.286811        -18305.77404                
Si              24                                                      
     6.408716106        -8.824713233        -4.728783973                
     2.651973352        -2.008380793         1.931193906                
     44504.70319         17178.80985         26653.72853                
Si              25                                                      
     1.638356758         3.560198436        -4.443338334                
     13.16399366        -7.474140620         4.157015768                
     16274.19981        -19204.45761        -20190.92185                
Si              26                                                      
    -8.473780027         6.653261081        -2.319992660                
    0.9111918507        -1.775046090        -1.303623931                
     25767.32058        -16871.46911        -15848.60964                
Si              27                                                      
    -8.476762123         3.417390560        -2.227959273                
     3.520903987        -2.726434792        -2.321356306                
    -3277.371751         27450.83605         24292.41336                
Si              28                                                      
     1.690499762         6.665912599        -4.402174489                
    -2.610793214       -0.1933005958         4.904804023                
     20646.48501         20575.50993        -19323.21371                
Si              29                                                      
     4.069892384         2.778773911        -2.659975416                
    -1.269537550        -4.820870642        -5.045723374                
    -16700.87665         13913.15511        -25943.24284                
Si              30                                                      
    -6.022974025         7.537985133        -4.118389247                
    -3.885229892         4.240282504        -2.869161531                
    -10467.58078         21427.34216         2580.653418                
Si              31                                                      
    -6.165444014         2.563843793        -4.219150883                
    -1.678743819         3.385978197         5.461325374                
     7786.512620         10432.77973        -8578.229762                
Si              32                                                      
     4.071077724         7.697610417        -2.488994281                
    -10.13100497         4.256731870        -2.051166330                
    -6914.793294        -35096.84143        -46348.74068                
Si              33                                                      
     5.614404068        -3.372715447        -6.374074590                
    -5.323883244         4.209900951        -4.496995650                
    -8016.710603        -1442.055213        -5634.179256                
Si              34                                                      
    -4.473281293        -6.545734119       -0.5990657929                
    -1.320921124        -1.118273331         1.861077272                
    -10289.87301         31276.31479         12351.01075                
Si              35                                                      
    -4.377821792        -3.451539866       -0.3592455481                
    -2.615519012         2.414737119       -0.9328373124                
     10198.75167        -33102.19419        -11159.29310                
Si              36                                                      
     5.771352588        -6.489436986        -6.576136606                
    -4.653451879        -1.184901557        0.3426388169                
    -9735.044977         34656.36259         8393.632487                
Si              37                                                      
     2.466953349        -3.463790588        -6.423788335                
    0.8322718987        -7.821570406        0.2172752689                
    -3715.591489         4795.281609        -7377.765784                
Si              38                                                      
    -7.719473325        -6.464963589       -0.2701606523                
    -7.926932450         1.191938119        -5.677043007                
     23491.55142         24418.69904        -3159.761071                
Si              39                                                      
    -7.508626358        -3.305757105       -0.2834019569                
    -3.552818092        0.1099663154        -7.447699487                
    -16083.16856        -3383.153721        -396.1854019                
Si              40                                                      
     2.523852144        -6.601017077        -6.702119029                
   -0.6187450724       -0.1372643275        0.7768140585                
     21493.23830         6432.274314         12717.16156                
Si              41                                                      
     8.828645443         2.680062771        -2.585168398                
    -3.438738847         3.891509558         7.094599398                
     1167.569201         20823.49716         443.3901040                
Si              42                                                      
    -1.341101796         7.528971435        -4.162362580                
     5.660944777        -8.412145797        -2.518423176                
     6034.973823         1079.085661         8839.756963                
Si              43                                                      
    -1.315233793         2.676133115        -4.237260630                
     2.433269467         4.335250281         1.383086829                
     3357.111240        -11061.82522        -15462.07220                
Si              44                                                      
     8.873346129         7.502419015        -2.591789619                
    -3.897676356        -3.418705106         4.501519419                
     1320.697157         4945.670183        -12653.43663                
Si              45                                                      
     6.532993668         3.615700301        -4.396973761                
    -3.552420997        0.8606041319E-01    0.9694958146                
    -20044.10244         7394.740524        -33052.39036                
Si              46                                                      
    -3.610708098         6.698549799        -2.223999669                
    -5.706335003       -0.9960846163         11.08104411                
    -12302.33688        -6067.849101         21882.36189                
Si              47                                                      
    -3.698222190         3.636132643        -2.476958318                
    -1.424525750        -1.979120336       -0.8341549984                
    -9845.794826        -31073.46990        -30912.40639                
Si              48                                                      
     6.442333995         6.750737774        -4.459897843                
    -4.378477710        -6.867245918        -13.39779753                
     2284.772114         10343.02363         6446.600278                
Si              49                                                      
     8.639169504         1.153981444         1.979281846                
     2.661504110        0.5745388692        -3.771279474                
    -4632.017716        -3413.871942        -4982.717204                
Si              50                                                      
    -1.649416773         9.013308170         4.751115968                
    -7.095559548        -3.088960758       -0.8445669164E-02            
     27070.11309        -16811.94145         21791.81568                
Si              51                                                      
    -1.656694911         1.296458986         4.587752210                
     4.236833010        -1.590988563        -7.852825009                
     4853.284403        -34277.57636         1935.544699                
Si              52                                                      
     8.542972309         8.865869061         2.131505044                
    -2.112681442        -3.332589259         5.784316309                
     8211.921848         7012.566002         12108.91405                
Si              53                                                      
     6.334184907        0.6409997939         4.101841440                
    -1.100208527         5.482854384        -3.291504248                
    -21640.47719         9770.680668        -22155.87743                
Si              54                                                      
    -3.859187943         9.717127815         2.754793357                
     7.669850424        0.5522380228        0.1733541879                
    -4733.037212        -16619.34096         1346.775966                
Si              55                                                      
    -3.788637328        0.5786777019         2.432492043                
     1.463239706        -4.255104457         11.58173923                
    -9219.323036        -34734.18660        -3191.930306                
Si              56                                                      
     6.097042033         9.462032190         4.037882042                
   -0.2221903819        0.6521439931        0.8178058660                
     26224.43298        -19054.09125        -29968.23139                
Si              57                                                      
     4.460534026        -1.167688813        0.3851218285                
    -3.404877002        -5.739452455        0.4107840743                
     12973.88406        -8755.249898        -46.68262390                
Si              58                                                      
    -5.682390986        -8.592362661         6.570054784                
     5.836132172         2.844480623       -0.5265772640                
     17923.26374        -1055.027097        -853.8560070                
Si              59                                                      
    -5.512344988        -1.253536388         6.414965047                
     4.743999967         7.250329284       -0.7403653452                
     1437.722137        -8649.377602        -31135.23022                
Si              60                                                      
     4.451370968        -8.741711861        0.3232232278                
    -6.733975809        0.1149637901        0.4084926959                
     2004.268546         36162.02009         8771.846127                
Si              61                                                      
     7.574485132        -1.307891205        0.1760086850                
    -9.028271634        0.3209099532        -9.701833025                
     37056.98466         541.2718653         52164.42477                
Si              62                                                      
    -2.490748313        -8.595190349         6.480385629                
    -5.965602841         1.834974047        0.8123979875                
     18203.51002         11975.55401        -20618.11268                
Si              63                                                      
    -2.370086989        -1.170476906         6.410856830                
    -6.005193904       -0.2464467768         2.129269326                
     17340.59646         3136.719585        -4085.194445                
Si              64                                                      
     7.673037821        -8.863795554        0.2589764293                
     4.112704938         6.031412830       -0.5916732195                
     6127.877012         19426.33698        -25435.09944                
Si              65                                                      
     1.386706094        0.8273143438         4.360845101                
     4.675882913        -10.38952958         7.382188362                
     32884.02090        -14111.61282         24152.06832                
Si              66                                                      
    -8.751156229         9.466515781         2.686208528                
     6.347572019        0.5484606549E-01     5.915585022                
    -23335.35242        -7208.554681        -6427.892604                
Si              67                                                      
    -8.678743195        0.7289892050         2.605192534                
   -0.7827662230         5.853408756       -0.8393525582                
     37158.04534        -12071.47798         7571.297140                
Si              68                                                      
     1.434278214         9.467216928         4.190668158                
     3.966914057         6.129890217        -1.405668756                
     4547.374246        -47793.07099        -24508.66548                
Si              69                                                      
     3.701476340         1.224326803         2.246323731                
    -6.635458376        -7.146699273        -13.80155703                
     13912.25997        -22875.35247         47246.76094                
Si              70                                                      
    -6.375619140         9.149465509         4.656011211                
     1.543058705        -4.234169105        -4.313731489                
     11320.61367        -11118.32755         11294.57140                
Si              71                                                      
    -6.229418338         1.138887198         4.465351747                
    -2.227729154         1.552623139         3.837794820                
     11866.74979         6254.805692        -20634.45490                
Si              72                                                      
     3.681253640         8.993481965         2.190823069                
     6.021263301        -4.555212586       -0.1505746846                
    -6024.700956        -21018.70794        -10145.15421                
Si              73                                                      
     8.704698845        -3.395226220         2.388871881                
     1.088231396       -0.6289402189        -3.286989954                
    -28247.82408         23833.19394        -7738.218093                
Si              74                                                      
    -1.592131098        -6.441838473         4.400029832                
     1.888199295        -6.933688813         11.56615932                
     21796.86071         8425.642420         7075.486672                
Si              75                                                      
    -1.482415319        -3.306534600         4.271256389                
   -0.7618386897        -1.466615822        -2.168676265                
    -443.4787603         9144.478429         30396.75013                
Si              76                                                      
     8.542318617        -6.525192173         2.222377630                
    -4.412950595         4.598306670        0.5640087608                
     13094.97428        -26720.48314         7424.872454                
Si              77                                                      
     6.347386969        -2.465631246         4.279888231                
     4.892735686         1.581585221        -4.022622959                
    -22734.80712         14727.11333        -7246.715604                
Si              78                                                      
    -3.905572792        -7.407899145         2.436022614                
    0.1167023543E-01    0.1992865518        -7.106444217                
    -14208.52154         37906.72474         16285.37061                
Si              79                                                      
    -3.990364391        -2.623239346         2.610333335                
    -1.447327410        -2.976947807        -1.221228634                
     946.3638908        -6218.744941        -12246.32359                
Si              80                                                      
     6.193827462        -7.580025338         4.055665142                
    -8.154205194         1.224575927         5.822961270                
    -12791.94346         6896.516056         22734.79704                
Si              81                                                      
     4.369062760         3.526472854        0.3018619798                
    -3.076792140         6.494108346        -9.027106796                
     18396.90514         33979.31163         7416.236436                
Si              82                                                      
    -5.761746272         6.659998597         6.487774553                
     3.553144091         1.526110026         3.139005991                
     19456.73784        -9471.102840         12372.40261                
Si              83                                                      
    -5.597893996         3.540043207         6.428152525                
    -4.905629168         2.854066141        -3.164085500                
    -2579.938641        -1502.527591         21868.27290                
Si              84                                                      
     4.533619656         6.645290688        0.3802498945                
    -1.300797964        -1.085010785        -4.474927231                
    -15051.20254        -13518.58016         14223.38356                
Si              85                                                      
     7.617293891         3.607419321        0.2320314067                
    -4.937529201        -2.602704496         2.593764387                
     844.2633316        -17725.91844        -24421.37544                
Si              86                                                      
    -2.564693071         6.655736150         6.718245058                
     2.943949640        -1.546309945         2.850180094                
    -21346.49906         11463.64104        -29849.89716                
Si              87                                                      
    -2.395802186         3.615090782         6.515775064                
    -3.329538174        -1.420727121         2.244338223                
    -23680.89518        -41896.04282         18573.30762                
Si              88                                                      
     7.670886163         6.668493024        0.1791561599                
     4.457701924        -1.209275513        0.7632275665                
     4844.496928        -5478.346119         12856.63668                
Si              89                                                      
     1.427657713        -2.334303285         4.341894016                
    -4.249733029         3.414332664       -0.6997534182                
     18177.47759        -9037.584335        -11633.11975                
Si              90                                                      
    -8.860498900        -7.579793878         2.488544960                
     5.904535022         2.087367494        -4.150286248                
     5280.313268         14939.30347        -23753.60758                
Si              91                                                      
    -8.671366003        -2.428514770         2.606984616                
    -4.780090969        -2.414216899        -4.802791341                
     24975.12571         10975.34902        -8121.687178                
Si              92                                                      
     1.410553074        -7.597690903         4.054833322                
    -1.983519974         3.552609612       -0.4356476780                
    -2446.456040         14019.95027        -9831.279138                
Si              93                                                      
     3.782573879        -3.363503486         2.492369845                
    -1.977188128        -2.945332263        0.8648974751                
     11569.39472         47146.24613        -12086.78438                
Si              94                                                      
    -6.488114998        -6.610587432         4.251160090                
     2.714818468        -2.629153659        -4.124325117                
    -7773.428302        -5047.458224        -10524.26174                
Si              95                                                      
    -6.468236060        -3.508767405         4.457562749                
    -5.257870581         1.350160739        -1.996607008                
     9834.212770         16683.26382        -2893.300508                
Si              96                                                      
     3.747228189        -6.443364264         2.316046899                
     3.307158519        0.9285754375E-01     4.062786842                
    -6135.192490        -48949.18754        -1574.149478                
O               97                                                      
     2.649415698       -0.9060893586        -3.246180313                
     14.40938120        -3.805740608         4.613486586                
    -5559.628396        -4442.521265        -21161.38895                
O               98                                                      
    -7.324019594        -9.110322262        -3.139044202                
     3.530056244         5.112848100        -6.761626193                
    -10681.49390         11857.86707        -1060.017221                
O               99                                                      
    -7.342728447       -0.9872215726        -3.365435825                
    -6.135693637        -3.496735084        -7.457271715                
    -18401.90803         7314.156369        -5940.880664                
O              100                                                      
     2.794690577        -8.962657711        -3.449162248                
     6.262568054        -14.41468927        -4.345469187                
    -20558.16349         5860.321067        -19282.07310                
O              101                                                      
     4.377699108       -0.9440224293        -1.225894076                
     5.223985950        -1.112951903        -5.373960418                
    -16622.45019         6121.494617         18329.83613                
O              102                                                      
    -6.186820252        -8.877602917        -5.533099905                
    -1.800372203        -1.447967912        -5.717614413                
     17598.31657         16117.28079        -12804.24349                
O              103                                                      
    -5.819989694        -1.044964927        -5.676217590                
     3.960715485         4.301512203        -5.588394413                
    -10416.78316        -4483.135901         6956.050666                
O              104                                                      
     3.976200629        -8.814787135        -1.152428145                
    -4.950823363        -5.781976459        -1.989795653                
     15553.03641        -24765.05953        -18438.66951                
O              105                                                      
     4.236589929         1.328754781        -6.606059802                
    -10.60218403       -0.2224671919        -3.937775431                
     15179.05490        -1277.336709         15384.71066                
O              106                                                      
    -6.021850599         8.904378187       -0.4057019651                
     9.431556079         10.57375085        -4.553475987                
     6092.323352        -1687.191969         18233.18823                
O              107                                                      
    -6.005217915         1.206360623       -0.3500200448                
     2.974386961        -4.171182009        0.4735586475                
     18073.98147         4754.338612        -12592.10213                
O              108                                                      
     4.134404129         9.050863302        -6.619051302                
     19.98495173         6.085462950         1.544637638                
    -24256.36983         998.1501308         3731.540086                
O              109                                                      
     8.135231977        -1.077130085        -1.282695252                
    0.9222316298        0.1847435983        -9.466524878                
    -4911.002350        -2294.983425         11559.26889                
O              110                                                      
    -1.904028867        -8.830853807        -5.706409083                
    -9.860786379        -2.639533199        -2.872756188                
     21613.29830        -14550.81471         29039.01437                
O              111                                                      
    -1.827328199       -0.9823595182        -5.713945038                
     3.685653402        -8.707186907        -2.211101593                
     3405.629573         5165.636764         29176.98736                
O              112                                                      
     8.225413442        -9.118661274        -1.285498974                
    -3.874059966         10.98182385         4.132253359                
    -15133.35512         3525.441316         27452.63341                
O              113                                                      
     7.663423716       -0.8545099066        -3.682746791                
    -2.480611508        -5.145239441        -1.167135449                
    -447.5171580         1754.970328        -5456.187181                
O              114                                                      
    -2.337487783        -9.163113464        -3.222760821                
     9.171951564        0.4527505763        -6.814599421                
     9128.090157        -4192.579129         13743.43081                
O              115                                                      
    -2.332626583       -0.8749428202        -3.111802949                
     9.121956414        -1.713098498         9.697939161                
    -30926.79676        -17314.93267         26199.59006                
O              116                                                      
     7.794435687        -9.036994557        -3.827829855                
    -1.018170304       -0.8977751947         10.87135517                
    -22471.18052        -1055.865183        -16137.62743                
O              117                                                      
     5.136689903       -0.7999600885        -3.732419630                
    -7.567764653         3.403043250         6.572559645                
    -14182.92923         5084.039219         20740.18830                
O              118                                                      
    -4.780759716        -9.191825820        -3.286237084                
     1.472840192       -0.9142479322E-01     6.789394212                
     452.2580367         7413.195162        -6669.757350                
O              119                                                      
    -4.883027916        -1.076898110        -3.232361485                
    -1.480056066        -2.672380611        0.7435322853                
     31227.79561         5047.376424         15687.80920                
O              120                                                      
     5.283636784        -8.910650561        -3.606089199                
     8.813439522        -4.437623480         4.703073920                
    -3556.735890        -12784.03070        -3360.831146                
O              121                                                      
     2.814934064         3.351903142        -3.430455610                
    -6.179433658         4.847932568         8.850575381                
    -8866.976811        -7420.873081         13743.76315                
O              122                                                      
    -7.354385314         7.104554430        -3.431768963                
    -2.514434746        -1.155421658        -6.094140077                
    -15759.21190        -18784.11260         22891.60516                
O              123                                                      
    -7.425442760         2.966855431        -3.286903035                
     6.313905386        -2.877011220        -3.500492619                
     9397.896538        -3971.251399        -11644.39789                
O              124                                                      
     2.792261367         7.053043896        -3.297162222                
     2.554041381         3.198193627       -0.8890773530                
    -6229.168781         5211.773215         5321.168019                
O              125                                                      
     4.007783749         3.362638803        -1.223349097                
     1.028800895         11.23903966         8.144243591                
     1483.214611        -18222.81298         23034.92897                
O              126                                                      
    -6.030491220         6.952886948        -5.563598301                
     2.351468674        -3.551511043        -3.148174680                
    -2008.515093        -3253.197395        -7787.113676                
O              127                                                      
    -6.147323363         2.938386041        -5.749729690                
    -5.229919464        -3.474600847        -6.435680159                
    -6959.824477         20485.50689        -10684.48561                
O              128                                                      
     4.301178772         7.106668027        -1.101503686                
    0.7933416051         2.953173872         4.330766291                
    -12691.64508        -4475.134812         6668.234813                
O              129                                                      
     4.023538881        -3.242115563        -6.280838570                
    -4.851542564        -6.374996775        -9.136959410                
     2207.501585        -7383.337832        -3238.603762                
O              130                                                      
    -6.098847222        -6.542015094       -0.4601463322                
    -2.979700980        -12.26896646         3.187656580                
     10638.98492        -2042.246152         764.8941805                
O              131                                                      
    -5.940078502        -3.341770521       -0.3327403341                
    -7.127391360        -8.297783906         2.753428409                
    -9863.202724         8492.972842         2246.104408                
O              132                                                      
     4.171431295        -6.573301255        -6.492322642                
     2.951073711         5.800577643         3.376723767                
    -19991.01184        -13465.49358        -7933.298534                
O              133                                                      
     8.186843225         3.225889126        -1.289981474                
    -8.257064888         2.011866628         9.446014292                
    -15833.04596         14168.86657         35004.02148                
O              134                                                      
    -2.108343573         7.030762947        -5.447298994                
     3.974013321         6.077790435        -6.843309737                
     17732.77192        -7968.128668         14739.86410                
O              135                                                      
    -1.739584157         3.060700462        -5.702398806                
    -3.867383707         9.001944964        -2.686647081                
    -6873.211221         21565.60603        -21425.69996                
O              136                                                      
     8.203706126         7.011573077        -1.261303636                
    -4.782057520        -2.957514446        -5.043213684                
    -5138.186797        -5692.854618         10550.33769                
O              137                                                      
     7.878793858         3.202163013        -3.743473471                
     1.312966798        -6.002608053        -4.257295425                
     3494.246341         1548.814614         4835.036640                
O              138                                                      
    -2.304354179         7.077898454        -2.910974401                
     1.862611631       -0.6850061446         3.097037149                
     33952.81476         18544.77393        -31240.18647                
O              139                                                      
    -2.359591339         3.210020036        -3.252173744                
     5.854639019         3.014662549        -1.011227594                
    -18059.71237         15375.05908         22313.57439                
O              140                                                      
     7.857606882         7.052281159        -3.704176260                
   -0.4277669662         8.324619523         10.57877702                
    -17555.29679        -6087.847750        -7918.030990                
O              141                                                      
     5.277324405         3.331590760        -3.472213294                
     2.289462748         3.539963323        -1.963549095                
     20672.95389        -14505.91168         3287.640776                
O              142                                                      
    -4.784338193         7.195711449        -3.139600231                
    -4.440074562        -5.122982362        -3.389762029                
    -10423.28719        -4948.247848        -15928.65818                
O              143                                                      
    -4.919205301         3.271266269        -3.514554417                
     3.991447749        0.1552197482        -4.002716658                
     4693.481700         1956.120718         17229.32993                
O              144                                                      
     5.245854965         7.315385433        -3.514089340                
    -5.622658700         7.205849110        -4.296091472                
     13899.35442        -6311.713642         2486.005736                
O              145                                                      
     4.068788955         1.171008599        -2.700776671                
     11.39992915         1.883894054        -5.186097302                
    -2233.944381         15040.95729         15688.10041                
O              146                                                      
    -6.126865741         9.138558340        -4.256737308                
    -12.23553527        -3.700242671        -2.102644404                
     12924.36929        -13439.36710        -148.5983041                
O              147                                                      
    -5.994981373         1.026015398        -4.235177990                
     3.851904848        0.3605197625        0.1990948058                
    -4190.235777        -29308.81371         10864.93464                
O              148                                                      
     4.063569122         9.234589327        -2.485356837                
    -2.804981039         1.460884181         2.029326067                
     2562.748220         6112.123855         4939.245798                
O              149                                                      
     8.690840407         1.155641944        -2.553219114                
     4.687701158        -5.753658468       -0.6386793448                
     7284.950923        -34376.43265        -2632.482213                
O              150                                                      
    -1.258087574         9.094607143        -4.468729333                
    -10.32596595        -5.305791608        -1.978996251                
    -7217.023957         223.8315563         20814.53380                
O              151                                                      
    -1.368249815         1.141624272        -4.139316490                
     1.622175798         9.611306318       -0.8469145640                
    -2400.950300        -24959.68114         860.7004397                
O              152                                                      
     8.918179008         9.052731925        -2.647700795                
     4.093578424        0.3343893996        -1.236994223                
    -10943.31259         26493.65997        -7709.418027                
O              153                                                      
     1.895741713        -2.494523862        -5.296127419                
    -7.917912759       -0.6111937892         6.683400362                
     581.9696543        -8121.528288        -3302.368950                
O              154                                                      
    -8.162484448        -7.555863041        -1.274549421                
     10.71684611        -6.689090410         2.687287647                
    -16640.66996        -8245.505232        -15093.04384                
O              155                                                      
    -8.134757583        -2.416642373        -1.490831525                
    -2.254126416        -2.341796803         1.860377158                
    -4848.089765        -7581.852085         27590.77912                
O              156                                                      
     1.903048560        -7.585243035        -5.555674200                
    -8.187845498        -7.020464673        -11.18264429                
     4976.297118         17422.40613        -15754.10113                
O              157                                                      
     2.142358101        0.3478412290E-01    -5.553634623                
   -0.4934701608E-01     2.136921448        -4.524171546                
     8310.897538        -22814.72378         9085.256904                
O              158                                                      
    -8.306957094         9.997396973        -1.129414850                
     3.277557897         5.459723407         20.83386198                
     10245.49618        -7501.670943         16685.10029                
O              159                                                      
    -8.054801460        0.1201301285E-01    -1.217091954                
   -0.9633760073E-01     1.620030351        -2.949612843                
    -21437.86139        -16945.30519        -17385.46275                
O              160                                                      
     2.017385102        -10.03876885        -5.547213969                
     13.07570045         6.314351231        -5.939457368                
    -3428.591892         15290.67634        -11765.73799                
O              161                                                      
     2.162991116         2.449441324        -5.475888256                
    0.8357163156E-01     2.239278509        -1.427433286                
     1376.712375         5890.689174        -10492.47699                
O              162                                                      
    -7.974597733         7.497353946        -1.090932551                
    -8.990042273        -7.376230143         8.501756716                
    -10713.66190        -7073.621800         7145.322412                
O              163                                                      
    -8.148835895         2.478775063       -0.9610415691                
     9.666052404         3.236135039        -5.753100723                
     6969.164358         7054.849482        -20793.09716                
O              164                                                      
     2.107502960         7.736948605        -5.625883311                
     1.794782229         5.421023557        -11.51248634                
    -5307.340431        -21957.67727         6844.571547                
O              165                                                      
     6.194958727        -2.319301813        -5.406768354                
    0.9419919126         3.277049145         1.362758956                
     8822.732439        -5155.949681         6554.567820                
O              166                                                      
    -3.829550621        -7.524556544        -1.605048558                
     3.703254813        0.5635754527         4.739693513                
     4243.730145        -30176.16062        -5000.995350                
O              167                                                      
    -3.821757403        -2.393105363        -1.285116124                
     2.723306447         4.097789552        -1.694777491                
     11752.11008         17662.67055        -25270.40106                
O              168                                                      
     6.428946663        -7.436789076        -5.546354016                
     3.080362311        -5.731068768         5.161512589                
    -10845.79632        -29227.61981         10755.47645                
O              169                                                      
     6.337947739        0.1484607265        -5.739256921                
     2.326356581        -5.398112119        -11.58115403                
    -832.0307522        -527.1734598         14358.69964                
O              170                                                      
    -3.848574223        -10.08272461        -1.221470375                
     1.746695982         2.830761359        -4.290456661                
     13756.71220        -4911.285079         11555.81670                
O              171                                                      
    -3.797994951        0.1039729368        -1.156814117                
    -6.353905894         3.047618420         7.669307796                
    -3419.226248        -2568.299299        -19724.91274                
O              172                                                      
     6.243785760        -10.05644192        -5.686339085                
     6.912175966         5.924505421        -15.85118299                
    -12802.35857         12749.45683        -488.6956563                
O              173                                                      
     6.280853468         2.637435446        -5.686098037                
     8.511478225         2.712008706        -2.893907523                
     3867.339465         14685.43282         17001.71887                
O              174                                                      
    -3.845450334         7.569903609       -0.9248413310                
     7.355011685         10.93423949        -5.655482978                
     1696.207608         8850.682769         4409.113602                
O              175                                                      
    -4.065628570         2.642819552        -1.310628510                
     1.539926221        -6.443035538        -8.285912094                
     7381.942748         5058.273907        -2968.811401                
O              176                                                      
     6.210782172         7.648769597        -5.733451311                
    -7.690604138       -0.2723007543        -3.898781722                
    -8922.231449         7776.633190        -5480.659618                
O              177                                                      
    -10.03880955       -0.9001151988        -2.738719431                
     4.991943373        -5.268578952         6.553425588                
    -8869.274012         9538.028671         19161.42678                
O              178                                                      
    0.1816171498        -9.015982078        -4.133835560                
     2.369689863        0.7512772737        -3.820898901                
    -19898.95242         3496.799335        -2508.134130                
O              179                                                      
    0.1619206476       -0.8683504318        -4.100668672                
    -8.042165382        -1.468697616        -12.34828521                
     10862.40748        -8883.699218        -12410.03143                
O              180                                                      
    -9.995315760        -8.964295147        -2.623309990                
   -0.5514212304         7.285080425         3.230637937                
    -13344.25282        -1743.344871        -6305.004767                
O              181                                                      
    -9.978656466         3.107027647        -2.513652076                
    -3.316979542       -0.7859915181         7.504101243                
    -1903.189926        -5482.050507        -14585.43444                
O              182                                                      
    0.1842524036         7.047495057        -4.076492934                
    -2.964592680         7.565417757        -4.008006363                
    -12648.86033        -2850.802280         293.8041156                
O              183                                                      
    0.1552144522         3.152646242        -4.131859353                
    -1.907125324        0.8080022714        -3.107602532                
     10444.45073         12815.11204         10069.63890                
O              184                                                      
    -9.942906949         7.055165571        -2.601717911                
    -8.745565667        -2.514256662         4.410693133                
    -3828.269500        -9244.298013        -1487.734425                
O              185                                                      
     1.635666755         5.099435159        -4.760237603                
     6.715748338        -10.73931196         1.732642420                
    -337.7695638         19038.90590         9303.996754                
O              186                                                      
    -8.416667783         5.049234958        -2.114884158                
    -2.723161194         3.546866478         10.38262589                
     2518.927731        -4161.252607        -6520.078908                
O              187                                                      
     6.394450970         5.193805680        -4.612933599                
    0.3605546538         2.959126522        -6.697654790                
     11079.43006        -7138.291660        -817.7119379                
O              188                                                      
    -3.626134239         5.110473210        -2.173475100                
     2.776237146         2.201467743         5.830935257                
    -3845.806553         26939.65746         9221.494941                
O              189                                                      
     5.951523178        -4.892324273        -6.271538538                
    -10.79952662        -9.364023145        -4.808546404                
     3279.760294        -23588.85403        -8152.405396                
O              190                                                      
    -4.074570355        -4.964277004       -0.7598520593                
     3.071280328        -1.340242228         2.397688232                
    -13465.05801        -21743.47053         8524.563583                
O              191                                                      
     2.265576677        -5.033967795        -6.511580671                
     9.196713055        -8.267762790       -0.2018031747E-01            
    -5308.874923        -7702.850242         3822.917041                
O              192                                                      
    -7.890359242        -4.836071655       -0.3959295150                
   -0.7260780409        0.2732894302         5.322234490                
    -4168.500921        -19666.99691         3160.666515                
O              193                                                      
     7.593736224        0.9073649830         3.107917598                
   -0.2468377302         10.47323528       -0.8148695377E-01            
    -13695.87156         14767.50340         24997.39036                
O              194                                                      
    -2.597520548         9.154153349         3.543416792                
    -1.803784731         1.154205167         9.880667377                
    -13084.67535        -4172.474046        -17555.98130                
O              195                                                      
    -2.507609741        0.9330080049         3.290139568                
     4.383927319        -8.186743968        -7.739778521                
    -5160.777250         17914.18719         497.6619801                
O              196                                                      
     7.391416407         8.881225414         3.217215679                
     1.659019676         4.299953487        -6.675452180                
    -2448.561168         16850.74437         4388.260557                
O              197                                                      
     6.224299960         1.273966586         5.584269620                
     2.226809967         4.568048859        -7.747448828                
     21604.52706         527.8511658        -48521.28579                
O              198                                                      
    -4.109899503         9.238528164         1.199094872                
    -3.506763385        -8.501113038        -2.576360675                
     17146.32649         11475.93563         38482.72231                
O              199                                                      
    -3.965213490         1.273308814         1.006692052                
     5.598271037       -0.1714441826         10.63461419                
     14451.63419        -7581.513377         18193.60440                
O              200                                                      
     6.104763613         9.005349613         5.464245035                
    -7.043393474         1.048113292         6.295764194                
    -10288.66441        -2964.162773         51839.80483                
O              201                                                      
     6.066067005        -1.258200161        0.4792997780                
     1.679040009       -0.7702706110        -7.744729875                
    -16279.29577         1323.719288        -18214.97168                
O              202                                                      
    -3.995952905        -8.506605646         6.584209148                
    -4.629221429        -6.133766203        -5.394952337                
    -60429.91438        -3983.277004         4395.854643                
O              203                                                      
    -3.900818636        -1.329589351         6.380224939                
     5.118971471       -0.7705552727        0.7982462220                
    -37880.62839         9044.508059         5312.317098                
O              204                                                      
     6.090570871        -8.662652561        0.2218099328                
     1.792601602         6.397106304       -0.9818089062                
    -13714.05729        -23762.43962         4880.219506                
O              205                                                      
     2.051652484         1.223607612         5.744187744                
    -7.082209189         4.465867448        0.7661062172                
    -3461.802551         2772.533171         5167.461708                
O              206                                                      
    -8.148673618         8.942745937         1.352929670                
    -3.290733694         4.472372985        -8.673156478                
     24027.24107        -6040.591819        -46019.32299                
O              207                                                      
    -8.144368126         1.001281789         1.120374032                
    -1.351884493         4.902811538         7.182124196                
    -5851.030972        -2472.737430         8175.752082                
O              208                                                      
     1.993835149         9.025571059         5.568067613                
    -2.698495101         5.668685635       -0.9994534132                
     7915.166508         7606.067946         17707.82829                
O              209                                                      
     2.450243351         1.201396752         3.260069563                
    -7.253649588         5.665820773        -8.287672654                
    -3901.031301         8269.355694        -27534.84185                
O              210                                                      
    -7.765818514         9.155460301         3.857488114                
    -8.523419235        -5.311893328        -1.817277612                
     21691.18339         8984.297195         7492.227071                
O              211                                                      
    -7.565417066         1.222580684         3.649249573                
     8.945358174        -4.164177241        -2.392519214                
    -12683.60018         1062.337033        -131.4154549                
O              212                                                      
     2.366435777         8.881070353         2.971435300                
    -7.537295257        0.2412661409        0.7006654253                
    -25308.46904         19144.14913         25901.69565                
O              213                                                      
     5.001277590        0.9639982372         3.204472279                
     3.760050648        -5.978900261        -5.577055481                
     4522.065705         18480.23841         469.7335619                
O              214                                                      
    -5.122261256         9.375264378         3.639213070                
    -1.985609922        -3.730574114        0.6177402248                
    -16248.90433        -8731.869264        -511.6747379                
O              215                                                      
    -5.076707088        0.8943381548         3.282190703                
     3.195235161        -15.22176537       -0.8746304810                
    -5563.353195         10172.07097         26673.76786                
O              216                                                      
     4.860367911         9.026869401         3.204382634                
     3.910052588       -0.6816551910       -0.3090872497                
    -1715.665886         6925.904656         3377.049701                
O              217                                                      
     7.683200687        -2.972769850         3.593464395                
    0.6955556151        -1.094898659         5.900939824                
     2285.321557        -7598.114892        -9920.826063                
O              218                                                      
    -2.710952553        -6.667459239         3.326785825                
    -3.575228609         4.116672514         11.61523439                
    -19929.43888        -12542.32467        -20010.64937                
O              219                                                      
    -2.663895719        -2.912703723         3.380594116                
   -0.2494458037        -1.198027153         4.306365598                
    -5673.647758        -26434.37314        -12138.81868                
O              220                                                      
     7.508693372        -7.024964252         3.377692402                
    -6.573491216         2.951706202         3.685778065                
    -4904.916035         5470.250931        -20085.95844                
O              221                                                      
     6.020514183        -3.003910350         5.730407735                
    0.5755010582        -8.333704963        0.5852850886                
     7944.613893        -2286.709298        -8511.057274                
O              222                                                      
    -4.047223832        -7.030546151        0.8974639987                
     9.204718583        -5.023358934       -0.1500280275                
     6951.215381        -3510.125132         3270.001108                
O              223                                                      
    -3.919458275        -3.143794114         1.051055617                
     6.217426817         1.873370429        0.1481275111E-01            
    -8314.278929        -1052.137784         50410.15168                
O              224                                                      
     6.069079584        -7.068888453         5.592047199                
    -9.228379490         3.641292001         2.754166098                
     7469.454185         4283.446154        -18464.10677                
O              225                                                      
     6.015582563         3.438018511        0.2059354944                
     5.163604497        -2.632523042         6.151691277                
    -11326.36939         4023.163329         7899.138455                
O              226                                                      
    -4.142522941         6.836713416         6.626850090                
    0.2385134235         1.382194797        -10.69642740                
    -4932.000875        -5688.971699        -13241.80326                
O              227                                                      
    -4.035394353         3.597913591         6.722305312                
   -0.9160580919E-01     3.644561562        -2.008820899                
     13389.50055        -6094.863903        -23074.46733                
O              228                                                      
     6.078898758         6.792441262        0.3636671858                
    -2.200686280        -12.24251525        -3.287545646                
     27630.38875        -5304.767739         1308.099853                
O              229                                                      
     1.906249396        -2.898671218         5.776277341                
     6.571630985         2.449810179         1.779599181                
    -2503.709760         185.6553327        -6690.778317                
O              230                                                      
    -8.349527798        -6.983940641         1.059306097                
     3.885770448        -1.562592236         1.771324682                
     974.5584610        -6644.305202         11106.97865                
O              231                                                      
    -8.052509825        -2.778682331         1.165174010                
     1.130257278        -5.745423151        -4.735268636                
    -538.8392564        -3505.318393        -16826.53973                
O              232                                                      
     2.064341467        -7.107177134         5.440245848                
     6.994581898        -3.916603970         6.943174946                
    -8006.506190        -4071.763880         10998.88939                
O              233                                                      
     2.469739939        -2.929369078         3.218314888                
   -0.8171712198        -8.365379759         5.192056343                
    -5710.289744         2784.009407         21207.59130                
O              234                                                      
    -7.816868217        -7.010145679         3.468619599                
   -0.5613944612         3.240749016       -0.7474251667                
     16928.04825        -6303.839665         22881.70948                
O              235                                                      
    -7.677359570        -3.003962766         3.662769001                
     5.946103143        -4.794433938         9.991919120                
    -19816.80035        -2374.061450        -2108.357524                
O              236                                                      
     2.346555398        -6.935877731         2.962379967                
     4.942138513        -4.514732258         4.167192862                
     7983.428350         3372.222741        -617.3548078                
O              237                                                      
     5.058110818        -2.787429767         3.335159240                
     2.218208014         8.835863780        -11.03935095                
     125.6219938        -27648.02941         92.75419857                
O              238                                                      
    -5.364644231        -7.083210216         3.138280126                
    0.4561849213        0.5580647187         5.264593952                
     14664.47217         15298.47452         18888.19243                
O              239                                                      
    -5.234359440        -3.199069247         3.472540835                
    0.2099128149         10.87518062         6.249416284                
     15989.40064        -1209.624300        -10073.48947                
O              240                                                      
     4.885172893        -7.112119345         3.280014276                
    -4.908778723        0.1388507933        -1.774814897                
     3995.183459         21295.67191        -11200.04378                
O              241                                                      
     6.274801258       -0.8750940851         4.324139537                
     4.033483091         4.502798532         4.399015493                
     18106.77220        -20228.90266         6939.528523                
O              242                                                      
    -3.705305793        -8.894158765         2.796279494                
   -0.4291545539        -6.145712806         5.539303959                
     2738.520648        -11310.03532        -22769.43321                
O              243                                                      
    -3.853100262        -1.115767169         2.444443245                
     2.093774188        -10.20885224        -1.869057424                
    -11715.94867         56290.04837        -8195.971377                
O              244                                                      
     6.072657801        -9.131216070         4.056861989                
    -2.475394559         1.190030188         2.750148028                
     13534.23645        -6277.647834        -2969.448748                
O              245                                                      
     1.481538940       -0.7684201816         4.358972860                
     6.489451764        -9.262560558         2.474090359                
    -8449.691264        -4271.209368        -6892.992422                
O              246                                                      
    -8.926379033        -9.126956452         2.576388369                
     12.44562606         4.923438999         3.684161396                
     16135.09866        -10578.06075         5397.261056                
O              247                                                      
    -8.557780087       -0.8659879273         2.819312340                
    -1.262434788        0.4731672559         4.530088501                
    -17825.81544         8677.880326        -9792.113406                
O              248                                                      
     1.583244906        -9.213765885         3.989746974                
    -1.562760903        -2.275784649        -2.885057278                
    -10102.83384         47410.60754         2824.414986                
O              249                                                      
     8.235925270         2.527005143         1.161029738                
     16.93086516         1.619033773        0.4098072387                
     10935.43017        -21278.64682         17518.63237                
O              250                                                      
    -1.911477582         7.656026542         5.648989329                
    0.4608734378        0.5757859366         4.236488355                
    -2751.948403         18824.49209        -5676.588256                
O              251                                                      
    -2.007299140         2.566028258         5.344788486                
     10.95051046       -0.5287169749        -2.674264055                
    -12743.67664         43819.01880         12276.37189                
O              252                                                      
     8.388946004         7.666040616         1.161939887                
     5.592067737         2.978679245        -17.27014343                
    -9574.958635        -8341.615432        -5062.380136                
O              253                                                      
     8.290675906       -0.7385622232E-01     1.011872503                
     1.046529141        -1.334268309         7.323698795                
     2130.446732         8238.309152        -14292.87409                
O              254                                                      
    -2.013890205        -9.858294693         5.590363350                
    -3.383954309        -4.226968388        -3.343093689                
    -2021.648002        -291.7423733         6781.148405                
O              255                                                      
    -1.970015244        0.1565731416         5.627229585                
     2.854284655         4.428966816         7.799102903                
    -10802.04694        -6098.851200        -1052.514923                
O              256                                                      
     8.066379107        -10.05345004         1.214161613                
     2.442788734       -0.1922289521         5.089901183                
     5819.983250        -3003.253454         573.6355610                
O              257                                                      
     8.181713518        -2.483338978         1.141334104                
    -1.937315220         1.230470154         8.647583151                
    -1578.840224        -12436.24956        -7693.682334                
O              258                                                      
    -2.008946531        -7.291882195         5.663613439                
     1.777877642        0.4100214379E-01     3.698059119                
     1309.143458        -9459.742392        -1342.659983                
O              259                                                      
    -1.901324028        -2.344417458         5.495357019                
     5.077786817        -9.679804231         3.301431304                
     19617.17894        -14483.28690         3448.355193                
O              260                                                      
     8.189891038        -7.523986628        0.9854900673                
     2.590373731        -3.753563079         9.687201617                
    -784.5570203         6851.027135         12322.29186                
O              261                                                      
     3.846440200         2.444677902         1.317136385                
    -3.968749218        -1.257153446         6.470399296                
     47.51056212         23568.81975        -13063.85944                
O              262                                                      
    -6.217695013         7.769128834         5.492554252                
    -1.139129754       -0.7541729907        -7.931784634                
    -5626.935831         11409.51571        -12150.00939                
O              263                                                      
    -5.906288666         2.459431248         5.319401908                
     5.795930487        -6.343675039         11.78438028                
    -1409.440976         891.1544717        -5860.418217                
O              264                                                      
     3.880753497         7.724493356         1.293366838                
     4.669747484         6.280241160         1.851930299                
     3825.509211        -2101.386975        -5950.188909                
O              265                                                      
     3.914074703        0.7306672947E-01     1.205946345                
     2.684051865         4.543367887       -0.9602808419                
    -9028.115559        -10241.97881        -15928.98725                
O              266                                                      
    -6.073840233        -9.841854619         5.693411833                
     1.790537187         3.844349028         6.908100410                
    -9847.545828        -7687.432260        -8773.790406                
O              267                                                      
    -6.071322842       -0.3837466997E-01     5.489367626                
    -8.191169259         4.735760707         3.655736759                
     12406.06622        -8851.913652         9443.669423                
O              268                                                      
     3.923380793        -9.931582774         1.272040127                
     6.119145691         11.16010474         6.152157210                
     9771.368279         14348.52253        -16369.42422                
O              269                                                      
     3.913417581        -2.441850309         1.127200222                
     3.603945935         3.745725505        -3.912656385                
    -441.2587841        -12009.40629         9235.420484                
O              270                                                      
    -6.174169634        -7.436135092         5.608832488                
    -5.835022831        -5.340483304       -0.1173272186                
    -1037.143964         8731.685148        -9820.562023                
O              271                                                      
    -6.118563574        -2.535044887         5.639296368                
    -3.123581760       -0.6702836225        0.1705546251                
     5564.913562         3198.551007         17748.10607                
O              272                                                      
     4.013168131        -7.355087711         1.006346386                
     1.006802819        -5.740406016         12.74739409                
    -461.1089877         1513.595685         16877.06148                
O              273                                                      
   -0.1140505347         1.155333222         4.432748127                
    0.7122295986         3.791443387        -4.147731618                
     1725.045412         16011.44006        -25411.15987                
O              274                                                      
     10.06671988         8.992683250         2.628927617                
    -5.320631678       -0.3440277699       -0.7271090724                
    -18509.93062         602.1924789         1814.382227                
O              275                                                      
     10.14578960         1.083081619         2.606065668                
     2.778169133         6.495669715         3.268946872                
    -26501.80689         8798.215309        -18223.23461                
O              276                                                      
   -0.7753911052E-01     9.156517351         4.382869183                
     6.052682977        -1.560690159        0.1264059327                
    -24720.86427        -3378.829139        -5665.662491                
O              277                                                      
   -0.2029939314E-01    -2.856103732         3.993369010                
     5.780153039         1.656800584         4.824395671                
     9097.120703         3222.928256         4050.304957                
O              278                                                      
     10.04851974        -7.023917902         2.586062217                
    0.9950245639E-01    -6.376520279        -14.61018268                
    -41326.23849         18588.67115        -2490.222915                
O              279                                                      
    -10.13237797        -2.968861236         2.592034996                
     5.380180477         8.522672676         3.972350902                
    -1701.082975        -3901.471778         5909.808657                
O              280                                                      
   -0.1244294070        -7.037194427         4.031322893                
    -7.564926754        -1.089122609         3.423603951                
     8998.661858        -11943.02739         4416.847660                
O              281                                                      
     8.524094170        -4.952783491         2.173197137                
    0.6777587803         1.072307871        0.7281963257                
     1696.473142        -4200.686768        -2252.941331                
O              282                                                      
    -1.425299974        -4.866666518         4.577436859                
    -3.756346755        -2.683654808         3.106324359                
    -9308.345666        -3754.210016        -10643.92709                
O              283                                                      
     3.867435130        -4.912764929         2.352241188                
     6.152835694         1.485443358         6.232984360                
     1307.551615         4680.741850        -5505.010558                
O              284                                                      
    -6.654343363        -5.043437056         4.544558563                
     3.223864468        -1.862154219         2.950064934                
     22534.86263        -25087.30105         5146.942171                
O              285                                                      
     4.141480472         5.114110040        0.6851278997                
    0.1212491053         6.281660692         5.520634521                
     10138.70882        -13408.24615        -15144.48695                
O              286                                                      
    -6.008299488         5.096850834         6.203649311                
    -3.354805846         9.132164582       -0.5836524335                
     5194.540357        -4058.203471         942.6718404                
O              287                                                      
     7.913927991         5.112894055        0.5091926186                
    -5.796585835         1.620235348        -3.389152525                
    -8093.505014         11125.32060        -12184.33868                
O              288                                                      
    -2.315841564         5.130808903         6.384427748                
    0.6396757541        0.1912776335         12.17446746                
     20298.17700         16507.79365         411.0830023                
C              289                                                      
   -0.7326309517        -2.298312328        0.6468291403E-01            
    -3.121220810        0.8471420744        -2.572983105                
     178.2772680         121.0740164        -62.97756682                
C              290                                                      
   -0.9713321149E-01    -2.205771855        -1.179299658                
    0.3633299998         1.325203766       -0.7573111888                
     25.98995039        -164.3743227         422.7458723                
C              291                                                      
    0.4019381832        -3.358288047        -1.797873959                
    0.1730404785         1.269196532       -0.8064868706                
   -0.2522458457        -106.4600426         35.46343341                
C              292                                                      
    0.2655118381        -4.603344715        -1.172465688                
    -3.501799852        0.7351276070        -2.671334468                
     30.00103724        -29.37301375       -0.9657646002                
C              293                                                      
   -0.3699859032        -4.695885188        0.7151688592E-01            
    -6.986350665        0.2570659148        -4.487006386                
     26.03812209        -66.56630966         90.89508615                
C              294                                                      
   -0.8690572977        -3.543368995        0.6900911864                
    -6.796061143        0.3130731485        -4.437830704                
     590.1919063        -191.5385699        -156.2082154                
H              295                                                      
    -1.117628885        -1.409228407        0.5418688040                
    -2.974426037        0.8903476546        -2.535047579                
    -181.5436577        -175.0390066         166.6312569                
H              296                                                      
    0.8116336380E-02    -1.245288535        -1.661772887                
     3.198265881         1.737208143        0.6813158882                
     311.2683775        -197.5359784         813.0114053                
H              297                                                      
    0.8921856650        -3.286888649        -2.757533079                
     2.861181589         1.637995329        0.5942046819                
    -122.3699770        -171.0489191         297.5965938                
H              298                                                      
    0.6505097712        -5.492428635        -1.649651578                
    -3.648594626        0.6919220267        -2.709269994                
     16.65143454         46.88971594         45.48959294                
H              299                                                      
   -0.4752354505        -5.656368507        0.5539901138                
    -9.821286543       -0.1549384616        -5.925633461                
    -1.593098288         111.7197277        -7.931890173                
H              300                                                      
    -1.359304779        -3.614768394         1.649750305                
    -9.484202252       -0.5572564820E-01    -5.838522255                
     2032.714200        -894.4762816        -3483.884475                
