Diffusion in Zeolites. ZSM5 (Silicate) Crystal Structure, Si(96)O(192) +
         2         2       300    133340   1.0000000E-03   1.3334000E+02
       20.3183600000        0.0000000000        0.0000000000            
        0.0000000000       20.1714600000        0.0000000000            
        0.0000000000        0.0000000000       13.5858629500            
Si               1                                                      
     1.721245539        -1.423527500        -4.414658068                
   -0.4960871361         6.178429099        -2.083367248                
    -24462.38770         7061.214962        -18135.66690                
Si               2                                                      
    -8.497587447        -8.797838594        -2.394917270                
    -2.965089462         1.589279296         2.821200871                
     26775.16290        -21735.79294         3359.206949                
Si               3                                                      
    -8.514862044        -1.284560362        -2.192964035                
     3.047339070         3.159964754        0.9283451729                
     30349.39324        -3203.521746         12856.19303                
Si               4                                                      
     1.632352826        -8.974689125        -4.701570664                
     1.454568321        -2.821831000        0.3011205790                
    -2270.084702         13106.53799         9537.186868                
Si               5                                                      
     3.888020874       -0.5902739479        -2.431210245                
     2.186298069        -3.901948731         4.739774075                
    -15310.79040         22815.70102         11914.29222                
Si               6                                                      
    -6.123224449        -9.530403727        -4.317556426                
   -0.5953350634         2.642485644         2.292153853                
     9528.532017         2912.315984         143.2482997                
Si               7                                                      
    -6.199262788       -0.5316783553        -4.183887614                
   -0.1477641480E-01    -1.895446153       -0.2311677274                
    -9317.173320        -3511.996130         4741.581878                
Si               8                                                      
     3.963662067        -9.502182373        -2.678731253                
   -0.2274126576E-01    -2.174432510         1.778391918                
    -20580.19935         10204.40733         9508.716099                
Si               9                                                      
     5.841219817         1.076536414        -6.334182661                
   -0.2826012754         1.558397585        -3.039485661                
    -12036.15976         3579.559832         9.987434349                
Si              10                                                      
    -4.527042754         8.797381199       -0.5159255878                
    0.3831296902        -1.261825502       -0.4930516904                
    -955.3329813        -4401.341896        -12689.53812                
Si              11                                                      
    -4.364902614         1.248742263       -0.4007143853                
    0.9965266210       -0.1103336127        -3.045537627                
     11610.73153         20063.41742        -12140.31813                
Si              12                                                      
     5.758956088         8.847816463        -6.461878456                
    -5.344037424        -2.502317158        0.7966671925                
    -26866.52799        -13947.17903        -4387.462139                
Si              13                                                      
     2.660383786        0.9931960973        -6.297377420                
     4.077910297       -0.3492245591       -0.7809532910                
    -3483.934299         2406.492185        -18928.60450                
Si              14                                                      
    -7.696667857         8.811733337       -0.5583241973                
     4.982431591         1.277086325         4.609877947                
     8716.427441         3309.051767         813.5163372                
Si              15                                                      
    -7.530360663         1.170602050       -0.4234551852                
   -0.6508491518         3.635312607        0.5709129952                
     6938.252171        -2720.532603         3774.204750                
Si              16                                                      
     2.550890964         8.845947040        -6.560658453                
     1.562958027       -0.1677155262         4.889812297                
     15242.39326        -10474.28729        -4079.174892                
Si              17                                                      
     8.815872357       -0.6663578381        -2.266365534                
     2.540234840        0.1355568841        0.9607051558                
    -13902.51792         7212.335681        -6954.956749                
Si              18                                                      
    -1.412612124        -9.539174921        -4.386089641                
    -3.554180570         2.889057507         1.130314311                
     7340.340052        -1050.451714         13938.06111                
Si              19                                                      
    -1.290878209       -0.6207844111        -4.295532272                
    -4.221367093        -3.907140714        0.2571686178                
     2980.079988         4232.208612         9567.649698                
Si              20                                                      
     8.814447467        -9.425781731        -2.838077968                
     1.974244952         3.630186407        -5.094230632                
     3477.207533        -4383.659799         4885.946198                
Si              21                                                      
     6.414071071        -1.192989896        -4.224058794                
     1.796251412       -0.1338064924E-01     4.761601407                
     470.7184728        -3151.187978        -2018.400813                
Si              22                                                      
    -3.698542523        -8.913796661        -2.340546545                
    -2.459987686        -4.770230280        0.4290880179                
    -271.7110726         353.5626575        -31063.12455                
Si              23                                                      
    -3.670642056        -1.105589486        -2.327782522                
     7.250102496         1.252734051       -0.2952794567                
    -847.6434751         21566.05444        -26478.69281                
Si              24                                                      
     6.346652080        -8.872414815        -4.634610813                
   -0.2806923790         3.553228294       -0.2233696005                
     2803.535072         10466.18373         217.1419176                
Si              25                                                      
     1.735120644         3.415652939        -4.515107110                
    -3.777981321        -2.318481620         4.050412293                
    -5405.738264         8282.088233         10593.24470                
Si              26                                                      
    -8.633767321         6.571197831        -2.544588083                
    -1.153246033        -3.364535254       -0.2041508683                
    -5693.140918        -19875.11714        -8041.198789                
Si              27                                                      
    -8.494549704         3.415881499        -2.415493596                
    0.2198098600         3.294300340       -0.2419177607E-02            
     2592.403095        -2528.908119        -21364.71840                
Si              28                                                      
     1.628962136         6.552702417        -4.618093355                
    0.5681709204        -6.787518622        -6.773103402                
     3445.201638        -12499.71816        -2440.472314                
Si              29                                                      
     3.992408346         2.660910342        -2.526505753                
     2.026909443        -1.806064060        -3.338324377                
    -8191.142405        -31578.45034         18313.00418                
Si              30                                                      
    -6.334498332         7.465239728        -4.457967115                
    -2.164921972         1.892362288         1.250088063                
     22923.01223        -12337.08168        -3276.121582                
Si              31                                                      
    -6.099783646         2.608423671        -4.300578109                
     7.668008886        -5.116590408        -1.577253777                
    -25825.05531         15827.94333         24975.23485                
Si              32                                                      
     3.875399582         7.516764944        -2.631462418                
   -0.7123682887         4.022987169        0.5425178588E-01            
    -17193.76444        -3967.713095        -2077.186796                
Si              33                                                      
     5.696178125        -3.496085124        -6.266570498                
     1.967521971         3.506422871        -1.815659142                
     25460.86509         2184.969270        -1998.864078                
Si              34                                                      
    -4.433636356        -6.576260844       -0.4555417249                
     1.857946921        0.3780563513       -0.6445932450                
    -8702.606198         12710.13132        -319.4268775                
Si              35                                                      
    -4.359192640        -3.493634014       -0.5100168202                
     6.128189133         3.135975861       -0.8774680979                
     8262.350169        -16517.13497         27018.55867                
Si              36                                                      
     5.618583225        -6.560712847        -6.628433918                
     1.086771424       -0.2139599860        -2.034734314                
     9839.741143        -3090.859533        -9363.888195                
Si              37                                                      
     2.532771817        -3.585659748        -6.474519322                
    -3.647113322       -0.8012792136        -2.062801248                
     2417.233127         23624.19240        -1862.056429                
Si              38                                                      
    -7.679951762        -6.574523544       -0.3151598140                
    -1.463635905         1.838426342        0.3389782644                
     26080.03775         6339.120908        -19025.47232                
Si              39                                                      
    -7.509589126        -3.488033159       -0.2847546524                
    -1.694179172        -2.018649226         2.299660625                
    -12857.73083         7122.314320         7816.411240                
Si              40                                                      
     2.477810433        -6.694136918        -6.739595922                
    0.4723732653       -0.4801640855        -3.436014940                
     9784.190586         16550.39332         37619.03083                
Si              41                                                      
     8.819272947         2.506983560        -2.508450193                
     4.658045216        -6.463671460        -2.323040808                
     16399.66643        -13743.99015         1454.072271                
Si              42                                                      
    -1.359608895         7.451852851        -4.363960890                
     3.940884802        -1.075905127        -3.158579863                
     9543.014477         3540.914477        -23451.12037                
Si              43                                                      
    -1.239907692         2.547481652        -4.208800212                
    -4.109781673        -1.088866767         3.526264247                
    -11794.56541         6549.000057        -20443.48799                
Si              44                                                      
     8.678541614         7.585889001        -2.631120387                
    -1.641660335         1.304687202         1.461519838                
     29881.66593        -14895.23282        -37522.13064                
Si              45                                                      
     6.442305447         3.383536888        -4.329451032                
     1.938619627        -6.508622277        -1.098771223                
    -5531.011584         10931.82619        -16378.37993                
Si              46                                                      
    -3.806736462         6.566347187        -2.618611837                
    -6.887960803         8.632783943        0.1634291419                
    -1490.190121         9207.936121        -3957.854836                
Si              47                                                      
    -3.641746677         3.510641306        -2.418871330                
     1.251872593        -1.688085666        -3.041362383                
    -16208.42538        -24323.23205         3149.595607                
Si              48                                                      
     6.307691052         6.530938006        -4.419016697                
    -1.038230855       -0.9605322861         1.383058718                
    -1495.215294        -5714.630025        -27272.12672                
Si              49                                                      
     8.670362073         1.353394951         2.268989853                
     1.512295327        0.3553496992         4.012569068                
    -11513.38315        -14548.42596         9216.339820                
Si              50                                                      
    -1.579541459         8.741178932         4.512339693                
     5.190686494         2.056821780         1.664558911                
    -1808.292384        -4955.417218        -6857.719332                
Si              51                                                      
    -1.435289395        0.9978720365         4.593022532                
    -2.471139353        0.1152850430        -1.120447299                
    -15433.06223         19698.78402         362.4624145                
Si              52                                                      
     8.556412390         8.872645507         2.107653603                
    0.8892887635       -0.7780688862         1.548868878                
    -950.3929637        -3358.625985        -12590.79017                
Si              53                                                      
     6.467935372        0.5661286178         4.268425302                
    -1.644460335        -3.170127097       -0.2426116767E-01            
    -681.4378483        -15488.71361        -11192.23161                
Si              54                                                      
    -3.909532802         9.270547539         2.486277262                
    -2.558602113         6.436210459        -2.108443924                
    -9511.288808         21492.10513         16883.90357                
Si              55                                                      
    -3.719511175        0.4595134142         2.557739845                
    0.7661098771       -0.4716579954        -4.646373352                
     1578.676508         5718.515988         719.0590117                
Si              56                                                      
     6.205822527         9.458146610         4.082425194                
    -3.738035475        -5.104017290         2.825590814                
    -1507.032849        -4879.991694        -134.6016896                
Si              57                                                      
     4.516340061        -1.199251697        0.5806519113                
    0.7439232839        -5.345286961         3.154864082                
    -7283.669033         3551.624949        -25654.51677                
Si              58                                                      
    -5.616960361        -8.960398933         6.270552095                
   -0.5855044391         2.211628104         1.422629076                
     2251.200502         1308.989487        -15191.96300                
Si              59                                                      
    -5.702821559        -1.350003025         6.403322964                
    -3.797366335        -2.125508171         1.064158242                
     1791.243577         15373.77874         10519.23533                
Si              60                                                      
     4.514504069        -8.773563385        0.2837360122                
     2.766020555        0.9462542681         4.541507429                
    -11613.91667        -12493.51415        -6522.641671                
Si              61                                                      
     7.664810231        -1.183054436        0.6381164094                
   -0.2009233060       -0.4257500925E-01    -4.082444024                
     27861.48442         6453.331402        -4094.603040                
Si              62                                                      
    -2.446005589        -8.929258944         6.282813508                
   -0.5540855858       -0.8460408157        0.1698667588                
    -14423.09725        -3400.326973         8213.482728                
Si              63                                                      
    -2.518327709        -1.308292330         6.465944488                
    -2.104349760        -2.558915407         1.522733126                
     18585.36954        -2404.241426        -6947.282530                
Si              64                                                      
     7.702460229        -8.970459000        0.9308798549E-01            
    -2.549894157        -2.998327627       -0.1712719796                
    -1113.663893         16375.19807         6565.665296                
Si              65                                                      
     1.579747215        0.4914872408         4.309026333                
    -7.873534866         2.448554831        -4.105726727                
     2050.595894         8108.721876         6365.638579                
Si              66                                                      
    -8.729634050         9.408731381         2.373532405                
    -3.539304159        0.6348670330        -1.053526077                
    -4790.541645        -14699.60554         2175.422253                
Si              67                                                      
    -8.641557426        0.6358458319         2.551404193                
    -4.185803981         6.888130807        -5.658373895                
     15512.55313        -13090.36597        -22396.40681                
Si              68                                                      
     1.478525977         9.392428371         4.105679757                
    -1.608075294         1.378889080        -1.740986055                
     10588.59546         1836.271504         6154.691869                
Si              69                                                      
     3.954658138         1.242508258         2.495092936                
    0.1627403154E-01     2.075293463        -3.218254673                
    -19233.08983        -8083.144957        -15332.91217                
Si              70                                                      
    -6.435536925         8.791424433         4.355244708                
     6.768344584       -0.5045146398        0.9870298669                
     19562.12386        -22911.79055        -184.8493758                
Si              71                                                      
    -6.212352525         1.066461640         4.474765520                
    0.6177534286         9.081512945       -0.2723883473                
    -9665.754308        -5011.821581         341.7767258                
Si              72                                                      
     3.778866600         8.956454560         2.148621905                
    -2.053931606         1.988836858        -5.873386578                
     1800.222733        -18951.81444        -967.5465669                
Si              73                                                      
     8.744500684        -3.531250816         2.358191723                
    0.9903321969         1.441416520        -2.278520003                
    -10035.43655        -3298.119921         16597.04257                
Si              74                                                      
    -1.558585901        -6.744388119         4.266997269                
     1.040921665         6.354353544         1.851711795                
     11881.58317         9942.195934         12758.63316                
Si              75                                                      
    -1.484032447        -3.607114346         4.483450129                
    -3.168990809        -2.843198857         5.397804261                
    -8567.662492         14537.96048         103.5538278                
Si              76                                                      
     8.637176754        -6.685438175         2.077882998                
     3.627529180        -1.360020752       -0.7892693360                
    -26956.09388         937.0791577         8669.991171                
Si              77                                                      
     6.409009165        -2.660252683         4.333544421                
     5.530319375        0.4449209161        0.3534466385                
     15085.31762        -1663.331714        -16524.48988                
Si              78                                                      
    -3.899574884        -7.668959940         2.450445357                
    -1.758686088         1.284492493         5.538520335                
    -9895.331055         7444.282631        -9249.104369                
Si              79                                                      
    -3.869155937        -2.696034601         2.527402569                
    -3.598947885         4.869604298         1.547744629                
     27577.52118        -18672.34447        -130.1024357                
Si              80                                                      
     6.259629086        -7.564848350         4.022402899                
    -2.778363146        0.7388204663         2.399352553                
    -6695.280871         9262.843838        -2536.415817                
Si              81                                                      
     4.538161609         3.527907911        0.4673674632                
    -2.980381489         1.768885505        -2.025320532                
    -20050.98010        -7748.569122        -696.2552530                
Si              82                                                      
    -5.696538012         6.425603365         6.272579335                
    -1.340434362         1.620089952        -3.699109942                
     6719.265062         2975.006597        -2296.465440                
Si              83                                                      
    -5.502655409         3.363810628         6.367245342                
     2.524981692       -0.1475274091         4.711632062                
    -20904.02954         38410.91745        -6251.962584                
Si              84                                                      
     4.473085346         6.579757766        0.2519167860                
     2.862802217        -5.207658892        0.9762318000                
    -7437.741145         5553.184669         9995.560588                
Si              85                                                      
     7.738846653         3.577585184        0.3095345212                
     1.791480483         3.169722813       -0.3386118558                
    -14939.70995        -8510.287246        -13260.23629                
Si              86                                                      
    -2.502109106         6.468511275         6.408665867                
    -1.144880908         1.751281126         4.284771812                
     7822.844395        -6456.049544         1297.578320                
Si              87                                                      
    -2.331271182         3.383248731         6.444160432                
    0.9675871011         2.203990051        -2.073739476                
     6920.787909        -7806.075273        -10796.83474                
Si              88                                                      
     7.703677411         6.637782426        0.1494513666                
     2.814282520        -1.718928595         4.666009621                
    -28344.83883         16098.80426         6098.241175                
Si              89                                                      
     1.506231973        -2.654417791         4.250496158                
   -0.9673834134         2.046630857         1.107191697                
     18701.81046         12411.59246        -4043.097010                
Si              90                                                      
    -8.765200023        -7.587202243         2.502201146                
    -4.644992674        -1.214173533         2.152407084                
     16662.17957        -3357.953974        -5296.815645                
Si              91                                                      
    -8.667939023        -2.546129460         2.571726312                
   -0.9360495080        -4.581519268         1.609562856                
     12126.41116         5768.745590        -17977.87286                
Si              92                                                      
     1.467226093        -7.581396873         4.069873495                
    -5.026083715        -2.212759052        -1.289435623                
    -15026.35774        -4663.079295        -16552.99241                
Si              93                                                      
     3.918063545        -3.530849856         2.479883909                
    -1.753060805       -0.8375779175       -0.5859650433                
     7673.580035         12343.04485        -11720.73514                
Si              94                                                      
    -6.326604126        -6.687336202         4.248435747                
     1.820201136        -5.336874556        -2.249193289                
    -310.3511945        -13476.45161         7182.549121                
Si              95                                                      
    -6.273341183        -3.536343645         4.343936956                
     2.343754378        -2.554860407        -4.189612326                
    -5778.646226        -24900.25296        -2318.506153                
Si              96                                                      
     3.812916889        -6.585300107         2.291498906                
     4.188764639        -2.016793046        -1.262746402                
     1653.963358         4998.641085        -97.90971930                
O               97                                                      
     2.635035106        -1.198633802        -3.212462868                
     3.100325051        -2.716648249        -4.959311041                
     18371.04703         4486.358837         12406.82404                
O               98                                                      
    -7.404269162        -9.020115258        -3.573770992                
     7.514607939        0.7889855837         4.337166782                
    -14488.39381         4231.990535         17217.16726                
O               99                                                      
    -7.462036115        -1.036077078        -3.323622974                
    -6.359384911         5.815502993       -0.8800109945                
     4901.210574         2779.105489        -21362.46960                
O              100                                                      
     2.667121826        -9.136433570        -3.531794642                
     1.163879984        -2.100968126        -2.585751219                
     7306.285105        -223.2142337         2911.721194                
O              101                                                      
     3.986420947        -1.009480683       -0.9067148563                
     2.858504327         1.469811161         2.886657568                
     10489.00278        -1198.300124        -8447.381665                
O              102                                                      
    -6.052748110        -9.044042577        -5.813320231                
    -5.196025092        -2.949410830        -3.379648825                
     1991.148029        -4558.413731        -3785.286680                
O              103                                                      
    -6.115617182        -1.053790543        -5.674693646                
    -2.256444659        -6.982722194         2.204333754                
     1283.409653        -9095.624690        -6266.620154                
O              104                                                      
     3.965940526        -8.947375933        -1.184562763                
    -2.944001735        -4.464382403       -0.6906107472                
     11879.27653        -838.7627395        -9732.508573                
O              105                                                      
     4.252147506        0.9343923208        -6.373976910                
    -4.021895441        -2.330443414        -4.063447978                
    -4582.646949         4200.631334         65.55782496                
O              106                                                      
    -6.114524918         8.800852454       -0.5070929361                
    -2.301252776        0.6357711798         8.977635699                
     5341.759392        -3345.053451        -3096.929889                
O              107                                                      
    -5.925314799         1.254237720       -0.4124751732                
    -3.976769734        -3.208354804        -7.322899343                
    -17005.25978        -1110.424271         5396.920584                
O              108                                                      
     4.144622554         8.897145928        -6.464479928                
    0.4065143966        -5.200584828         1.546261833                
    -497.5796697         6548.305479         2603.736770                
O              109                                                      
     8.294402255       -0.9537881693       -0.8084361906                
    -1.701654722         4.472660055        -2.034926275                
    -7895.423039        -7368.605891        -5979.793648                
O              110                                                      
    -1.999813914        -9.140269319        -5.779617953                
     5.878848183         1.177375513         5.435029925                
     3644.996026         6555.575246        -17955.86790                
O              111                                                      
    -1.893794322        -1.069846008        -5.686058452                
    0.6604253104       -0.4397060227       -0.1221621830                
    -8586.083237        -1631.001964         2746.627245                
O              112                                                      
     8.257864925        -8.997565385        -1.383023683                
   -0.3503341933        -7.181301951        -1.212511026                
     331.0313715        -11357.19648        -8098.999102                
O              113                                                      
     7.718593700        -1.123360275        -3.363717111                
    -2.094177244         2.152523615       -0.5688158790                
     10384.19592         2320.381921         11913.81543                
O              114                                                      
    -2.349079058        -9.064682424        -3.215382630                
    0.6282005901        -6.055128474         10.37897206                
    -12244.64317         293.0708687         12047.31593                
O              115                                                      
    -2.312902042       -0.9976028877        -3.161640424                
   -0.8356048383        -3.024458263       -0.5203620359                
    -14102.26392        -7400.529737         4914.846212                
O              116                                                      
     7.746027396        -9.025031929        -3.910043826                
     7.644626720        -3.961761886       -0.2397309371                
     219.9500485         10470.80232         5756.454764                
O              117                                                      
     5.178802871       -0.9524455466        -3.224221053                
    -6.979579233        -3.228133007         1.287105685                
     12357.10740        -13033.38538        -9980.321423                
O              118                                                      
    -4.835489955        -9.157314327        -3.463527674                
     5.309685061        0.6729961738        -2.889164492                
    -2482.025335         4918.295472         4379.907296                
O              119                                                      
    -4.895673308       -0.9058190609        -3.385043910                
    0.5089368108E-01     7.293246022         3.067542729                
     11384.08063        -5255.991560         6950.983202                
O              120                                                      
     5.207520162        -9.046282314        -3.537501821                
     6.817868356         3.516198044         2.307654884                
     4565.843235         1245.315382         309.5396444                
O              121                                                      
     2.764005266         3.097271259        -3.331674440                
     3.833110866        -4.729784442        -2.302896811                
    -14417.26054         17694.11561        -13774.11750                
O              122                                                      
    -7.628981344         6.920089392        -3.721019256                
    -6.849557237       -0.1324087327E-01    -4.402236863                
     9245.443367         12661.48721         6481.115063                
O              123                                                      
    -7.459555042         3.119991449        -3.598285620                
     5.831452267         4.656789806        -4.480756359                
     5941.247965        -3122.994910         8269.265083                
O              124                                                      
     2.568454938         6.944530854        -3.382263263                
     4.898649243        -1.470898123        -5.057423582                
     14860.00788         9487.458274        -12862.38457                
O              125                                                      
     4.063173513         3.040172413       -0.9918056938                
    -2.947555212        0.1518904314        -3.838445708                
     9410.833894         6216.352232         5110.548044                
O              126                                                      
    -6.229811021         6.942900744        -5.957799971                
    -3.709216548         5.531844745        0.5436984964                
    -6252.836283         11790.11972         23417.81476                
O              127                                                      
    -5.897923129         3.125802132        -5.750355421                
    -1.946906923        0.7680096481        -6.462167046                
     7749.527652        -9729.073143         11112.31575                
O              128                                                      
     3.943642277         7.030149452        -1.156255141                
     2.085161646         4.224552667        -1.527060569                
     9916.734148        -7335.831629        -1375.203744                
O              129                                                      
     4.133300877        -3.416971595        -6.398611550                
     2.746468591         1.024745995        -7.838296914                
    -5839.135550        -199.1439846         6287.483032                
O              130                                                      
    -6.046487616        -6.628786746       -0.4021966573                
    -9.589773982       -0.7431146734E-01    -3.838436662                
    -4087.435588        -3249.085729         914.0904205                
O              131                                                      
    -5.930600506        -3.420282008       -0.3859300699                
   -0.2076068114         1.783240306         2.814388693                
    -432.6616780         4272.728619        -1942.041553                
O              132                                                      
     4.062769321        -6.654060705        -6.685448345                
   -0.4333399560         5.571235519         4.633482854                
    -9518.177899        -4610.911346        -5202.005645                
O              133                                                      
     8.352262845         3.037451629        -1.097388528                
    -6.087221267        0.4305910982         2.742400880                
    -8099.115129         10312.17148         19613.82427                
O              134                                                      
    -1.909992722         7.038128827        -5.853108159                
     5.288612233        -3.964029571        -2.706482722                
     3742.907936         35.92526346         27279.46009                
O              135                                                      
    -1.796036989         2.985934557        -5.718083836                
   -0.1144395726        -4.890855351        -7.180570089                
    -2345.613474        -7960.175770         20957.69994                
O              136                                                      
     8.197232977         7.170147669        -1.223279088                
     4.592431960        -1.611357463        -3.010310230                
     1109.287007         1939.679023        -4344.059183                
O              137                                                      
     7.731906015         2.939320925        -3.525189890                
    -8.181770703        0.4357179887         2.467615850                
    -6210.477901         11623.18892        -14032.18085                
O              138                                                      
    -2.409972189         6.890889005        -3.357128774                
    -9.447337859        -3.445048826         1.592542910                
    -12586.95283        -164.5689940         4633.382659                
O              139                                                      
    -2.319256740         3.117985833        -3.217144323                
     7.922443757         1.774207394         4.269278187                
    -6840.037016         4386.349101         2375.192715                
O              140                                                      
     7.662547504         6.918701290        -3.697496360                
     1.435106156        0.7765133703        -5.136085100                
    -1646.256775         14521.57088         12647.24450                
O              141                                                      
     5.261158942         3.168308283        -3.310683478                
    0.1866358008        0.8048392226         3.243892744                
    -1172.163285        -7497.330956         1132.420806                
O              142                                                      
    -5.014978005         6.895253881        -3.622257173                
    -1.739966176        -4.839455123        0.3785616906                
    -12392.71019         3808.426232        -1847.304153                
O              143                                                      
    -4.949514826         3.089617825        -3.313694837                
     5.070551713        -6.667460634        -3.383178093                
     18074.24397         1524.059036        -7157.750434                
O              144                                                      
     5.127623853         6.997084710        -3.483895549                
     3.551587640         6.891662337        -3.115610439                
    -4977.061662         493.4647835         7360.279273                
O              145                                                      
     3.860082533         1.027629969        -2.576770202                
     5.706887422        -2.029840551         9.007676254                
     8671.566159        -1729.862434         6291.999276                
O              146                                                      
    -6.158569569         9.056502822        -4.424256107                
     1.927007783        0.3033758164        0.3592173114                
    -12529.48405        -11086.58207         3289.941020                
O              147                                                      
    -6.216470966         1.047649661        -4.291854841                
     6.775852715        0.3147900094        -4.201509418                
     5677.920067        -6641.840418        -1146.702164                
O              148                                                      
     3.958456980         9.099633560        -2.577518135                
    -6.241014743         5.708986186         1.397076322                
     2812.498049        -6097.973731        -8126.908633                
O              149                                                      
     8.822773325        0.9295634919        -2.448592491                
    -1.198955401         2.897648004        -4.564634112                
     2973.083089        -13537.57082         1297.262522                
O              150                                                      
    -1.323660482         9.053394326        -4.343831998                
   -0.5899317499         3.875759088        -1.344427947                
    -5100.249958        -11844.25146         5384.144594                
O              151                                                      
    -1.247030770        0.9732479969        -4.154410905                
     3.267602015        -4.614044664        0.6614038703                
     1754.745199        -3108.048469        -7808.492778                
O              152                                                      
     8.816078762         9.146820650        -2.818462401                
    0.8315165353E-01     5.084849417         3.877074980                
    -9424.726204         2481.219722         4864.756113                
O              153                                                      
     2.012911227        -2.720752698        -5.224789016                
    -1.027505274         4.745051922        -3.634071973                
     3869.798143        -13982.94843        -12451.45805                
O              154                                                      
    -8.202806481        -7.563514736        -1.473487661                
    0.9421744937        -9.443131117         3.324508180                
    -4153.463353         10542.81132         3972.456694                
O              155                                                      
    -8.110519541        -2.559317369        -1.392219027                
    -6.586618718        -2.843771899        -1.994534319                
     1198.414270        -6998.357597        -190.7268388                
O              156                                                      
     2.051401318        -7.705830361        -5.579500137                
    -6.306678056        -4.022790170        -2.777735055                
    -10762.44742         3201.626548        -6976.334286                
O              157                                                      
     2.119987592       -0.2433879257        -5.467345181                
     2.194234515         4.668476559         2.669231271                
     2683.438346         1040.728109         9586.003214                
O              158                                                      
    -8.098452431        -10.06929302        -1.385048828                
    -3.717718489         2.837956603         1.593826532                
    -14466.97694         10024.43310        -15341.89931                
O              159                                                      
    -8.041038205       -0.1166084940        -1.205245706                
   -0.5606160307        -4.390875664         4.297179010                
    -4805.781609         12637.41039        -28.93202088                
O              160                                                      
     1.920377259         9.999027674        -5.668026812                
     4.320712985         6.127859836       -0.7144536216                
     4467.135756        -7919.293203        -7616.350410                
O              161                                                      
     2.219632166         2.357912885        -5.553368985                
    -2.833086259         4.034329806         3.064422165                
     1284.480337        -16257.13157        -12423.81538                
O              162                                                      
    -8.202822916         7.534160660        -1.375701268                
    -4.506223252         2.587515666        -5.342935742                
     4349.668897         9583.470870         5982.124511                
O              163                                                      
    -8.039406047         2.439848189        -1.246134777                
   -0.9190761127        -5.092456963         1.133975042                
    -1465.493467         273.3976216         4188.334548                
O              164                                                      
     2.098088818         7.500380009        -5.836987038                
     1.008725547         3.657971644        0.8738138945                
    -3935.476203         505.7639360         11522.03655                
O              165                                                      
     6.260050462        -2.521886968        -5.087344464                
     2.022026660       -0.9387017977       -0.6110626098                
    -15886.53066        -8955.141998        -13294.91528                
O              166                                                      
    -3.956851976        -7.558016637        -1.588317386                
     2.055203154        -1.681663673         1.044348406                
     6014.831790        -7952.797929         7134.051448                
O              167                                                      
    -3.899028360        -2.409691063        -1.545259225                
    -2.040380581        -1.822328721         2.199518148                
     3699.814647        -14906.56525         12317.55552                
O              168                                                      
     6.088088967        -7.639822987        -5.587665968                
    -2.988434127         3.680893496         5.423231776                
     7231.662585         358.4796072         8491.824519                
O              169                                                      
     6.274078819       -0.4660956525E-01    -5.322940227                
     3.668275071        -1.389058948         1.547054374                
     7022.690603        -6289.648786         2668.796101                
O              170                                                      
    -4.021289981         10.07997699        -1.356847554                
     5.813152872         1.670204461         3.150309209                
     4537.686156        -7055.743375         17547.46702                
O              171                                                      
    -3.905917110        0.9659296700E-01    -1.326634060                
     2.770251706        -10.86769617        -5.166630989                
     6883.001476        -19819.92110        -7070.611056                
O              172                                                      
     6.228944166         10.07077077        -5.565061008                
    -1.501368040        -2.700270024        0.7756947975                
    -1747.664300        -19889.91535        -12731.39382                
O              173                                                      
     6.177965032         2.418715975        -5.587512427                
     6.425320250       -0.9978465479E-01     5.826416204                
     8705.633049         6569.683294         13330.98321                
O              174                                                      
    -4.050349815         7.580845991        -1.439852687                
     1.058126784         2.972750618         4.822689417                
    -1555.983853         4049.306241         9210.389713                
O              175                                                      
    -3.831882804         2.537973455        -1.190738521                
    -2.804156749         3.810810120        -2.054133264                
    -482.4423078         2950.997412         7438.159458                
O              176                                                      
     6.044660270         7.476006266        -5.721048877                
    -5.897230070        -2.108342519        -3.178860934                
     18313.52606         1196.982954         15442.24071                
O              177                                                      
    -10.02409723        -1.210800789        -2.386097381                
     10.15719323        -3.846120002        -2.237293927                
    -22139.70544         9236.463746        -11066.00682                
O              178                                                      
    0.1035553107        -9.071716019        -4.311690579                
     2.767239187         6.119788387        -2.144530233                
     1360.859510         5714.968484        -7679.434317                
O              179                                                      
    0.1665522927        -1.183463769        -4.185637649                
    -7.436803207        0.8454051525         1.596812145                
     6286.287721        -1270.411587         802.6059024                
O              180                                                      
    -9.983397416        -8.992173894        -2.851309989                
    -3.527678291        -2.076677213         2.244162444                
    -4415.398081         5807.110459         980.9549169                
O              181                                                      
    -9.982447231         2.931980662        -2.732682884                
     9.461831040        -4.065556844        -1.309516214                
    -5243.905814         8444.943474         8801.437723                
O              182                                                      
    0.1383054037         6.900470219        -4.309184033                
    0.1058592832         3.164579593       -0.8519114386                
    -14079.73522         7733.476620        -1057.362433                
O              183                                                      
    0.2149707028         3.084018367        -4.159366587                
    -11.98019456       -0.9251264744        -2.798873669                
     9755.519146        -3045.763917        -860.5058239                
O              184                                                      
    -10.12323173         6.981617549        -2.810226352                
    -4.851995166        0.6282955253E-01     5.471803986                
    -20280.83787         6817.543323         8470.518135                
O              185                                                      
     1.729252115         4.963926984        -4.827820919                
     1.092620575        -1.218514639        0.9920681234                
     7037.034786         7674.107799         3467.656023                
O              186                                                      
    -8.532756904         4.991628591        -2.263435838                
     4.282952024        0.9410422832         2.719197657                
    -2215.167687         6642.032495         4210.005173                
O              187                                                      
     6.340813880         4.955737276        -4.626730052                
    -4.861173311        -4.632300178        -2.287378337                
     7397.671620        -1988.146831         5213.325314                
O              188                                                      
    -3.770090365         5.040753241        -2.222283690                
    -2.110344467         3.002717171         5.265432813                
     4901.275597         9475.831446        -5285.190009                
O              189                                                      
     5.956914416        -5.076464610        -6.242768107                
     2.339725657        -1.521204314        -3.220051241                
    -2344.510027         10249.21286         4158.527189                
O              190                                                      
    -4.031211698        -5.049360214       -0.6953983795                
   -0.7593840108         2.365373736        -3.296502424                
    -9275.101695         4505.744375        -1245.630611                
O              191                                                      
     2.250599423        -5.106150759        -6.544838639                
    -1.423001686         6.337191092        -2.412778355                
    -5884.537531        -14454.13145         3376.148791                
O              192                                                      
    -7.841836420        -4.994215666       -0.4411359633                
    0.4309166981        -4.243480229        -5.209945695                
    -6179.532341        -21898.38170        -2766.875079                
O              193                                                      
     7.715294751         1.119279455         3.526178613                
    -1.025246014        -3.977522722         4.626021082                
     7522.142198         11354.06291        -6438.296605                
O              194                                                      
    -2.644241038         8.864833748         3.327400775                
    -5.573998759        -4.470151098       -0.1878670281                
     8694.320333        -572.4997433        -4859.985853                
O              195                                                      
    -2.436393754        0.9094023552         3.360074972                
    0.7922905136       -0.1417343283         1.415609544                
    -3049.816999        -6541.626562         1010.934118                
O              196                                                      
     7.508831571         9.046855999         3.233894488                
    -6.837161566         3.774294792        0.9614187896                
    -10569.56624         2514.257918         14584.78612                
O              197                                                      
     6.325240914        0.9265523729         5.763775853                
    -4.549266664         4.895642922       -0.7640239795                
    -229.8541965         1730.095349         12650.98700                
O              198                                                      
    -4.099997748         8.812582815         1.008313608                
     2.577649431         7.914654182         2.700662795                
     7325.546908         4110.481826        -11381.12562                
O              199                                                      
    -3.869283922        0.9692341950         1.046528042                
     1.048191934        -3.142684840         1.355415436                
    -4543.329780         1085.457120         23934.30069                
O              200                                                      
     6.096198969         9.000585475         5.592256096                
    -1.849082671        -1.146068800         3.261832737                
     12993.50273         377.8267359        -1238.926473                
O              201                                                      
     6.110106064        -1.173300435        0.5792205022                
    -2.399394835        -1.879476259        -2.677884926                
    -2811.575463        -5851.605725        -1771.730331                
O              202                                                      
    -4.035417106        -8.930523255         6.240983468                
    -1.199407961         1.648039877         3.422577175                
     3568.337946        -4015.334363         5331.528767                
O              203                                                      
    -4.088733086        -1.303539793         6.411015705                
     4.838506095        -3.881591867         2.863429959                
    -9839.904562        -4481.404709         5163.392854                
O              204                                                      
     6.092378780        -8.897073727        0.1282013359                
     2.726136055         2.988592425       -0.4309906512                
     9187.223498        -1359.208382         762.4255354                
O              205                                                      
     2.083897812        0.8917170074         5.767438907                
     2.154114055       -0.7418836616E-01    -1.009477683                
     1786.235366        -113.7199594         14283.72551                
O              206                                                      
    -8.173376233         8.963328982        0.9356439274                
     4.414851364         1.872665671         5.716957536                
    -13490.97249         1758.879633         8304.030560                
O              207                                                      
    -8.021888260         1.016819287         1.072271403                
    -4.279265517         3.716603590        -4.115176664                
    -11118.01819         2622.982187         12652.85374                
O              208                                                      
     2.138999786         9.070010019         5.522993936                
     3.515579159         3.219247174         4.681468150                
    -14056.10425        -1044.573441         1338.769606                
O              209                                                      
     2.569919016         1.105416902         3.281914579                
    -4.093418063        -4.960298332         2.443902143                
     20203.58717         487.7665197        -6999.990263                
O              210                                                      
    -7.786115423         8.894110863         3.532935525                
    -2.303443687         1.208283104        -2.769215861                
     8491.498695         5337.713657        -754.6439825                
O              211                                                      
    -7.532804221         1.016602466         3.589255825                
     1.199843416         1.982079619        -2.097830553                
     2902.973965         10084.54221         3452.717971                
O              212                                                      
     2.466167985         8.909486149         3.001724285                
    -7.161552614       -0.8804693510        -1.253811698                
    -4305.446390         6911.750068        -5168.521406                
O              213                                                      
     5.178068892         1.049495171         3.442930380                
    -1.750389919        -5.977012400       -0.8988331970E-03            
     7378.861343        -8409.745956         8839.485695                
O              214                                                      
    -5.204963476         8.917544279         3.326202684                
     1.102722030       -0.1313832885         2.706331815                
    -7047.370544        -236.0815495        -1326.132656                
O              215                                                      
    -4.941832439        0.8518418501         3.547397190                
    -5.509809030       -0.1062210043       -0.3497924916                
     896.3567571         3171.967333        -14429.52217                
O              216                                                      
     4.981448036         9.062058143         3.185978461                
     2.227736437        0.2763564214E-01   -0.4226338049                
    -910.5504022        -71.06101104        -1459.651413                
O              217                                                      
     7.713904405        -3.227420712         3.519587850                
     2.411158646         2.913715791         3.475809598                
    -21206.68677         7519.241153         12846.15589                
O              218                                                      
    -2.616586852        -7.121669998         3.193953106                
     2.300861576       -0.6720529057         1.551916215                
    -7609.373482        -3137.499006         1369.483143                
O              219                                                      
    -2.626240346        -3.319367391         3.390359332                
    -1.589863852         3.738104284         1.747085126                
     1945.211805         12559.20051         457.9964046                
O              220                                                      
     7.495517474        -7.131699341         3.131144975                
    -3.154939844        -2.927474339        -2.763215564                
     7887.724460         566.5259570         837.7573061                
O              221                                                      
     6.268060866        -3.079800641         5.861646549                
     2.692391071       -0.6756988590        0.4113544049                
    -8887.595321         4791.646619        -309.7371753                
O              222                                                      
    -3.990897762        -7.094004696        0.9744819314                
   -0.6811977619       -0.8179993042         4.779815748                
     1188.443058        -4277.294333        -4654.311637                
O              223                                                      
    -3.936430524        -3.195121447         1.052271326                
    0.4392622464       -0.8066845094E-01    -11.13398110                
    -2500.645489         4174.667580        -26211.86983                
O              224                                                      
     6.084339721        -6.960162845         5.472220027                
   -0.8312948028        0.6983995488        -2.943153885                
     7444.670946         23.72808313         8561.926065                
O              225                                                      
     6.107104247         3.492442361        0.3983905761                
    -6.567729268        0.9606109949         3.342876418                
     22427.15154        -317.6322688        -2107.803023                
O              226                                                      
    -4.095761269         6.503860117         6.434279289                
    -2.887924152         2.017708761         5.978041200                
     6879.455404        -6256.620845        -8618.579303                
O              227                                                      
    -3.962011987         3.292091828         6.257092902                
    -2.553481273        -2.108994465        -4.272518223                
     29277.69120         2440.543432         9688.803152                
O              228                                                      
     6.078888790         6.698673655        0.1597136686                
    -3.039347320         1.137374321         2.682237033                
    -429.9388671        -1892.182500         3050.026414                
O              229                                                      
     2.008453259        -2.953802420         5.728211704                
     2.401815048         1.180037576       -0.1870049694E-01            
    -941.5479533        -17810.18611         5515.142513                
O              230                                                      
    -8.229945122        -7.023797189         1.055846356                
     2.176251134       -0.4901791741         6.225092006                
    -8659.701920        -11945.43220         23167.91531                
O              231                                                      
    -8.163322260        -3.047966394         1.110135488                
    -2.415829402         4.245889687         1.348727586                
     9405.939567         6005.717536         7432.520999                
O              232                                                      
     1.864006333        -7.093037293         5.512986032                
     6.332919855        -2.848571189        -1.815983885                
    -2302.016837        -9994.219666        -14378.37084                
O              233                                                      
     2.577064418        -3.279610991         3.203770854                
     7.992242085         4.753153959         4.486668989                
    -20818.59179         11201.91883         22017.10173                
O              234                                                      
    -7.761650888        -7.048618258         3.621917312                
    -4.544866836        0.6233083460        -3.923721010                
     2364.349190        -5729.102861        -11513.38073                
O              235                                                      
    -7.584499071        -3.087098753         3.581872978                
    -4.188958320         3.503943395        -6.392608705                
    -709.6033703        -3834.758678         5939.236255                
O              236                                                      
     2.506954021        -6.949983469         3.060030137                
     3.847529532         6.181717025         2.235004443                
    -12939.83314        -4153.606276         6146.615274                
O              237                                                      
     5.134434807        -3.133131200         3.424515820                
     2.548853700         4.335886527         1.046691277                
     11328.37009         2652.457130         14892.67878                
O              238                                                      
    -5.204945380        -7.156422777         3.217518078                
     1.002404957        -10.82382403         2.436441212                
     2097.741309         2793.979980         2815.809055                
O              239                                                      
    -5.105000971        -3.146651743         3.353398897                
     4.950379996        -4.343965637         3.500800558                
    -9328.803988         2254.525739         11486.27751                
O              240                                                      
     4.993665869        -7.065231749         3.207120911                
     8.146654173        -1.527439936        0.9357933304                
     5997.407981        -583.7055204         3091.731540                
O              241                                                      
     6.508429023        -1.057134555         4.216870982                
     4.198982485        -7.399871466       -0.2169364229                
    -8208.556717         206.7992195         5569.535144                
O              242                                                      
    -3.920114776        -9.228219333         2.447099433                
     5.520661513        -1.564638740         8.479529840                
     7062.067688        -26881.78084        -4459.177936                
O              243                                                      
    -3.767317263        -1.127649663         2.473979394                
     3.825220342         5.627082549         4.172533370                
     175.1331654         6191.708199         4345.676105                
O              244                                                      
     6.179108735        -9.135478561         4.114488368                
     2.861191458         2.629683327       -0.6537776500                
     10037.97753         777.9554355         1308.061929                
O              245                                                      
     1.695583222        -1.064884647         4.171993271                
    -6.997388796        -4.511441425        -1.386588849                
    -9819.963920        -14027.01265        -5727.425360                
O              246                                                      
    -8.732325258        -9.198052715         2.440801769                
    -4.790288287       -0.6343619570        -5.096605568                
     3103.373905         17528.16111         2891.783518                
O              247                                                      
    -8.652326227       -0.9605103303         2.646859106                
    -7.209695744         1.368559954        -1.020672721                
    -3204.835111         2167.690003        -1059.101462                
O              248                                                      
     1.595445935        -9.167114959         3.974636900                
     2.010570621        -3.176293570         1.743257533                
    -13719.56225        -3442.009840         3863.934705                
O              249                                                      
     8.301875103         2.649665237         1.453694302                
     5.770090720        -2.031693347        -1.946933384                
     3436.297949         2920.000784        -4332.157852                
O              250                                                      
    -1.922456541         7.438678001         5.325700591                
     1.814638183        -3.233431030         4.866388872                
    -2837.405780         7500.436102        -6100.648211                
O              251                                                      
    -1.714935730         2.347929281         5.422711900                
     4.362687912        -1.670644941        0.7174144054                
    -1977.014322        -6671.923729        -3025.730476                
O              252                                                      
     8.286675315         7.580047301         1.234424977                
   -0.8649839341         6.956575371         2.144590224                
     771.4282201         788.1187922         9933.803086                
O              253                                                      
     8.195763399        0.7542554217E-01     1.443926205                
   -0.2850336301         3.260382880         3.489507093                
    -4869.294064         5872.542539        -1632.913727                
O              254                                                      
    -1.991935364         10.00202557         5.399850062                
    -3.153127614         1.891689921        -8.979642640                
     12776.66595         112.5658270         2543.814147                
O              255                                                      
    -1.925373745       -0.1389263045         5.593638942                
     1.283418437        -6.516626764       -0.1585361773                
    -1170.710826         9421.196689        -8289.723278                
O              256                                                      
     8.221546216         9.998966386        0.9994142334                
     3.651066539         3.474993053        -5.381433753                
    -2446.799038         3672.191182         953.9751408                
O              257                                                      
     8.311101487        -2.482456561         1.295035235                
     9.275816169        -3.370285875        -1.639750110                
    -19651.55493         5321.058423        -13191.17039                
O              258                                                      
    -1.932906722        -7.649095839         5.520643978                
    -4.717846551       -0.3416518988        -3.234170814                
    -540.4079378        -4417.833337        -1306.340686                
O              259                                                      
    -1.921665247        -2.542548883         5.661439839                
    -2.003942100         3.653536552       -0.2273407550                
    -2551.342677        -25474.75498        -8028.834227                
O              260                                                      
     8.238578706        -7.662017039        0.8581055717                
     4.015281203        -1.807968505         6.107290633                
     2339.417681         6806.161286         4220.382319                
O              261                                                      
     4.136143488         2.528707167         1.646445709                
   -0.8064991364         1.250631634        0.7039855556                
     1164.564103         13277.66667        -13429.51766                
O              262                                                      
    -6.130888443         7.418698745         5.168843605                
    -1.883773343         6.801845297         3.321280127                
    -14668.44227         20041.80139        -13753.61174                
O              263                                                      
    -6.072876876         2.301453364         5.437764215                
     4.722919393        0.4996695954        -7.193932297                
    -3227.617653        -7187.684043        -21807.13317                
O              264                                                      
     3.966168743         7.645037660         1.293430901                
    -5.812689968         4.708419837        -1.136232825                
     5849.579084        -1685.692349        -1198.824153                
O              265                                                      
     4.068773373        0.1675222207E-01     1.394528721                
     2.089732615        -5.316153891       -0.9438815329                
    -1703.772297         25523.63720         31432.05573                
O              266                                                      
    -6.144723625         9.964296009         5.351751959                
     3.595813049       -0.3133241718         3.539866492                
    -4504.082172         15477.77428         15454.64777                
O              267                                                      
    -6.191688067       -0.1353883717         5.481209069                
     8.664827519        0.4460557751       -0.9323649342                
     7024.936331        -18495.28077         5173.452253                
O              268                                                      
     4.000027233        -10.01120432         1.168238218                
     2.841584584         2.689231464        -6.869413935                
     4007.034235         11593.42708        -988.0772285                
O              269                                                      
     4.100278339        -2.505184367         1.276450021                
     3.732315241         1.938531445        -2.677707416                
    -1999.293983        -14257.20798         11621.86866                
O              270                                                      
    -6.004593758        -7.653167291         5.475605268                
    -2.474110930        -4.431268236         1.597646460                
    -12177.64568         1763.791889        -4681.568507                
O              271                                                      
    -6.087668988        -2.674661867         5.648789101                
     8.285203422        0.8691343065        -2.994174958                
    -265.3827862         1981.429305        -2386.068131                
O              272                                                      
     4.052570970        -7.499034358         1.056610437                
     3.275714644         2.049533896        0.6184067934E-01            
     1834.295593        -933.2494245        -7489.662464                
O              273                                                      
    0.4415631164E-01    0.8212153623         4.193721971                
    -11.20402604        -2.545684532        -2.879289780                
     8458.913273        -2224.569018         5696.260185                
O              274                                                      
     10.05199864         8.983115612         2.508065457                
     1.073660942        0.2208161845        -3.082857558                
     13852.11980         4732.093710        -5410.149475                
O              275                                                      
    -10.13238273         1.127055893         2.536415315                
    -6.422417404        0.1564150182         1.772505450                
     10622.51280         10599.45374         5531.365750                
O              276                                                      
   -0.1556394901E-01     8.881018382         4.165289077                
     1.768679818        -6.499876486        -1.614998028                
    -9122.369814         10393.00818         820.6316700                
O              277                                                      
    0.2310973843E-01    -3.139557509         4.145858122                
     1.100271662         5.323358816        -2.453901227                
    -11016.75834        -6911.934735         2643.478283                
O              278                                                      
     10.07310726        -7.123503624         2.513347177                
     3.155881193        -2.723228201         1.207707440                
    -51.99632906         2285.819699        -978.7565725                
O              279                                                      
    -10.11967798        -3.080208733         2.653495325                
    -9.049428124        -1.248226586        0.9608696704                
     7095.699282        -7668.732556         8729.283437                
O              280                                                      
   -0.8919835881E-01    -7.181764956         3.927418844                
   -0.9419141929         2.270455128        -1.794124270                
     18605.84930        -3801.240608        -1709.939905                
O              281                                                      
     8.618798261        -5.075839150         2.105672615                
    -2.567794421        -7.703625686        -4.527967123                
     6213.575489        -18748.50126        -15855.32448                
O              282                                                      
    -1.501539848        -5.194119565         4.613189668                
    -7.972964234         3.958128840        -4.003513509                
    -1362.109962         8476.774810        -2380.338238                
O              283                                                      
     3.917923935        -5.033163161         2.150328855                
     5.838637991         2.549877406         4.698401597                
     3249.567603        -10998.85180        -5088.475705                
O              284                                                      
    -6.247666403        -5.161687485         4.487488446                
    -4.852900708        -12.31987819        0.3534375206                
    -2906.932307         27708.85228         251.3049098                
O              285                                                      
     4.119181705         5.061547902        0.5501593935                
     3.349250802        -1.216358543        -4.493897774                
     16427.77512        -1718.655519        -1179.714984                
O              286                                                      
    -5.964977064         4.917289336         6.118852981                
     1.386457792        -1.134256292         1.696831513                
     12286.02295        -27631.78687        -6864.059755                
O              287                                                      
     7.921536937         5.139589306        0.3061069686                
    -3.056427906        -3.352840918        -1.027877937                
     13860.38703        -24551.73657         5522.837499                
O              288                                                      
    -2.060072382         4.918498858         6.268573245                
     1.037293613       -0.4429048069        -3.191925583                
    -18182.01511         13133.26232         1893.453450                
C              289                                                      
    -2.132549402         5.059299544         2.959411367                
     1.958567153         5.152608025         3.727778547                
    -211.1278937        -8.250669715        -195.9136471                
C              290                                                      
   -0.8537392270         5.459538262         3.364833696                
     3.343608394         3.016530237         1.467755530                
     273.7742061        -371.1122956        -905.5239736                
C              291                                                      
    0.1934577993         5.502373295         2.436639995                
     1.721098397         1.489777651       -0.4332336067                
    -98.60162061         76.40398281         9.989893849                
C              292                                                      
   -0.3815534751E-01     5.144969610         1.103023966                
    -1.286452840         2.099102850       -0.7419972880E-01            
    -92.06343723         37.87952831        -17.74568027                
C              293                                                      
    -1.316965524         4.744730891        0.6976016375                
    -2.671494081         4.235180640         2.185823291                
    -104.6219522         38.11454944        -67.26941999                
C              294                                                      
    -2.364162550         4.701895858         1.625795338                
    -1.048984085         5.761933226         4.086812427                
    -119.4921915         39.48459835         38.06686536                
H              295                                                      
    -2.940387109         5.026255375         3.675446508                
     3.210217723         6.330388593         5.194255883                
     142.8317628        -78.99631730        -342.2178551                
H              296                                                      
   -0.6750537695         5.735255926         4.393637548                
     5.663755580         2.546456725         1.190764935                
     2193.034468        -1963.832000        -1736.868968                
H              297                                                      
     1.179980966         5.811135128         2.749408708                
     2.789595016       -0.1580764324        -2.176701540                
     152.5688430         10.96677765        -56.52472980                
H              298                                                      
    0.7696823590         5.178013778        0.3869888254                
    -2.538103409        0.9213222827        -1.540677063                
     185.2580934        -6.825088785        -11.99497807                
H              299                                                      
    -1.495650980         4.469013227       -0.3312022155                
    -4.991641268         4.705254151         2.462813884                
     193.6435149         6.836088531         184.6818946                
H              300                                                      
    -3.350685714         4.393134025         1.313026624                
    -2.117480705         7.409787306         5.830280357                
     108.7662213        -26.22743482        -131.4701357                
