Diffusion in Zeolites. ZSM5 (Silicate) Crystal Structure, Si(96)O(192) +
         2         2       300     13334   1.0000000E-03   1.3334000E+01
       20.3183600000        0.0000000000        0.0000000000            
        0.0000000000       20.1714600000        0.0000000000            
        0.0000000000        0.0000000000       13.5858629500            
Si               1                                                      
     1.570766173        -1.341045663        -4.366576928                
    -3.776816688         4.923726869       -0.3313065566                
     13517.49547        -2708.161315         16764.88603                
Si               2                                                      
    -8.363612726        -8.910548077        -2.410252329                
     3.700426140        -2.214058991         3.459724973                
    -27577.18429         11602.31312        -7910.911814                
Si               3                                                      
    -8.686764309        -1.125929793        -2.147489236                
    -6.530075964        -2.160664968        -1.855077424                
    -5019.493431        -18080.75164         15386.76466                
Si               4                                                      
     1.699491125        -9.028991505        -4.723081261                
    -4.657870199        -12.80079135         2.384725755                
    -31048.27677        -2736.089564        -28864.80040                
Si               5                                                      
     3.862079668       -0.7448396391        -2.415414440                
    -4.655166179         6.393073221        -1.369955263                
    -3446.098810        -1537.048945        -10108.54244                
Si               6                                                      
    -6.129529366        -9.594063176        -4.393927964                
     2.934442497         1.448901177        0.8444032854                
     11913.00454        -21553.10917         3389.645189                
Si               7                                                      
    -6.326615544       -0.6656486639        -4.075860449                
     2.898581477       -0.6810442225        -3.949752521                
     15377.50212        -19303.94722         6798.278417                
Si               8                                                      
     4.028425293        -9.453680411        -2.793548502                
     9.296397006         2.224984006        -1.601546979                
     9430.850266        -1710.429889         13986.79200                
Si               9                                                      
     5.695912996         1.199328242        -6.389582728                
     2.545619438        -3.559921838         4.700659038                
     6892.289079        -9144.296547        -8265.012615                
Si              10                                                      
    -4.234395695         8.681915943       -0.4675935624                
     3.211359274         6.335844144         1.348132670                
    -5046.318063         2587.894172        -4608.092805                
Si              11                                                      
    -4.434359617         1.268538372       -0.1330790335                
     5.210767705         1.585061887         5.855001488                
     10584.19681         13705.45628        -22823.98778                
Si              12                                                      
     5.879348533         8.602464902        -6.709473106                
   -0.5302666971         2.452216685        0.9731926862                
     11516.43449         19547.77926         18728.11343                
Si              13                                                      
     2.592066885         1.104394326        -6.220771222                
     2.463292420         12.35633157        -1.218090596                
     1285.703788         11551.10480        -4145.652081                
Si              14                                                      
    -7.431801424         9.014398009       -0.3898919485                
    -7.837709953        -2.696012261         5.212622684                
     6023.450042         3643.288858        -4915.532854                
Si              15                                                      
    -7.661531412         1.268594028       -0.2496090112                
    -3.388672695         8.903125661         3.513588298                
     6537.167483        -26900.94640         29422.98844                
Si              16                                                      
     2.683831838         8.640721525        -6.425581433                
     3.395942436        -1.366902307         3.836739263                
     2099.881646         9975.176485        -12241.58689                
Si              17                                                      
     8.707619927       -0.5989562529        -2.664658489                
    -4.993550027         3.200429866        -9.197356836                
    -20024.93499         3902.274637         12912.35830                
Si              18                                                      
    -1.360437498        -9.793527660        -4.402943710                
     3.881639726       -0.5335231845         1.571327077                
     37889.10814         13207.71143        -13103.43731                
Si              19                                                      
    -1.497421277       -0.6649527863        -4.171033594                
     1.784062615        -4.955030108         3.388578022                
    -6526.432432        -16118.31578         1989.819524                
Si              20                                                      
     8.922244405        -9.599850206        -2.869685257                
     2.881248170        -6.119752977        0.3126547233                
    -710.2230938        -12876.65698        -9109.355030                
Si              21                                                      
     6.179678793        -1.254220860        -4.384528146                
    -2.660661179        -3.543536540        -1.634623867                
     14801.70360         9958.578529        -29355.89553                
Si              22                                                      
    -3.606473896        -9.157478583        -2.432312139                
     4.172223928        -1.329289760         1.555227458                
    -17683.85310         16524.50738         11869.91120                
Si              23                                                      
    -3.750025942        -1.004902613        -2.123572286                
     4.094680712         1.297557047         1.151783893                
    -23439.07726        -33561.65879         10933.83598                
Si              24                                                      
     6.560240147        -9.032397372        -4.805007394                
     1.556205786        0.3618876649        -4.570230179                
    -8271.444398        -26081.03483         376.7138398                
Si              25                                                      
     1.546297179         3.511303433        -4.437892964                
     4.719260274        -7.717790038       -0.2969140627                
     32651.79621        -39319.57843         2507.016617                
Si              26                                                      
    -8.476674122         6.622501641        -2.134442555                
     1.315207426        0.2756393518         2.468817825                
    -28223.25238         49949.44507         13578.06348                
Si              27                                                      
    -8.499732870         3.584791913        -2.112856429                
     6.969571830         9.862162939        -5.726310046                
    -38849.12644        -3452.231771         12728.67313                
Si              28                                                      
     1.641932911         6.559859709        -4.291013398                
     1.615549874        -9.677550795         2.908357732                
     32136.49639        -2663.639403        -10218.37495                
Si              29                                                      
     3.961832044         2.460474598        -2.639649676                
    -3.012370390        -5.901488402       -0.3234083759                
    -47975.74541         20139.40368         7095.111581                
Si              30                                                      
    -6.329152528         7.406236747        -4.253865902                
    0.2820915334        -9.569304509        -1.694068586                
     33418.02346         8410.685660        -11661.19588                
Si              31                                                      
    -6.431199085         2.468167486        -4.147137721                
     4.331041880        -1.281816708        0.3517751255E-01            
     51009.34200         7270.940270        -24553.49623                
Si              32                                                      
     4.041072699         7.498356971        -2.538396962                
    -3.147661521        -2.596567341         5.063495642                
    -691.7148238        -733.0133776        -59575.24516                
Si              33                                                      
     5.657724990        -3.472541907        -6.476254909                
    0.8567581948        -4.984161202        -4.387396778                
     5187.194220        -15680.53802         19295.87604                
Si              34                                                      
    -4.290902625        -6.737371627       -0.6254845488                
     3.062857246        -6.285775841        -5.262227165                
    -1055.693720        -4835.239174        -14840.53842                
Si              35                                                      
    -4.365929276        -3.601172500       -0.4596150742                
    -1.806306108        -5.642832632        -4.052479556                
     24627.16491        -10998.47733         13288.35021                
Si              36                                                      
     5.890472113        -6.581027737        -6.529544496                
    -2.898639043         4.523729688         11.02663928                
    -48423.63874         4331.175807        -7698.733044                
Si              37                                                      
     2.436200573        -3.472298992        -6.368506682                
    -7.921022870         3.097159844         1.866743360                
     4215.207316        -27561.84283         18431.21986                
Si              38                                                      
    -7.450875439        -6.563391157       -0.6479585622                
     1.692092356        -1.376642679        -9.222372759                
    -21079.38642        -4853.624386         29249.10030                
Si              39                                                      
    -7.464394616        -3.458408350       -0.4378094597                
     3.456621432         3.381389696        -2.071379437                
    -19071.14322        -754.1135546         12296.60959                
Si              40                                                      
     2.559370120        -6.637994708        -6.603576260                
   -0.8215946652        -3.102623332       -0.5014067454                
     34405.96604         6112.307481         2161.917964                
Si              41                                                      
     8.808173301         2.526234045        -2.492218238                
    -1.261507549         3.860433456        -1.157585544                
    -3946.337951         2133.699627         10875.82954                
Si              42                                                      
    -1.372698908         7.246963535        -4.249747394                
     4.299314465        -4.685991827        0.5356926266                
     4351.197102        -16537.83492         19055.07286                
Si              43                                                      
    -1.382879188         2.517540100        -4.268603943                
     2.066625326        -1.712641819         10.08177253                
    -42158.53027        -19332.33915         10760.27696                
Si              44                                                      
     8.746729922         7.425148298        -2.628887210                
    -2.957332519         4.934101822         2.800082268                
     5597.346501        -1985.923879        -29084.70224                
Si              45                                                      
     6.375319755         3.429529333        -4.381974476                
    -2.730588250        -3.653430369       -0.3722958816E-01            
     22643.39978         9065.155746         13471.91955                
Si              46                                                      
    -3.842851998         6.324580028        -2.565597411                
    0.5276592148         3.394065867        -6.416262385                
    -5669.624769         49911.47687         18521.27727                
Si              47                                                      
    -3.818207055         3.319752137        -2.365868780                
     2.781012881        -6.736684301        0.3747381778                
     15956.76096        -41509.12726        -30272.05882                
Si              48                                                      
     6.461024233         6.522659676        -4.465155479                
    -3.251167847         7.800696753         2.133615373                
    -11419.10499         19189.71460        -8218.716640                
Si              49                                                      
     8.666688233         1.333323653         2.493784847                
     3.597990959        -1.451073070        -3.089140738                
     17487.49750         2682.790505        -54113.25020                
Si              50                                                      
    -1.507610709         8.850539298         4.597815501                
    -8.641397016         7.630394848         5.575800440                
     27490.78764        -93.99497251        -9585.863235                
Si              51                                                      
    -1.639488260         1.067979395         4.565937930                
   -0.6099358282        0.8747292361         2.484662175                
    -25421.06724         18316.87558         7260.542107                
Si              52                                                      
     8.718904206         8.809450148         1.960718879                
     7.208013692         10.08051469         10.10435591                
    -6373.846057        -11727.87556         30207.56785                
Si              53                                                      
     6.201644831        0.5805992512         4.189192850                
     5.611504051         3.730081697         3.604086966                
     9226.082125         3022.627014        -8626.754397                
Si              54                                                      
    -3.805671323         9.307860128         2.554812676                
     3.231464346         3.229572185        0.2196214955                
    -6707.119800         5047.349443        -2452.783435                
Si              55                                                      
    -4.053644412        0.5886308049         2.786249785                
   -0.3634258364         5.351558572         1.507486807                
     2679.617538        -7632.367908         33569.60389                
Si              56                                                      
     6.367897866         9.445820490         3.946956255                
     5.828857465        -3.060018028         3.822292569                
     33819.31962         2342.599605         26365.20816                
Si              57                                                      
     4.594838400        -1.156399631        0.6074732744                
    -2.234795196         5.277459021        -6.019360614                
     11447.35476        -15650.22750        -8565.183265                
Si              58                                                      
    -5.458417977        -8.654195481         6.293444761                
     2.622468927       -0.4785360033         1.748806931                
     1599.076102        -26851.39254        -6038.361720                
Si              59                                                      
    -5.623082223        -1.493172181         6.631867752                
     1.442232510        0.8492714683        -7.835726395                
     28277.86234        -12435.33714        -15244.55638                
Si              60                                                      
     4.492793060        -8.867345380        0.3110934296                
     3.248421605        -4.497418372         4.390347664                
     28488.57218         16418.90497        -38696.23048                
Si              61                                                      
     7.828185496       -0.9719774449        0.4018446092                
    -5.654379838         2.699059890       -0.3160894550                
     5205.765001        -23541.32845        -3901.768143                
Si              62                                                      
    -2.240342123        -8.737146190         6.306117140                
    0.5300739050        -1.852453607        -8.429423448                
    -16902.58441        -5504.817350        -12472.41040                
Si              63                                                      
    -2.414984434        -1.453296338         6.488846369                
     5.900283954         4.023843787        -2.485589142                
    -13734.72037         15036.89447        -6733.913164                
Si              64                                                      
     7.754488710        -9.043193748        0.7353646124E-01            
    -5.591818551         1.523581863        -11.88873462                
    -3102.464370         30645.14136        -33831.30685                
Si              65                                                      
     1.340142685        0.5729464267         4.500211587                
    -3.357281689        -3.021414368         1.060041112                
     28891.59682         18739.89883        -18616.60742                
Si              66                                                      
    -8.599147772         9.510820999         2.437426754                
    -8.431459325        -7.723410685        0.4611507632                
     14223.59726         19382.44301         13392.15806                
Si              67                                                      
    -8.692267555        0.4516794553         2.628311320                
   -0.5502603647         4.117573721        -2.454804965                
    -6920.859926         1109.602868         3025.171750                
Si              68                                                      
     1.534819187         9.428022374         4.226240780                
    -3.569161752        -4.883219610         5.401609736                
    -2679.217107         3964.598939         41842.03566                
Si              69                                                      
     3.633678980         1.238356303         2.419678419                
     2.315734841        -2.523323126        0.5751479935                
     10443.26990         22013.24303         21424.99943                
Si              70                                                      
    -6.288268705         9.033339218         4.565354797                
   -0.4739740438       -0.1122375860E-01    0.7265110116                
    -14017.68927         4808.154204        -12437.88166                
Si              71                                                      
    -6.556546147         1.001564833         4.727143599                
    -1.061332775        0.1129580997         5.654452579                
     32382.21756         2411.806508         17702.18594                
Si              72                                                      
     3.794464099         8.997263222         2.165016339                
   -0.2568449693         4.058241539         7.511366677                
    -10848.41095        -41672.33338         8533.337736                
Si              73                                                      
     8.772683234        -3.410402686         2.176308790                
   -0.2738723861         3.312600371         9.540165358                
    -33604.67045        -3355.784310        -342.2171797                
Si              74                                                      
    -1.426405885        -6.569275249         4.132562867                
   -0.1550957986        -5.063048625        -3.472241634                
    -20213.40919        -51498.76250         4666.834118                
Si              75                                                      
    -1.624290456        -3.569325114         4.404717527                
     2.920533316        0.2823259975E-01    0.6629188002                
     29899.28597         34515.20206        -1184.528702                
Si              76                                                      
     8.585034462        -6.525014712         1.848272251                
    -2.877954727        -2.361983025        -1.288836089                
    -7503.595311         7709.483484         27949.34128                
Si              77                                                      
     6.459429026        -2.647426512         4.205014069                
    -5.280996810         2.124053495        -1.588050894                
     1802.409405         11778.35585        -26779.80553                
Si              78                                                      
    -3.822646433        -7.719734364         2.314099248                
     4.643690299        0.2697229940       -0.9844153114                
     27712.60131         20525.70264        -12588.89629                
Si              79                                                      
    -3.941569426        -2.535084693         2.543523943                
    0.6366612669        -6.221590133        0.8586655518                
     6936.136103        -37547.46592         19990.92840                
Si              80                                                      
     6.442306421        -7.515779783         4.090210223                
    -1.711325815       -0.5786601479        -3.388572278                
     20874.61725         21138.35180        -9757.071059                
Si              81                                                      
     4.422771165         3.501825682        0.3639972923                
     2.120801210       -0.7112263148        -1.388629755                
    -10196.89770        -23320.04412        -6270.111047                
Si              82                                                      
    -5.745763211         6.555416053         6.324153848                
     1.644687871        -4.973774847         3.396872989                
     28565.45358        -4625.700152         5801.955646                
Si              83                                                      
    -5.741620490         3.518129100         6.527017990                
     3.708364850        -3.108189819         3.808675248                
     8652.280918        -29100.37972        -6355.083334                
Si              84                                                      
     4.528977227         6.465056029        0.3506676185                
   -0.8102484586       -0.3191302561E-01     2.161344118                
    -23842.63038         44631.69053        -14245.89906                
Si              85                                                      
     7.740031629         3.420954252        0.3284693432                
    0.3711465611        -10.51445472        -3.970467699                
    -19327.55559         2190.911375        -3157.429793                
Si              86                                                      
    -2.509760542         6.536073460         6.453743836                
    0.4350248843        -1.211772093         6.762754503                
     3183.373898         3211.111400        -10629.62362                
Si              87                                                      
    -2.553640546         3.482800251         6.502508892                
    -4.028861611         2.764353940        -5.420915869                
    -12434.43604        -9245.007575        -29204.81414                
Si              88                                                      
     7.638123600         6.507380066        0.1569526032                
    -3.187212097         3.175250932        -1.971819811                
     8433.486771         5597.398951        -5869.329571                
Si              89                                                      
     1.388764842        -2.545938925         4.394384915                
    -1.669878817       -0.4244229531         4.549227024                
    -31402.19671         56.52083658         9895.017879                
Si              90                                                      
    -8.747150615        -7.490734961         2.220881346                
     4.309064371         2.360260691        -1.607757226                
     2473.976340        -260.7219567        -29862.52565                
Si              91                                                      
    -8.567914696        -2.727709637         2.504976294                
    -1.699371689        0.6239860030        -4.030598069                
     9114.354317        -18237.11963        -7813.629206                
Si              92                                                      
     1.541569319        -7.473012565         4.079227766                
    -4.020106294        0.7232649129        -1.959235824                
     11203.86038        -37486.15277         7988.791313                
Si              93                                                      
     3.857339524        -3.425767211         2.578955553                
     4.033835922        0.5628093163        -3.766797547                
     7699.593639        -34494.01878        -12313.32999                
Si              94                                                      
    -6.393205361        -6.749574984         3.990319024                
     6.964236450        -3.578816693        -2.488031133                
     22066.19715         17434.58411        -17116.48992                
Si              95                                                      
    -6.258994687        -3.590570597         4.442608081                
    -3.162184848        -1.234502665        -2.691691959                
     9435.843926        -12960.58595         4766.734655                
Si              96                                                      
     3.906305916        -6.554138096         2.343864134                
    -2.566525402         1.432759632        -1.524610713                
     20005.13671        -36102.61272        -20903.32861                
O               97                                                      
     2.590485831        -1.255491899        -3.134814915                
    -7.062824608        -8.716888441        -3.230327166                
    -29010.00759         5956.727522         5319.929544                
O               98                                                      
    -7.465605229        -9.231424671        -3.647891537                
    -9.803157367        -6.273487932        -10.52669282                
     13788.49414         11894.55725         1105.411531                
O               99                                                      
    -7.630248323        -1.015562492        -3.254219849                
    -6.637199823         6.410354898        -11.23776012                
     13378.50149         3093.294309        -18928.69275                
O              100                                                      
     2.691891398        -9.041849561        -3.602982560                
    0.1368756825        -7.215437340        -7.282012064                
     39605.27140        -2785.965609         35178.33268                
O              101                                                      
     4.228008530        -1.091808396       -0.9157462181                
    -3.104153811        0.7937499927         12.92694025                
    -13322.22446         13307.99946        -7450.027507                
O              102                                                      
    -5.854952067        -8.909165667        -5.779774934                
     7.948835827         1.156236087        -2.666433634                
    -3513.718549         16556.70411         35.75629474                
O              103                                                      
    -5.979536725        -1.366024482        -5.446124859                
     1.662289065        -2.855345100       -0.4695279265                
    -18343.91081         13753.65573         1596.378347                
O              104                                                      
     4.146473258        -8.997151628        -1.223519449                
     3.618352829        0.4187651557        -2.033998381                
    -7660.703219        -2283.683414        -24263.24354                
O              105                                                      
     4.157051086         1.153726016        -6.467185394                
     2.567176509       -0.6508020579        -3.673116681                
    -24028.99285        -3031.456832         18866.22493                
O              106                                                      
    -5.857245889         8.857794051       -0.5354685962                
     4.597799120        -5.525666251        -2.420237284                
     7705.895755        -3210.357478         1166.845683                
O              107                                                      
    -6.027129382         1.277674498       -0.2944361594                
   -0.7440807780E-01    -1.369791933         7.828381439                
    -15311.75901        -2500.547354        -5211.931838                
O              108                                                      
     4.302272801         8.584752398        -6.579658345                
     7.199583241       -0.8352454019        -8.724281799                
    -19202.40273        -3487.094134        -5196.014129                
O              109                                                      
     8.243757888       -0.8836585643        -1.165789748                
     7.761618546         8.544900696         9.696632363                
    -2913.391057         2357.371040         19833.30989                
O              110                                                      
    -1.789975254        -9.152226507        -5.819486362                
    -4.820645166        -2.231006914        -2.543517030                
    -4361.748005         1514.926736         4551.476911                
O              111                                                      
    -2.048902967        -1.099207550        -5.608399458                
     7.380175075        0.7205325482        -5.246307038                
     19529.12051        -6170.561202         3313.565933                
O              112                                                      
     8.405505608        -9.169194905        -1.474233944                
   -0.7789146250         8.811509173       -0.8750577791                
    -22933.16218        -780.2354599         43124.24963                
O              113                                                      
     7.578457432       -0.9916771952        -3.627778878                
    -4.366409787        -8.290894984        -4.498739372                
    -24981.60717        -15903.98291        -6517.975509                
O              114                                                      
    -2.342758606        -9.304915875        -3.331521980                
     3.907745480         1.004561680        -1.900752321                
    -10458.36658        -1658.850272         5225.300165                
O              115                                                      
    -2.494976153        -1.052057783        -2.980734176                
    0.9119162809E-01     2.050447022         9.235204312                
     17401.80197         8187.434242        -23213.81951                
O              116                                                      
     7.942052049        -9.071025341        -3.981063051                
     7.143000513        -6.227416867       -0.5203384007                
    -11784.91850        -4483.430072        -9570.037772                
O              117                                                      
     4.898926306        -1.249012087        -3.489894851                
     1.104316838         8.764951855         1.676238213                
     27147.25041         12266.78433         13718.79130                
O              118                                                      
    -4.881890308        -9.399891021        -3.412758785                
     1.395640248         2.754187112        -4.792227125                
     9268.457019         10079.54706         5318.984672                
O              119                                                      
    -5.066891838       -0.9076461498        -3.113942664                
    0.5031335993        0.8881035652E-01    -1.268027768                
     7804.027488         13651.30960         10230.15827                
O              120                                                      
     5.354960540        -9.137879821        -3.683489844                
     1.026605093        -1.360242033         5.275110632                
    -3792.827731        -5232.370338        -4609.155682                
O              121                                                      
     2.655965703         2.967611379        -3.466672235                
     8.991246610       -0.9039326217         10.34001189                
     8863.493810        -3646.466934         27536.60615                
O              122                                                      
    -7.500560772         7.050370917        -3.317813710                
    -3.495457040        0.9179455795         2.673252052                
    -18168.82427        -18666.67597         3727.192757                
O              123                                                      
    -7.497483041         3.230303811        -3.324121862                
    -8.297975211        -1.721859804         5.501859920                
    -22145.13112        -10546.15638         29966.02390                
O              124                                                      
     2.697113330         6.936609290        -3.235036892                
     7.167298573        -9.533329682         3.616486084                
     9955.758459         11944.13952         17634.07786                
O              125                                                      
     3.962222167         3.121668032        -1.144408104                
     8.070040804       -0.9852052871         2.597142461                
     13089.24428        -19866.96867         5142.601284                
O              126                                                      
    -6.178690547         6.864115969        -5.757136999                
   -0.8173634672       -0.5476123575        0.6619771357                
    -10883.27680        -2933.323972        -381.5258589                
O              127                                                      
    -6.216396313         3.118032838        -5.576305267                
     4.748955993        -3.863962088       -0.8083482832                
    -4611.590591         417.3443857        -7729.530342                
O              128                                                      
     4.215701932         6.903302583        -1.195088570                
     7.386108010         2.751282814        -2.157827795                
     365.0143465        -5832.442869         55689.47421                
O              129                                                      
     4.068360590        -3.454023568        -6.385588718                
   -0.5464650843        0.7023159592        -4.752037076                
    -10968.53625         17463.43857        -25370.42612                
O              130                                                      
    -5.901634600        -6.843890433       -0.5971223630                
    -1.191714861         7.894221988         15.62108357                
     4571.751601         12634.62077        -9832.974302                
O              131                                                      
    -5.899138097        -3.475070244       -0.5927380167                
    -7.490500733         4.242156732         3.911307468                
    -13715.52649         4687.282376         6922.445514                
O              132                                                      
     4.182385575        -6.834825167        -6.553373158                
    -5.920158905        -7.959746661         1.810642367                
     13796.07694         17729.75731        -1146.090681                
O              133                                                      
     8.351013879         2.886287306       -0.9978737637                
    -7.638729332         4.584851809       -0.5459987644                
    -8327.954273         85.21164009        -14156.72071                
O              134                                                      
    -1.915007534         6.877838284        -5.670174587                
    0.6736722903E-01    -2.005802464         4.831751073                
    -2959.045063        -5532.119443        -14661.57020                
O              135                                                      
    -1.986396480         3.049810624        -5.703782631                
    -7.803967237        0.7523127203        -7.669521135                
     27066.88867        -7827.099956         22594.33162                
O              136                                                      
     8.100100471         6.944607701        -1.315464373                
     5.553804579         7.296936764        -4.021399086                
    -5987.746508        -4173.229459         27801.97390                
O              137                                                      
     7.711841646         3.008165603        -3.481920606                
    0.9561190625        -4.274370268         7.219637660                
    -24306.89648         9701.595321        -20020.25890                
O              138                                                      
    -2.502377756         6.696158356        -3.232889912                
    -2.896100423       -0.8741428183        -6.420743515                
     23637.80168         10461.76509        -24619.15894                
O              139                                                      
    -2.461383216         2.937659149        -3.162592937                
     3.893051733         1.995091414         4.546669607                
     71.89147661         5101.627338        -3954.489335                
O              140                                                      
     7.756111721         6.927904054        -3.791622463                
    0.1762014244        -4.419934678         1.655366476                
     32991.51104        -3331.845317         26572.44138                
O              141                                                      
     5.128237575         3.017544273        -3.464848720                
     3.229188214         4.321563571        -7.053515474                
     28577.44559         960.6046530        -9542.617218                
O              142                                                      
    -5.099406105         6.780936329        -3.401059769                
     2.210606479        -2.151491779         1.216063998                
    -6510.609491         4605.351399        -10170.72263                
O              143                                                      
    -5.025203637         2.749821612        -3.298897030                
    -4.786471877        0.5407327453        -4.259671424                
    -21971.35749        -718.3347672         6500.787312                
O              144                                                      
     5.262415062         6.866958568        -3.471504148                
    0.1545626717        -13.33928091         6.835215195                
    -12138.24957         16895.60545         3374.416744                
O              145                                                      
     3.913458371        0.8731304733        -2.580761247                
   -0.6307923330E-01    -5.209994304        -1.058412285                
     8300.984809        -5389.121136         15378.43653                
O              146                                                      
    -6.151858108         8.980175904        -4.407123772                
    -11.53901119        -3.943254798        -2.113056654                
    -8788.012107        -4676.825880        -4217.356660                
O              147                                                      
    -6.535172380        0.8743399295        -4.347082840                
     8.332882181         7.101586912        -5.204148284                
    -936.7894477         18613.90814         13800.60171                
O              148                                                      
     3.968172092         9.114303058        -2.661967241                
    -1.948149420        0.3992606171        -5.131773261                
     7506.324047        -6838.432350         2181.228684                
O              149                                                      
     8.793502142        0.9577569985        -2.640523910                
    0.5336738499E-01    -2.677607533        -1.974511822                
     10020.95858         12323.69862        -5309.720951                
O              150                                                      
    -1.303223482         8.811252931        -4.260624095                
    -1.888483015         4.354957347        -2.902847989                
    -8823.738539        -1397.376063        -1871.202916                
O              151                                                      
    -1.445664610        0.8676580196        -4.216655006                
     1.105886758         2.142715460         7.047146717                
     7328.828278         40770.80325        -4228.294926                
O              152                                                      
     8.665804453         8.939820512        -2.908382477                
    -3.922332434         4.683962198        -1.942328806                
     16031.74301         37422.92227         10289.35852                
O              153                                                      
     1.933564337        -2.688826342        -5.126144424                
    -1.016132512        -8.632762150        -2.627248738                
    -10129.33325         20305.71625        -4563.459731                
O              154                                                      
    -8.128572441        -7.454644973        -1.790627593                
    -12.13727271        -6.082392723        -2.873658898                
     11678.36809        -4373.108196         5559.083222                
O              155                                                      
    -8.234247093        -2.360979445        -1.274419748                
     3.726187304         1.792948824        -3.190874193                
     1777.596238        -12320.15433        -6303.783314                
O              156                                                      
     1.988450296        -7.683795467        -5.569814146                
    -6.642460351        -13.32705829         11.87886550                
    -14265.90700        -4294.163065        -2457.472717                
O              157                                                      
     2.149406013       -0.1169857606        -5.274855919                
     4.027727975        -1.994697508        -11.12467245                
    -12682.18302        -6077.745421        -8290.692489                
O              158                                                      
    -7.943657318        -9.874211157        -1.257932689                
    -1.000836587        -5.392040516        -1.141739981                
     9536.382035        -19893.23110         12576.74845                
O              159                                                      
    -8.307686696        0.1910202712E-01    -1.135992738                
    0.5553112491         1.854513607        -6.201103251                
     9497.740068         40951.84891         6912.569246                
O              160                                                      
     2.137174684         9.896397279        -5.655097329                
     6.004325539        -5.973052867        -4.876344298                
     3152.149727         17837.84178         8917.399604                
O              161                                                      
     2.081136582         2.441858562        -5.547028867                
     11.29254820         3.443252903         2.065544634                
    -20954.05568         2667.010537        -8018.119962                
O              162                                                      
    -8.135393780         7.752781303        -1.057841694                
    -2.278581884         4.200310065         6.068068084                
     11576.00438        -5817.363695        -728.6050062                
O              163                                                      
    -8.182290662         2.601064245       -0.8607917787                
    0.7145474247        -4.273638504         7.583983238                
     6072.130955         2979.154371        -36357.64732                
O              164                                                      
     2.150113087         7.532824922        -5.450434614                
    -1.423033721         5.672290742         4.819182175                
    -7254.470878        -13734.23520        -8655.697099                
O              165                                                      
     6.096239286        -2.495613636        -5.326641327                
     1.481418196       -0.7023760898        -10.73693574                
     6212.867064        -3440.962597        -3560.236574                
O              166                                                      
    -3.831408420        -7.727096143        -1.764519042                
     6.076037186        -4.334779170        -2.656102038                
     3521.298191        -2220.761385        -4114.471317                
O              167                                                      
    -3.914115497        -2.401549600        -1.304951301                
    -8.199784078        -9.300544018       -0.8196756221                
     11228.36100         16952.16312        -17850.83836                
O              168                                                      
     6.343337560        -7.730342161        -5.603429606                
     4.476043561        -11.32013499        -4.016318838                
     11901.57786         13967.47224         4607.031033                
O              169                                                      
     6.145494542       -0.2198233611E-01    -5.473846403                
     5.447719913         4.282887716         2.407360201                
    -7156.568716        -2567.033355         13901.17180                
O              170                                                      
    -3.649552109         9.970847145        -1.230671378                
    -8.866987857         2.185122239         7.615565883                
    -7206.040720        -15633.10410        -17137.88003                
O              171                                                      
    -3.789970509        0.1168116426        -1.029888837                
    -8.892678251        -1.169722577         2.932186513                
    -18452.06280         2886.470997         1923.812879                
O              172                                                      
     6.345573466         9.953735440        -5.954576590                
     4.287625442       -0.3985630769       -0.6768507906                
     1262.765480         8917.445301         25326.29215                
O              173                                                      
     6.146515785         2.500519370        -5.627746730                
    -1.337294948         7.085287271        -5.114579415                
     7580.265409         606.8269715         3408.667915                
O              174                                                      
    -3.898111310         7.340360206        -1.295473264                
     5.318075402        -5.843420351         2.679857964                
    -7621.224610         7601.341941         3087.859674                
O              175                                                      
    -3.906804877         2.510335040        -1.037971358                
    -3.305660799        -4.753756913         7.045244912                
    -16735.26310        -3587.771568         17978.90947                
O              176                                                      
     6.335596499         7.460555721        -5.737516061                
    -3.425487572         3.668333171        -1.145341273                
    -8278.902922        -11398.36633        -7584.807822                
O              177                                                      
    -10.15999983        -1.070247398        -2.720440889                
    -1.386790324       -0.6343308823        -3.448848210                
     24125.73189        -6107.050487         5053.649850                
O              178                                                      
    0.1757231168        -9.347911790        -4.314633122                
    -3.499611885         2.015287251         8.739058520                
     2785.580432         9000.238666        -7869.131786                
O              179                                                      
    0.5073528827E-02    -1.138388427        -4.081781710                
     1.406395700        0.3279011220        0.1944414015                
     15764.53469        -2921.907288        -7702.359038                
O              180                                                      
    -9.865819435        -9.222721720        -2.824400793                
     1.819322157         2.548527689         4.514224313                
    -660.5818514        -12.76626930        -117.5989229                
O              181                                                      
    -10.08491588         3.171073577        -2.532952107                
    -11.93085311         9.233662818        -8.649688260                
     45349.18494         5302.532905         1578.037851                
O              182                                                      
    0.1395406861         6.663370893        -4.047971759                
     2.440103006        -7.568183790         2.046512406                
    -38310.17883         18010.79316        -3294.575357                
O              183                                                      
    0.4907645733E-01     3.055140140        -4.076811230                
     4.670601435        -3.400574077         3.128775854                
     12298.15336         10063.41227        -17828.45373                
O              184                                                      
    -10.02827468         7.025546164        -2.457693749                
   -0.4208421138         2.697091554        0.7934467446                
     7476.830452        -17747.86568        -8187.999821                
O              185                                                      
     1.787327103         5.009493095        -4.593860432                
     12.22278014        -1.006964657         1.571908521                
    -15398.39198         9705.955340        -5846.313402                
O              186                                                      
    -8.396782825         5.117106397        -1.754996013                
    -5.631279372        -3.369901574        -1.010285395                
     2094.075415        -12068.30544        -21093.24603                
O              187                                                      
     6.545632677         4.996114062        -4.631517360                
     9.956465473        -11.02905619        -2.974363514                
    -14475.20725        -34952.32299        -4182.079189                
O              188                                                      
    -3.900851589         4.841887631        -2.380755281                
     2.867561182        -4.400545965        -5.677360387                
    -6272.411999        -16714.88102         16124.63866                
O              189                                                      
     6.054615827        -5.014987078        -6.280218453                
     9.991154040        0.9294658433         4.616584120                
    -2775.240485        -4545.427781        -3846.194707                
O              190                                                      
    -3.984636262        -5.164929801       -0.7254106159                
     3.342429268         6.981548566         3.096426856                
    -11253.12414         8992.395771         6799.915143                
O              191                                                      
     2.321872450        -5.050977160        -6.365202997                
     4.109596497        -5.023727466         5.775537316                
    -8728.802465        -15403.15377        -8541.270965                
O              192                                                      
    -7.647140308        -4.982683409       -0.7171144038                
    -6.344449962        -8.128025298       -0.8978678554                
    -4366.923117        -18237.62984        -8980.488169                
O              193                                                      
     7.569300203         1.180635705         3.464276915                
    -1.210573370         7.755802232       -0.6452186666                
    -41395.96373        -11321.55812         46782.76706                
O              194                                                      
    -2.552274015         8.853077943         3.417099266                
     4.106828924        -2.912542497        -1.779881829                
    -7109.560871         11961.31106        -3700.870301                
O              195                                                      
    -2.601860032        0.9700362414         3.346136201                
    -5.330842384         9.977528020       -0.2291607731                
    -22220.95306        -5427.849200         4882.147669                
O              196                                                      
     7.686840727         8.901815627         3.203232978                
     6.679098351        -1.406166667         1.788622755                
    -12604.54483         14940.28274        -22598.56691                
O              197                                                      
     5.988008684        0.9818544465         5.673999672                
     3.040357255         2.682953102        0.8672313788                
     24691.83199         3026.459608         2605.943700                
O              198                                                      
    -3.892796797         8.835269073         1.060932889                
    0.3076971456        0.3881282886         2.933777581                
    -1388.981912        -14990.60773         1924.350170                
O              199                                                      
    -4.187411278         1.076870765         1.383586533                
     1.575068292         1.567353224         4.459896727                
    -3534.682693         15601.38049        -36036.03044                
O              200                                                      
     6.318505334         8.760917902         5.388293318                
     3.023796098        -2.495232973       -0.7151691415                
    -13670.10870         1567.917154        -11957.63316                
O              201                                                      
     6.226617481        -1.134436778        0.4631887237                
     2.536386093         16.33547637       -0.8237097281                
    -11387.76318         14534.74412         14587.27088                
O              202                                                      
    -3.873696285        -8.621096515         6.230908472                
    -3.469613329        -6.348122808        -1.478082076                
     5180.102619         2469.227602         10489.52402                
O              203                                                      
    -3.988011456        -1.538916610         6.600114236                
    0.1477853941         6.718965042         6.189442531                
    -17288.75383         8458.412663        -9640.292343                
O              204                                                      
     6.142686551        -8.959714325        0.1884402715                
    -1.939213676         2.274256628        -3.084577517                
     5323.231436        -10179.31741         6027.170019                
O              205                                                      
     1.941482504        0.9618070250         5.904848181                
    -4.080178831        -8.196878644       -0.7947625407                
    -8329.102597        -4301.654397         9174.429740                
O              206                                                      
    -7.817773790         9.073670584         1.137436970                
    -2.985155977         4.382957174         1.996601615                
    -13706.50157        -2483.814917        -7778.751873                
O              207                                                      
    -8.080120290         1.002104739         1.284225859                
     4.092039762         4.059904953        -6.283691402                
    -4963.680790        -533.8499313        -18231.86289                
O              208                                                      
     2.068720814         8.857214385         5.697886303                
     13.49871847         2.400277817        -2.365533684                
     6224.714804         1124.192915        -16012.77388                
O              209                                                      
     2.368642753         1.006364297         3.337812655                
    -1.043083552         5.937087077         1.421747312                
     5642.433141         6539.146491         360.5085525                
O              210                                                      
    -7.620881106         9.297537583         3.661580010                
    -6.346982825        -4.985452908         4.186162020                
     8379.604473        -9192.816834         13598.47362                
O              211                                                      
    -7.784031317        0.8314331181         3.845404109                
    -4.673307483         3.804864271       -0.4072230276                
    -12583.30037        -6787.532403        -2410.812918                
O              212                                                      
     2.493221637         9.060606647         3.080297340                
    -2.242836934         5.355670835        -2.945063241                
     19501.75923        -2773.446946        -16262.76574                
O              213                                                      
     5.012473816         1.106337650         3.358068102                
    -5.854854103        -6.196416079         2.966647568                
    -30023.13167         1770.874020        -18441.72495                
O              214                                                      
    -5.129858005         9.027602559         3.452374394                
   -0.5225827333         4.133866915        -1.069063343                
     12072.60980         5290.632384         4886.170370                
O              215                                                      
    -5.341991699        0.9930472971         3.651414933                
     3.773407665         7.788758468       -0.4082500200E-01            
     9740.832806        -5913.419589         10469.49329                
O              216                                                      
     5.012725888         9.264772839         3.181720684                
     9.474904497         2.333086862         3.771800523                
     383.2388581        -9041.443939        -11771.36545                
O              217                                                      
     7.690702283        -3.040383623         3.295126224                
    -3.035629789        -7.714529084        -1.313145051                
     3026.953147         7303.257742         13513.56762                
O              218                                                      
    -2.496036488        -7.055765318         3.066010919                
    -5.923465163         14.14709915        -10.06316236                
    -10830.78441        -7420.386146        -11633.54183                
O              219                                                      
    -2.668032741        -3.057345387         3.398149007                
     2.178744707         1.984817221        -5.038628385                
    -5850.440584         10307.12741        -21139.19921                
O              220                                                      
     7.603430353        -6.855815742         3.101048823                
    -7.616563564        0.1589194256         1.834037758                
    -2266.404651        -26898.06939         3964.720727                
O              221                                                      
     6.254500124        -3.034269218         5.696419181                
    0.5806505594         2.760392394        0.2338891403                
    -7700.994927        -3874.765476         7435.808653                
O              222                                                      
    -3.855880281        -7.355765899        0.7174013609                
     2.065978981        -5.433802732        -6.067017661                
     1469.634462         9687.573822         34938.79916                
O              223                                                      
    -4.033278442        -3.146588757         1.073962133                
     2.168415090        -10.31432549         1.351761162                
    -4579.110345         21.70624091        -290.6578376                
O              224                                                      
     6.326546607        -6.886134443         5.579118397                
    -5.927844771         3.836776586       -0.8658805380                
     5113.053927        -12012.44601        -16949.20074                
O              225                                                      
     6.039089632         3.334400044        0.3228146059                
    0.5195215411        -3.439568057        -4.231979629                
     12609.53344         3800.789852         6255.457599                
O              226                                                      
    -4.077554542         6.595556336         6.406518961                
    0.7498438902         3.119263854        -6.582026563                
    -25552.31526         16174.17201        -3231.925679                
O              227                                                      
    -4.120572234         3.459558679         6.577532385                
    -7.869137944        -3.133178743         6.409700881                
    -22894.94027        -11767.16363        -1841.014023                
O              228                                                      
     6.071653405         6.582352856        0.3012055945                
   -0.3207680064         2.917498065        -1.705453954                
     13010.76105        -3337.133675         8422.998614                
O              229                                                      
     1.564496121        -2.882971060         6.003225492                
    -4.581024024         5.137928811         7.215575132                
     34909.54310        -5398.236072        -23119.83844                
O              230                                                      
    -8.069852603        -7.030471285        0.8251571221                
     3.684086056         1.406741118        -2.897052599                
     987.3420071         3057.964362        -17063.61665                
O              231                                                      
    -8.005932288        -3.237284349         1.058114083                
    -4.003917163        -6.217769348        -6.383003500                
     1002.445374         13035.39414         10528.40071                
O              232                                                      
     2.103609494        -6.949279051         5.475653566                
    -1.098764605       -0.3707666042        -7.404002242                
    -4060.992970         771.4849903         3072.431463                
O              233                                                      
     2.554055689        -3.135442700         3.479119384                
     2.676393256        -7.767875506        -10.17994882                
     10083.62020         9201.901249         4206.190259                
O              234                                                      
    -7.744052676        -7.057420038         3.313381892                
    -1.323780521        -11.43028235        -5.246564094                
     1804.863872        -2290.702539         3448.936461                
O              235                                                      
    -7.516856350        -3.168673070         3.619700170                
    -2.032632310        -6.519105931         4.205681658                
    -15428.68867         13453.34934        -4078.953534                
O              236                                                      
     2.501013718        -6.996701668         2.919533222                
     2.966293954         2.867368882         4.488549074                
     7599.747512         455.0656054         18037.71889                
O              237                                                      
     5.205703549        -3.210487910         3.376857014                
   -0.6549065876        -2.091824729         6.264336897                
    -11487.88696         18769.84017         11383.77365                
O              238                                                      
    -5.079554921        -7.150769709         3.075729401                
    -6.472243770         11.68514981         7.265296293                
    -14951.37966        -1733.092326         3587.488200                
O              239                                                      
    -5.023893942        -3.132288437         3.589039482                
    0.7046329940E-02     6.091449879         5.043053766                
    -2928.037731         9638.482926        -15099.72881                
O              240                                                      
     5.173472005        -7.081879815         3.238750872                
    -1.368954749        -3.004518436        -2.858684613                
    -21476.28574        -4021.688331         866.9396065                
O              241                                                      
     6.259393821        -1.011798456         4.147117445                
     2.797964564        -4.674125002        -9.189011103                
     7807.403899        -10663.85572         203.1379710                
O              242                                                      
    -3.738136403        -9.264373936         2.382139928                
     2.764215456         2.169283385         5.546744105                
    -4058.313816        -16021.51742         16235.71892                
O              243                                                      
    -4.065220921        -1.008846670         2.656786558                
     5.030897166         6.396691108         3.202086535                
    -403.0086305         17170.93732        -5114.446751                
O              244                                                      
     6.578023474        -9.125578828         4.134221808                
    -6.265649030       -0.9737839110       -0.8397329720E-01            
    -10439.09168         4534.531962        -9825.963277                
O              245                                                      
     1.380199900       -0.9533769278         4.385018502                
    -8.418591292        -1.499818872         3.285107884                
     6087.328283        -31937.31635        -344.0126719                
O              246                                                      
    -8.718458453        -9.089675213         2.251684263                
    -3.269112520        -5.997970212        -4.527028242                
    -8458.204925         10165.65761         4905.988801                
O              247                                                      
    -8.611601917        -1.158127333         2.514634443                
    -8.607388247         3.835315798        -2.074636148                
    -6558.106272         18169.81059         3510.680974                
O              248                                                      
     1.524546008        -9.140777964         4.218070216                
     1.153361205         9.186872167         6.056078899                
     4392.730604         20263.50375        -8622.914731                
O              249                                                      
     8.350441419         2.521133910         1.427181362                
    -6.109162577        -2.755984980        0.1611778941                
     371.5659275        -986.6845460         26411.97470                
O              250                                                      
    -1.880051064         7.583267324         5.404199827                
    -4.804043677        -5.481924471         3.185194743                
    -7644.185708        -11776.99296         23344.76892                
O              251                                                      
    -2.127793340         2.386806727         5.387857139                
     8.494522759         6.940308393         3.776732345                
     14165.28211        -4479.907582         8341.703054                
O              252                                                      
     8.279050802         7.487706739         1.213387670                
   -0.2634352451         7.339871432        -7.363323480                
     8556.291112         3865.725185        -6581.550934                
O              253                                                      
     8.358767877        0.1055599570         1.454758426                
   -0.1802572095         1.074975750        -1.410752324                
    -4249.095612         3150.665785        -9582.359070                
O              254                                                      
    -1.745643627        -10.01861629         5.487162613                
    -9.889770007        -10.26424516        -2.000473733                
    -8134.004163        -3898.250196        -4163.627380                
O              255                                                      
    -2.015951798       -0.1814601000         5.483675924                
    -7.073482427        -9.147070370         2.857059716                
     1553.847345        -14580.55236         14591.19352                
O              256                                                      
     8.328636308         9.920020656        0.9053960828                
    -1.688059297         2.775323175        -7.537969483                
    -6479.163065         6632.644662         3633.639160                
O              257                                                      
     8.455640650        -2.305455358         1.054967366                
    -10.13852972        0.9687990992         1.763201909                
     36.86633815        -1836.258263         545.2433417                
O              258                                                      
    -1.861749524        -7.521147181         5.393233077                
    -3.901082267       -0.7311444715       -0.6853288628                
     17260.17347         10861.06228         2320.790093                
O              259                                                      
    -1.879394970        -2.731187178         5.723778027                
     1.105248220        -1.497390465         10.10686272                
    -2962.565466         4654.743759         3515.385350                
O              260                                                      
     8.197883286        -7.627523446        0.7411332768                
    0.7058778148         14.12693538         3.760284977                
     5474.655171        -5207.008575         8518.094863                
O              261                                                      
     3.757295178         2.550625381         1.508837531                
     1.968771607         8.474146643         1.596548234                
     13170.77721        -2720.260694        -11112.93300                
O              262                                                      
    -6.297121972         7.672480793         5.343867258                
    -5.255833839        -1.924981346         2.976164772                
     7363.235989        -16493.07835         4946.063368                
O              263                                                      
    -6.428450580         2.359667210         5.569762724                
    -1.018369446        -4.159262177        -10.03484041                
     14941.24624         234.9768691         11172.10524                
O              264                                                      
     3.960739762         7.584816041         1.334578631                
    -10.36147389         1.296781563        -2.854032353                
     6012.514031         12743.65711         9715.966572                
O              265                                                      
     3.976333999        0.6571665004E-01     1.468732475                
   -0.8967402811         10.07662029        -3.924775529                
     9153.679376        -24027.91108        -19977.69953                
O              266                                                      
    -5.905863278         10.07606753         5.714538999                
     10.64477732        0.7798469432         2.766878601                
    -2383.447278         8202.726365        -23343.52705                
O              267                                                      
    -6.186131462       -0.3056564541         5.689996367                
     1.375639627         3.236436451         5.475005738                
    -3804.549035         15821.94889         2517.631250                
O              268                                                      
     4.007744116         10.08397054         1.115642193                
     4.934127069         9.854168341       -0.6820281811                
    -4432.647343         2454.356920         2525.253946                
O              269                                                      
     3.990845831        -2.474212101         1.309408285                
    -7.868530261        -7.423723408        -5.187021273                
     7709.645785         13196.78720         16930.29989                
O              270                                                      
    -6.130516280        -7.692696184         5.198765435                
    -1.234919756         3.326309437        -1.574378669                
     9902.663674        -267.6411892         29825.84080                
O              271                                                      
    -6.054069205        -2.795795242         5.858572459                
     5.536222253        -3.591937568       -0.4491703654                
    -12787.18721        -11716.34701        -20277.11262                
O              272                                                      
     4.061524887        -7.590687774         1.060739035                
   -0.5297442162E-01     10.20647958        -3.781077110                
     1262.283350         22164.06167         21399.61050                
O              273                                                      
   -0.1305028184        0.9969914923         4.298603085                
    -7.810050935         12.15212799         3.131014699                
     3642.872006         6615.999482         9645.564336                
O              274                                                      
    -10.11807802         9.087972780         2.428862825                
     6.479683888        -6.999695375         7.828915147                
     1525.192572        -16604.89807        -11239.78517                
O              275                                                      
     10.15638919         1.094129386         2.866852884                
     5.244673029        -4.533464520         1.776249731                
     16073.23570        -10628.35281        -6466.288852                
O              276                                                      
    0.7010273645E-01     8.935588254         4.203821951                
     5.539609408        0.3325684713        -2.346469099                
    -29032.83374        -585.6887125        -2247.563766                
O              277                                                      
   -0.6043606559E-01    -3.074673398         4.050608622                
    -8.296270825         3.618806339         7.207822877                
    -11111.04273        -11214.62056         7243.799879                
O              278                                                      
     10.15135851        -6.825905355         2.208613716                
     3.391229280        -6.545900507         7.248237665                
    -21492.25352        -10384.18993        -7840.551912                
O              279                                                      
    -10.08500932        -3.206983797         2.636924631                
     2.729284218         6.095360044        -7.587677555                
     21161.75188         5380.564057        -4949.641935                
O              280                                                      
    0.1044518999        -6.969705929         3.964577869                
   -0.4891355119         4.051338780        -1.854202690                
    -21894.35059         11656.51132        -5797.981044                
O              281                                                      
     8.479885675        -4.935217959         1.845944540                
     1.416939826        -5.304307065        -4.681874800                
     14322.85688        -4053.267652        -19292.73801                
O              282                                                      
    -1.625978217        -5.094947168         4.396754660                
     1.141296557        -10.09134671        -8.357969333                
     7519.687068         6973.411228         4728.275816                
O              283                                                      
     3.967881042        -5.036155489         2.307852916                
     5.173993792         2.311795389         7.438826601                
    -16721.36026         31811.78493        -3429.601582                
O              284                                                      
    -6.349213030        -5.180733687         4.222725905                
     6.125636822         15.01190665        -7.036021443                
     5563.387997        -1491.654866         25567.05180                
O              285                                                      
     4.138340411         5.021809577        0.5761453102                
    -3.647570215        -2.251240395        -3.717765662                
     5265.793755        -17792.85107         6405.041656                
O              286                                                      
    -5.911221225         4.978447164         6.069940202                
    -2.373872159         4.394108990        -3.909610814                
    -20996.90236         24285.56025         6562.562299                
O              287                                                      
     7.985756607         4.999042028        0.3564850611                
     7.613403035        -2.931179332        -13.92054514                
    -7882.084830        -13676.49857         3439.055187                
O              288                                                      
    -2.275694314         5.005648136         6.181741171                
    -6.706068336         4.800189408         5.111685218                
     13877.85066        -3647.067159         10605.35634                
C              289                                                      
    -2.254242231         4.948812859        0.8661804213                
    -3.043509740         5.915428573         7.047335490                
    -27.51761009         12.84078343        -1.099366178                
C              290                                                      
    -1.952754311         6.137915424         1.540757238                
    0.1294826129         5.274267294         6.759433001                
     51.40047722        -287.8165455        -95.66972783                
C              291                                                      
   -0.6727680512         6.695699600         1.438229268                
   -0.3083176423         5.291903179         1.389763670                
     30.84849134        -91.44971774        -147.2869497                
C              292                                                      
    0.3057302894         6.064381212        0.6611244823                
    -3.919110250         5.950700343        -3.692003176                
    -4.950171634         26.46097899        -65.17019321                
C              293                                                      
    0.4242367622E-02     4.875278645       -0.1345233489E-01            
    -7.092102605         6.591861622        -3.404100683                
    -36.95091125         6.283029180        -54.21819475                
C              294                                                      
    -1.275743892         4.317494469        0.8907563465E-01            
    -6.654302350         6.574225737         1.965568646                
     30.22693580         114.6132830        -13.30059579                
H              295                                                      
    -3.241660205         4.518522208        0.9452734263                
    -2.705778115         5.901823748         11.18965184                
     164.9582717         46.00369025         111.6524831                
H              296                                                      
    -2.707601472         6.624947482         2.140250047                
     2.915007152         4.766041616         10.67969268                
     396.3719316        -858.3387682        -151.2340050                
H              297                                                      
   -0.4401972391         7.613022310         1.958629073                
     2.139475274         4.797282326         1.167707005                
     61.75587916        -222.8341498        -319.6170679                
H              298                                                      
     1.293148262         6.494671862        0.5820314771                
    -4.256841876         5.964305169        -7.834319519                
    -156.3060635        -66.53840591         96.66884200                
H              299                                                      
    0.7590895293         4.388246588       -0.6129451437                
    -9.877627143         7.100087300        -7.324360365                
     94.06909728        -16.80136697        -10.48219033                
H              300                                                      
    -1.508314703         3.400171760       -0.4313241698                
    -9.102095266         7.068846590         2.187625308                
     546.9737505        -35.75090397         254.4021776                
