Diffusion in Zeolites. ZSM5 (Silicate) Crystal Structure, Si(96)O(192) +
         2         2       300     13334   1.0000000E-03   1.3334000E+01
       20.3183600000        0.0000000000        0.0000000000            
        0.0000000000       20.1714600000        0.0000000000            
        0.0000000000        0.0000000000       13.5858629500            
Si               1                                                      
     1.520347977        -1.286688820        -4.645999884                
   -0.5691870884         6.253160878        -6.859252359                
     46.05385441         23506.79507         21206.43931                
Si               2                                                      
    -8.424610572        -8.992048665        -2.171842526                
     1.610487472       -0.8896236880        -11.42321234                
    -22536.20149         13545.98209        -33430.56780                
Si               3                                                      
    -8.573712210        -1.187917004        -2.136423037                
    -8.357234865        -7.447631338         4.085461810                
     23507.25557        -11680.18267         10658.98439                
Si               4                                                      
     1.864354012        -8.838805729        -4.536831241                
    -1.078892195         2.593439615        -3.013711546                
    -23396.75774         10621.12679         14050.95086                
Si               5                                                      
     3.808848104       -0.5574119782        -2.548990553                
     1.387068116        -6.797518868        -3.046992017                
    -9594.380910        -7212.462576         4591.716706                
Si               6                                                      
    -6.003897115        -9.550997262        -4.154470991                
     5.648914613        -5.811069718         2.796847458                
     679.1332049         53503.55550         7550.950476                
Si               7                                                      
    -6.388777664       -0.7296494484        -4.202136043                
    -1.390711660         1.080767096         3.849059302                
     36046.23806        -20946.18347         3076.001576                
Si               8                                                      
     4.101569180        -9.346265502        -2.479466234                
     4.819125151         5.943413006       -0.9800783116                
    -18980.93135        -36794.21942         9905.627117                
Si               9                                                      
     5.586240258         1.162879702        -6.424716670                
   -0.5122470009E-01    -5.429995080        -1.925624056                
     42446.05407         14724.20724         5315.578147                
Si              10                                                      
    -4.375343181         8.746872888       -0.4260781891                
     9.082818906        0.4726139851        -4.360985602                
    -8654.749051         19803.90974        -24981.17631                
Si              11                                                      
    -4.543865668         1.200600237       -0.4904168186                
    -3.844295822        -8.048055515         6.492582835                
     5004.119645         4381.485356        -15670.56045                
Si              12                                                      
     5.775012824         8.795124324        -6.343285520                
     4.070255242         3.757159372         2.879268027                
     8335.159635         3924.136843         32887.36022                
Si              13                                                      
     2.483257928         1.236618175        -6.453871259                
   -0.5961449399        -5.729566006        -3.199810267                
    -36787.28448        -9115.295025         14658.31641                
Si              14                                                      
    -7.637669409         8.782322517       -0.3318769444                
     3.619774821        -8.324928954         2.180580404                
     18679.12005         1503.924145         605.4078170                
Si              15                                                      
    -7.697435236         1.251813477       -0.3664672091                
    -6.682964265       -0.5671198181       -0.5948491168                
     1772.383964         43169.25484         10441.64261                
Si              16                                                      
     2.645460426         8.975423673        -6.458117085                
    -2.152556856        -4.371065489        -5.708211284                
    -10671.76744        -10982.75792         10315.25876                
Si              17                                                      
     8.767156738       -0.6700022412        -2.533833620                
     2.401123402         5.312412044         3.132595382                
    -29236.95635         627.7362406        -1431.488683                
Si              18                                                      
    -1.237508034        -9.448698539        -4.391603305                
     1.008276250         1.138252162        -3.531486101                
    -12102.25755         24410.97552         10280.94731                
Si              19                                                      
    -1.427035838       -0.4206962484        -4.382265341                
    -7.845510682        -4.156859789       -0.8555688628                
    -16356.59941         18707.92259        -10506.75280                
Si              20                                                      
     8.808063561        -9.539509738        -2.580134742                
    -4.338760705         1.330357510        0.2952721543                
     32804.63854        -15933.93632        -4329.855144                
Si              21                                                      
     6.336196263        -1.164332645        -4.380103416                
    0.6684562689         6.075251394       -0.8508849761                
     1124.810036        -5397.938260        -13920.89538                
Si              22                                                      
    -3.551738999        -8.841127127        -2.312042622                
     1.592098448        -8.812295095         4.187492032                
    -3443.913580        -58215.94830         1228.308599                
Si              23                                                      
    -3.773256831        -1.229014290        -2.458054545                
     6.360762239         1.430647522        -2.733281680                
    -35424.41480         10169.43539        -8764.805586                
Si              24                                                      
     6.414054052        -8.853567978        -4.464727492                
    -6.197500082        -2.175448671        -3.865691107                
     42723.92650        -3057.810122        -6235.663719                
Si              25                                                      
     1.639342772         3.648069740        -4.586891884                
    -2.769493970         7.797340896        -2.576416986                
     17596.30055         15.80864790         14469.02873                
Si              26                                                      
    -8.540541544         6.615352735        -2.352520935                
   -0.4189604479        -3.571528750         1.622949269                
    -25984.24521        -4295.135701        -9478.869577                
Si              27                                                      
    -8.540350052         3.517546249        -2.356838556                
    -2.433747882        -1.637647519         3.884455309                
    -3216.996737        -14201.24815        -10265.75567                
Si              28                                                      
     1.696627865         6.744384019        -4.356907228                
    -4.200782996        0.8800356111         2.750501585                
    -34139.49602         6621.476434        -1409.469462                
Si              29                                                      
     3.907729804         2.624882205        -2.659063847                
    -4.980424079         6.410904746        -7.238767212                
     10502.28234         24900.33925        -3049.186397                
Si              30                                                      
    -6.388510086         7.620174755        -4.333507757                
     12.21556908        0.5235103264        -1.154088117                
     37381.28895        -14967.89398         1727.245864                
Si              31                                                      
    -6.174918542         2.400766515        -4.236440219                
     1.308442057        -5.683361554        -6.721764169                
    -724.8935662         20314.84648        -2891.309100                
Si              32                                                      
     3.968566664         7.554514642        -2.512616115                
    -6.371107232        -3.378049288        -1.605806405                
     25176.70110         6378.757324         8925.804905                
Si              33                                                      
     5.841168271        -3.485553934        -6.359979215                
    0.7467646155        -4.240269392         2.005356120                
     537.8097249         17676.57235        -21845.31759                
Si              34                                                      
    -4.277854809        -6.567049025       -0.4556921559                
     1.471693002       -0.7168696418E-01    0.3465571569                
     67.28510604        -13578.02925         14350.27427                
Si              35                                                      
    -4.321337901        -3.548052198       -0.5293754215                
   -0.2440109487E-01    -2.977688164        -8.130475405                
    -17050.59573         20475.04243         22206.38383                
Si              36                                                      
     5.825743277        -6.533032416        -6.419597608                
    -5.313200740       -0.4761722199        -1.971581483                
     3848.775334         6434.085166        -7300.518932                
Si              37                                                      
     2.596960489        -3.445552958        -6.545068335                
     1.287439902        -5.021476299         3.940963534                
     19777.82836        -2783.442381        -26578.22938                
Si              38                                                      
    -7.421787127        -6.640222223       -0.4698730609                
    0.2186913878         5.056036496        -2.766746713                
    -18270.81343         35027.65713         37258.52399                
Si              39                                                      
    -7.564582208        -3.506099593       -0.3288536177                
     3.658439226        0.8916816071        -4.022537893                
     16380.00157        -7539.332733         6538.194917                
Si              40                                                      
     2.633860285        -6.591878106        -6.499719294                
    -1.010823744         1.346930741        0.3564637003                
     6314.683557         6046.342438         2659.242673                
Si              41                                                      
     8.756883657         2.492839998        -2.603477069                
    -4.107165384         4.746839194        -7.113191010                
     8463.643608         17943.59392        -3341.170488                
Si              42                                                      
    -1.304021434         7.535179481        -4.514557158                
     9.390772994         6.806337807        0.2787258757                
    -4097.744867         20402.01370         4808.571662                
Si              43                                                      
    -1.294074769         2.771766530        -4.296692577                
    -2.267457387         2.362235489        -1.225734478                
    -38072.20173        -25183.37556         3663.319459                
Si              44                                                      
     8.774137342         7.370057715        -2.559933837                
    -2.428561561        0.7977280656         8.506720090                
    -12242.04068         24411.84618         8023.039880                
Si              45                                                      
     6.403715419         3.416834791        -4.483174474                
     6.916779389         2.133259140        -1.264769896                
     12181.71437        -3202.290627         18185.52731                
Si              46                                                      
    -3.731908234         6.694403436        -2.726414237                
    0.3059429401        -8.920845126         3.722833713                
    -28726.38980         17489.02634         9427.511368                
Si              47                                                      
    -3.768411338         3.580798698        -2.473768904                
     2.070451570         3.935841844        -8.156179557                
    -14612.70411        -39149.43581        -6078.786085                
Si              48                                                      
     6.336537463         6.469140499        -4.353567359                
    -4.165702595        0.7554713895         1.747967812                
     6466.769233        -14105.43946         6549.199553                
Si              49                                                      
     8.524907780         1.157485127         2.338788264                
    -7.028949734         1.433049449        -4.077616909                
    -6322.335073        -15282.79136         16223.11352                
Si              50                                                      
    -1.705311270         9.089179750         4.569309445                
     7.146937844         2.729431916        0.3807007043                
     14122.55191         9928.978203        -32465.75968                
Si              51                                                      
    -1.661770035         1.334289823         4.603666096                
    -8.983236920       -0.4897398570         9.378724484                
    -32235.78547         17131.53037        -18170.03847                
Si              52                                                      
     8.641050068         8.797860895         2.245044931                
    -2.068449667         3.368471626        -2.322458613                
     7616.391400        -16845.47145        -9200.436336                
Si              53                                                      
     6.100056656        0.4206794008         4.211420218                
    -9.085424897         6.142376606        0.3243414182                
    -3344.729963         10134.16661        -37125.65978                
Si              54                                                      
    -3.959705478         9.664984625         2.539532017                
    0.9131919923        -3.448728612         7.024051593                
     6468.110067         12268.66387        -20034.15625                
Si              55                                                      
    -3.807360791        0.3968796416         2.473738700                
    0.1317122758        0.8695597792        -2.300728645                
    -9796.601802         19399.67378        -27534.54462                
Si              56                                                      
     6.400376062         9.376850201         4.309718284                
    -4.181397275        -7.069194226         4.066047954                
     3064.092249        -1696.595372        -10629.50662                
Si              57                                                      
     4.509174331        -1.324803977        0.4670186362                
     1.843497396         3.906137504         7.335316892                
    -23543.73682         11120.36877         5798.745478                
Si              58                                                      
    -5.757471962        -8.808470987         6.391389834                
     2.691277217         2.316003678        -1.721674070                
     3528.065751         5446.976875        -2666.095115                
Si              59                                                      
    -5.703813305        -1.343171426         6.397948112                
   -0.1657526554        -8.995066485         11.62193599                
     33304.26570        -15289.19172         6506.424851                
Si              60                                                      
     4.678763463        -9.077735476        0.5820178587                
    -5.373766437        -4.371402698         4.462452967                
    -3108.416389        -25325.11495         8871.931095                
Si              61                                                      
     7.655116518        -1.157932980        0.3679986615                
    -2.492975771        -1.887160046        -5.535193639                
    -27108.26631        -7764.172483         7567.264518                
Si              62                                                      
    -2.570283491        -8.638660518         6.432109240                
     1.010612999        -2.628921909         4.164647196                
     6079.280633         19412.10848        -905.8876940                
Si              63                                                      
    -2.526839607        -1.129101018         6.373470153                
     7.517478758       -0.8170779372        -4.858313931                
    -11586.99048        -25822.47003        -5428.003597                
Si              64                                                      
     7.813329480        -9.029074667        0.4020116382                
    -10.17155009        -4.483841799         2.336845719                
     14746.56043         15249.79873        -29690.25946                
Si              65                                                      
     1.320305801        0.7626818872         4.267239798                
     9.742049950        -8.747351035        0.5147980553                
    -8370.592687         5463.254666        -35117.10249                
Si              66                                                      
    -8.731786744         9.430080051         2.570342223                
    -6.066426555         5.309243101        -2.850210257                
     6764.902234         2793.985251        -20939.74174                
Si              67                                                      
    -8.719781774        0.6728662837         2.529569078                
     3.997724148         3.122629832         7.535517826                
     13457.98169         8140.455239         29951.48888                
Si              68                                                      
     1.375184217         9.454602745         4.275344836                
    -2.954294322         1.704127835        -5.724749355                
     9042.170930        -34766.69412         3227.875287                
Si              69                                                      
     3.609498628         1.176577859         2.241950691                
     2.924766227        -3.644754660        -2.319044075                
     6745.193366        -15042.41913         2344.666876                
Si              70                                                      
    -6.383105726         9.016910199         4.458855639                
     1.373501981        -1.564320398        -4.388978134                
     4442.403334        -13977.51818         23013.54210                
Si              71                                                      
    -6.209110580         1.023679414         4.420875903                
    -1.963034752        0.3723018205        -1.423444503                
    -9367.387988         22345.08803        -20962.71323                
Si              72                                                      
     3.841792133         8.702986128         2.571288335                
     1.027475595       -0.3622887310         3.925546303                
     31063.86201         15948.80127        -25701.14738                
Si              73                                                      
     8.450280073        -3.469566751         2.247438829                
     2.054929708         1.533379288        -6.426892735                
     31729.01329        -26867.15228        -2047.496630                
Si              74                                                      
    -1.372346653        -6.535836413         4.369651924                
    -4.977274543         4.571891726        -2.970744519                
    -3991.986302        -30934.10162         9298.413684                
Si              75                                                      
    -1.485079992        -3.460245230         4.436445769                
     1.203596256        -1.982759142         3.272978251                
     6.187093256         4040.385968         6545.381993                
Si              76                                                      
     8.673988445        -6.682494071         2.297100640                
     5.588706353         2.315862768         6.404970735                
    -2969.355863         10170.94849        -3730.722728                
Si              77                                                      
     6.066182518        -2.727262317         4.228989947                
   -0.3151411174        -3.299574334       -0.5350565486                
     32627.23985        -6451.303939        -21754.15411                
Si              78                                                      
    -3.755247948        -7.357766960         2.526628769                
    -1.532338281        0.8840795059        -1.010761942                
    -8617.070097         12143.73485        -5431.279251                
Si              79                                                      
    -3.840127415        -2.692787552         2.462308283                
    -2.860294777         1.012532050         2.386181997                
     2066.660871        -26045.23487        -4455.833463                
Si              80                                                      
     6.494496518        -7.576356086         4.314427403                
   -0.6925325348        -2.873885483        0.8959466892                
     4683.048358         2808.285790         6479.477798                
Si              81                                                      
     4.615370255         3.444462055        0.2957969410                
     2.840882576         5.317420684         3.938062973                
     5595.485046         22110.99091         1054.717859                
Si              82                                                      
    -5.613011869         6.673735833         6.364851942                
     5.759426633        0.5842900464         12.40329112                
    -9902.594222        -39035.28658        -4360.639764                
Si              83                                                      
    -5.658528509         3.399285435         6.400746328                
   -0.5086945755E-01    0.5549557201         7.294540878                
     11935.82569         24568.36119        -209.5980045                
Si              84                                                      
     4.583643330         6.570794085        0.4174323286                
    -3.512640742         3.172445271        -3.878419257                
    -30050.06831         33677.11014        -22315.51262                
Si              85                                                      
     7.835460967         3.436037218        0.3608898070                
    -10.32768907        -4.507515991         2.526509697                
     5459.275271        -36608.53564        -26393.38715                
Si              86                                                      
    -2.491195994         6.710271502         6.235206191                
    0.2883017407         1.282426810        -2.454810022                
    -10703.83360        -36636.04983         278.9174060                
Si              87                                                      
    -2.506676257         3.622582016         6.460642628                
    -2.232864288        -3.153750729       -0.6929323002                
    -28995.80664         4785.939381        -10576.73399                
Si              88                                                      
     7.726417535         6.491188830        0.3001292447                
    -3.329709826         7.118175476         6.008788231                
     28940.87475         20576.56614         22910.10329                
Si              89                                                      
     1.503721280        -2.382571160         4.230860623                
     5.373831029         2.815764724       -0.6672523139                
     4011.290218         10435.52039        -16171.43971                
Si              90                                                      
    -8.622551337        -7.476197848         2.406688343                
     5.438245272        -3.322406210        -3.799140642                
    -10500.20496        -26384.44052        -3247.274314                
Si              91                                                      
    -8.713851714        -2.495804271         2.424335539                
     6.680986061         6.932521334        -1.285546172                
    -31263.94064        -22362.98884        -2572.902386                
Si              92                                                      
     1.535124184        -7.618118847         4.337315532                
     5.764820099         1.147293464        -2.199365267                
    -12085.51456        -14297.71892        -4413.613974                
Si              93                                                      
     3.695897373        -3.699637050         2.413402921                
    -2.037850899         5.015617157         4.405967314                
     22619.00458        -2859.730472        -35744.31791                
Si              94                                                      
    -6.358975602        -6.559449888         4.333728193                
     6.223327291         1.734684009         4.757858097                
     9810.394546         18020.87278         9111.124711                
Si              95                                                      
    -6.433462384        -3.390191673         4.188538569                
   -0.3683076459         2.417277619        -6.457038532                
     42991.57940        -26451.80405         33207.40639                
Si              96                                                      
     3.953392634        -6.878073147         2.693303139                
    -4.488875947        -7.000777544         6.833884906                
     13610.43061         23612.83205        -72456.35053                
O               97                                                      
     2.469898737       -0.9760465026        -3.358929570                
    -2.060725040        -1.430317878         5.517652786                
     10474.62611        -12988.74786        -5838.780336                
O               98                                                      
    -7.300602836        -9.219134888        -3.282008812                
    -1.913750956         3.203130934         1.160533771                
    -622.5974403         9736.959658        -3140.575850                
O               99                                                      
    -7.642644612        -1.225090392        -3.404865429                
     8.155400435         6.154981203        -3.623554781                
    -6037.468844         14043.08019        -851.2661515                
O              100                                                      
     2.761099333        -8.924215786        -3.262741031                
     6.926243651        -5.852616541        -2.627385277                
     18214.30294        -1440.059700         4552.911772                
O              101                                                      
     4.093138724        -1.120840501        -1.062429455                
    0.2955789546        -6.427030846         2.972754465                
    -10241.82780         10023.50729        -11973.60171                
O              102                                                      
    -6.039289495        -9.027733450        -5.683906043                
    -3.169549907        -6.451922707         5.522602827                
     1589.647415         456.5152230         19527.35031                
O              103                                                      
    -6.122064822        -1.098986136        -5.697150004                
     5.708457698         3.354455320         3.980691244                
    -16732.81104        -8028.345543        -9996.354547                
O              104                                                      
     4.207962275        -9.207682799       -0.9263246201                
     2.448454507         2.872487950        -2.247846193                
     560.2369381         21545.01711         1254.374763                
O              105                                                      
     4.048057520         1.208017679        -6.437357235                
    -4.525575939        -9.838736221        -2.064737087                
    -18541.06959         725.2975936        -5776.005503                
O              106                                                      
    -6.006539005         8.764876830       -0.2647343936                
    0.2695790734        -10.56959235        -6.486642560                
    -2995.668407        -8847.186977        -17835.56299                
O              107                                                      
    -6.155634723         1.237438982       -0.3790837727                
    0.9598549933         3.757487284        -3.878337536                
     26798.96661        -2139.887286         634.8468994                
O              108                                                      
     4.209944064         8.928898835        -6.534322282                
     4.137491690         6.119563403        -2.971006872                
     1997.416021        -7715.722140        -302.0000585                
O              109                                                      
     8.094899390       -0.9420342339        -1.096224655                
     2.685754445        0.6631779306        0.4805746877                
     18450.80107         7458.001718        -12860.48581                
O              110                                                      
    -1.941991920        -8.719947058        -5.673062100                
    0.7885246209         1.819794119        0.7020236150                
     2022.588989        -18712.13574        -7050.664335                
O              111                                                      
    -1.923857815       -0.8608318927        -5.796985609                
     6.301981301        0.4312274948       -0.2354772328                
     2587.003628        -11658.26877        -9413.219273                
O              112                                                      
     8.262375501        -9.138491274        -1.191774327                
    -4.082346831         7.483884414        -5.688555221                
    -6285.048931         6458.679495         38262.50686                
O              113                                                      
     7.642702725        -1.268376379        -3.517301150                
     2.251087823       -0.9631669871E-01    -2.293864592                
     12602.66777         26590.81413         4039.838068                
O              114                                                      
    -2.295147945        -9.068188198        -3.209899092                
     4.293347970        -4.293043036       -0.5366104295E-01            
     23843.40548        -3830.720132        -9844.158079                
O              115                                                      
    -2.604817410       -0.8579580966        -3.420905237                
     8.749133190         2.038868103         1.464650875                
     18297.00442        -4117.464839         14220.63680                
O              116                                                      
     7.833682127        -9.023064390        -3.642068044                
    0.9951775093E-01     5.853938401       -0.9634667368E-01            
    -33979.90159         4472.968563        -22727.85140                
O              117                                                      
     5.041313804        -1.034693249        -3.451262498                
     7.189347380        -2.602772995         10.62148584                
     2924.028263         7403.854427        -3715.686403                
O              118                                                      
    -4.748775665        -9.013670619        -3.314114585                
    -3.198210116        -2.790192475        -1.509719752                
    -13779.85188         5273.133462        -14371.26099                
O              119                                                      
    -5.129233849        -1.283588728        -3.366714080                
    -3.538249648         2.772367059         1.180295043                
     5132.022691         4177.057881         4326.274349                
O              120                                                      
     5.293258608        -8.926527794        -3.391842439                
    -3.755588543       -0.3816622428        -4.626763235                
    -5510.442094         10593.57856         3011.449638                
O              121                                                      
     2.751281185         3.292274984        -3.517926300                
    -5.922977654         1.577850338         10.05621547                
     774.9408279        -6997.153476         6753.777513                
O              122                                                      
    -7.655018422         7.232911091        -3.501904676                
     2.863149201        -1.819998298        -3.592080942                
     9261.139332        -12762.76805        -10749.65514                
O              123                                                      
    -7.465046183         3.087618954        -3.471299843                
    -7.565113670        -5.548521832        -5.173973914                
     12578.36789        -13974.44451        -25.74001080                
O              124                                                      
     2.657471044         7.037757975        -3.189085902                
   -0.7188761947E-01     4.716209309        0.4509430737                
     5209.148905         13058.01593        -6929.359137                
O              125                                                      
     4.082145106         3.205142307        -1.156654528                
   -0.3186440854         3.026680359        -4.530568774                
     2015.763964        -20680.32497        -11417.53233                
O              126                                                      
    -6.193588686         7.086858050        -5.825143544                
    0.8815784731        -7.716786480         3.495431454                
    -8713.282743         4269.337952         17126.15030                
O              127                                                      
    -6.127634101         2.863476363        -5.732712219                
     4.000913401         1.847348979         1.836643158                
    -4187.317336         9777.529468        -20675.87296                
O              128                                                      
     4.156695846         7.020390382        -1.080758504                
    -10.63538586         1.633722404         1.455352256                
    -2783.842488         7617.477415         23720.12073                
O              129                                                      
     4.197407041        -3.306655153        -6.402263065                
     4.987372740        -3.460025701        -11.64910842                
     8352.333103        -2645.320985         5255.960091                
O              130                                                      
    -5.844422371        -6.733816986       -0.5487145821                
     14.77868398       -0.7744358795         4.188775548                
    -13090.89466        -11130.85011         33.00131531                
O              131                                                      
    -5.958593510        -3.392340448       -0.4199778090                
   -0.3530099241E-01    -9.147878168        -11.64353588                
     10889.12826         5945.653674        -6256.217583                
O              132                                                      
     4.219767539        -6.719709140        -6.474430591                
    -15.06128353        -2.415584343        -2.398794165                
     7784.112688         7395.520362        -497.5521124                
O              133                                                      
     8.324254757         2.902657778        -1.114610289                
   -0.7684123672         2.955210591         11.03407902                
     1095.959051         3836.991713         6464.387427                
O              134                                                      
    -1.790586182         7.029887601        -5.972342287                
     2.231399794       -0.6140871262         2.089400966                
     7972.118447         10986.37974         14023.36960                
O              135                                                      
    -1.949714512         3.291912245        -5.716386414                
     5.009436277       -0.1393603774        -9.160218523                
     28525.06510         343.4056886         27929.67471                
O              136                                                      
     8.309623653         6.974999982        -1.068391521                
    -3.866007705         5.874479563       -0.2911069619                
    -7911.719681        -10051.79643        -9826.614606                
O              137                                                      
     7.730744604         3.163902397        -3.651613237                
    -6.049055804        -3.418140567         1.800582192                
     11237.40343        -15830.25438         10959.74059                
O              138                                                      
    -2.480531645         7.151511767        -3.510405996                
   -0.7968259615         1.640791259        -6.826836708                
     18451.02527        -7825.168851        -18271.35894                
O              139                                                      
    -2.392001188         3.119697524        -3.121152666                
     6.122789893        -1.367220256        -11.30452363                
     20010.06333         17139.61336        -13350.65991                
O              140                                                      
     7.706815514         6.796739755        -3.589490937                
     1.996149997        0.3422981755        -2.917503311                
    -6091.841057         5689.568436         576.3968618                
O              141                                                      
     5.224777680         2.987842923        -3.541307366                
    -5.640276529        -3.290253723         4.855439896                
    -20501.74913        -7052.190838         20392.91464                
O              142                                                      
    -5.058407195         7.065218472        -3.536190655                
     1.153797629         8.936507792        -15.67099325                
    -12529.69843        -2887.274866        -4266.454862                
O              143                                                      
    -4.831073467         2.946050419        -3.584829962                
    -1.724958648        -5.107694163         2.472154152                
    -5530.737414         11624.25734         26899.75921                
O              144                                                      
     5.159841827         6.835194932        -3.366121943                
    -4.935356754         5.886844548        -12.58194053                
    -9572.108096         16052.57230        -1350.678992                
O              145                                                      
     3.790130041         1.055847459        -2.555159754                
    -13.89112667        -8.564690383         1.694353231                
     3134.720621        -9994.192977         3865.997411                
O              146                                                      
    -6.002469990         9.140957571        -4.253295167                
    -3.598369748         6.897490683        -3.674808322                
    -14230.79763        -35378.27677        -10539.80434                
O              147                                                      
    -6.258731185        0.8304456878        -4.201515280                
   -0.3145394338        -3.277396087        0.6887783551                
    -14933.22858         7494.533974         10353.30229                
O              148                                                      
     4.104688998         9.196490934        -2.557925890                
     6.764365323        -8.206329837         4.587664589                
    -6751.073087        -17005.33164        -9459.278613                
O              149                                                      
     8.775958935        0.9141974713        -2.802573700                
   -0.9960039266         6.181751740        -13.31853325                
    -7910.632414        -6046.202637         6930.348135                
O              150                                                      
    -1.167467013         9.170515218        -4.576896805                
    -3.488214544         4.421944238         7.134825665                
    -10736.00716        -19646.20401        -2358.643070                
O              151                                                      
    -1.333084003         1.176298245        -4.442910257                
    -1.401574382         4.016204691        -4.154871548                
     7879.980419         1615.133608         14443.47440                
O              152                                                      
     8.808065614         8.987422187        -2.588394928                
   -0.4085945809         8.564098659        -4.449260892                
    -4302.588001         5262.257816        -8809.066615                
O              153                                                      
     1.880154839        -2.604665973        -5.458932813                
   -0.6931330927        -1.663607667         7.718828721                
    -1588.139425         13022.60255         8624.824545                
O              154                                                      
    -8.143596511        -7.674600672        -1.346894594                
     3.764704751         1.318778025         10.68875442                
     7516.414243        -1695.738090        -13855.99378                
O              155                                                      
    -8.265152489        -2.424506810        -1.234332058                
   -0.9785541525        -5.207211690         4.119381155                
     2797.007607        -6825.936311        -3453.849667                
O              156                                                      
     2.128027062        -7.506246297        -5.327130551                
    -4.427519186        -4.798952502        0.2091649828                
    -2728.544638         5051.879970        -6108.734879                
O              157                                                      
     1.894192509       -0.4019267759E-01    -5.582571977                
    -5.904107619         10.10744486        -3.196348816                
     15727.38351         5124.632911        -18421.43342                
O              158                                                      
    -8.127946180         10.05443976        -1.195027073                
     8.294567240         3.660779598         6.800651351                
     5958.599060        -27246.81706         23837.04056                
O              159                                                      
    -8.159711717        0.5741768321E-01    -1.225592864                
     11.27773183        -2.167546773        -11.25773112                
    -10079.19145        -4556.204735        -13990.43929                
O              160                                                      
     2.346224133        -9.908960108        -5.583715645                
    -4.365945340        -7.396371298        -7.266714571                
    -6260.134993        -6832.140026        -356.0070945                
O              161                                                      
     1.953971634         2.532370384        -5.647748597                
    0.5984677293        -1.186764611         2.244160214                
     12035.33400        -2621.507541        -25313.35189                
O              162                                                      
    -8.110843945         7.558109956        -1.225988262                
    0.5032207658         4.507535769         4.342998634                
     6532.461063         6457.590193         22147.80606                
O              163                                                      
    -8.104756194         2.689340367        -1.123641350                
     4.660415672        -2.034560927         6.297887561                
     1599.576789        -41261.64587         15017.24691                
O              164                                                      
     2.055433418         7.769913754        -5.515683807                
     8.239088145         2.257872629         1.669600806                
     13677.67881         7924.601996        -5980.492120                
O              165                                                      
     6.375073480        -2.452224173        -5.300089924                
    -5.063497798        0.3098545697       -0.9473042504                
    -18258.57206        -3059.016774        -6528.170643                
O              166                                                      
    -3.657870033        -7.625893473        -1.423496896                
    0.6972124742        -1.006264938        -3.525005165                
     1552.318515         24078.95130         5982.247495                
O              167                                                      
    -3.724471617        -2.524614181        -1.566169137                
    0.3958877741       -0.4501638144E-01    -3.566351839                
    -1072.040641        -6081.583409        -4078.879505                
O              168                                                      
     6.301553532        -7.567753399        -5.390605020                
     7.527496618        0.3299913697        -1.018694012                
    -1265.148084        -12195.98133         23678.66661                
O              169                                                      
     6.107669359        0.4306353342E-01    -5.487155848                
    -2.927756657        -5.351780836         6.628009849                
     1908.230236        -28950.98396         24446.71716                
O              170                                                      
    -3.886981798         10.03099708        -1.322439989                
    -1.271091620        -4.151679228        -1.105819051                
     2298.611725         389.7111961         3088.844333                
O              171                                                      
    -4.180586096       -0.4695065274E-01    -1.458905083                
     11.44100657         1.205566383        -6.191207680                
     8051.882494         11399.82160         2320.690668                
O              172                                                      
     6.232340073         10.05076459        -5.404527545                
     2.217509706         12.67736884        0.7963038019                
    -8792.192062        -9986.374718        -6622.175445                
O              173                                                      
     6.168469220         2.433206116        -5.609756436                
     4.001888090        -1.231934058         1.859077248                
    -8844.282731        -17781.51890        -37744.57167                
O              174                                                      
    -3.807631401         7.537623607        -1.394107910                
    -4.503414610         2.916580880         2.108483828                
    -16413.34724         13939.70073         26054.30455                
O              175                                                      
    -4.127706467         2.613985859        -1.201119705                
   -0.6147320229         11.66643772        -11.23634410                
     1353.688015        -1869.993203        -10149.55727                
O              176                                                      
     6.054766420         7.448845937        -5.530994663                
    -3.485098022         3.341941099        -4.296011794                
     2022.496037         15982.88600        -9535.776480                
O              177                                                      
    -10.04972590        -1.022032571        -2.427177190                
    -2.166338737         12.27321904         4.949901184                
    -21655.92684        -4503.425562        -10483.58990                
O              178                                                      
    0.2936034621        -9.039224050        -4.249964611                
    -4.801025181        -2.843511270        -1.264754027                
     3687.326082         506.4608781        -8621.071488                
O              179                                                      
    0.4390437363E-03    -1.038337342        -4.294216122                
   -0.9521181295         5.307244329       -0.8831847153                
     9174.452426        -9418.019395         5501.574556                
O              180                                                      
    -9.954107940        -9.056322755        -2.695520413                
     1.881464590         2.517617486         2.871630838                
    -438.3312838        -10321.39535         12942.82568                
O              181                                                      
    -10.03679572         3.001511071        -2.657822812                
     3.314139908        0.3053268900       -0.5736847777E-02            
    -1429.475807         2634.546939        -1588.144218                
O              182                                                      
    0.1109022051         7.042268698        -4.057992341                
    -7.399580487        -7.572413451        -4.616294532                
     12319.43464        -5730.892690        -17467.05397                
O              183                                                      
    0.2077170456         3.213725104        -4.149723009                
     9.746328603        -8.228986130        -1.396481622                
    -21200.80059         14657.33475        -6055.740116                
O              184                                                      
    -10.09926093         6.889805951        -2.672356625                
     1.875295410         7.855413046        -10.39260119                
     25475.65488        -11673.65462         672.6022712                
O              185                                                      
     1.716374049         5.241676526        -4.746648959                
     1.244022977         2.097932255        -3.410138296                
    -2245.190800        -21449.84236        -5980.437183                
O              186                                                      
    -8.454444152         5.037010586        -2.156506521                
     11.00113419        -2.487709801        -2.349352611                
     437.8400735         27928.67334        -9339.440957                
O              187                                                      
     6.328517887         4.923092846        -4.721111353                
     2.696039501        -2.497217165        -6.751728625                
    -1826.953060         27833.22851        -2578.397429                
O              188                                                      
    -3.874885091         5.155956049        -2.464853696                
    -2.425593219         14.24918056        -3.761764432                
     15888.96395        -17818.68446         2896.541507                
O              189                                                      
     6.137933456        -4.987945502        -6.238430606                
    -3.714663470        -7.597762916         6.301072317                
    -13516.77240        -16595.42982         14646.92020                
O              190                                                      
    -4.171381847        -5.072321165       -0.6903109599                
   -0.2023509041         10.55957493         3.137859319                
     17965.09292         14804.15496        -16866.69403                
O              191                                                      
     2.432948231        -5.023018246        -6.469849310                
     7.161530915         2.506219089         3.150854921                
    -6374.047834         8120.657084         1201.420032                
O              192                                                      
    -7.734704884        -5.034636673       -0.6131011924                
    -11.55312884         6.547809094        -3.094936389                
     1651.660620        -23080.43143        -5851.677717                
O              193                                                      
     7.409109214        0.9755699512         3.438805513                
    -7.954163484         4.220493936        -3.053556191                
    -9883.125308        -9799.070423         5701.413087                
O              194                                                      
    -2.673572078         9.255580732         3.313979184                
    -3.888785588         10.66714263        -1.471111647                
     8077.864492         13.86373083         19596.62773                
O              195                                                      
    -2.648153974        0.9157292179         3.385789820                
    -9.109895667        -3.187018130        -5.376440469                
     11409.94177         4852.460427         2998.102537                
O              196                                                      
     7.639103868         8.968210020         3.431027528                
    -4.379253173        -9.507682508         13.68896190                
    -1547.144494         3782.294570         7895.018270                
O              197                                                      
     6.040563189        0.9431111104         5.651928434                
    -2.536108679         1.479906037         3.320750425                
    -14286.66648         9562.772637         18511.61168                
O              198                                                      
    -4.120648679         9.090873122         1.085171051                
     1.832303786         2.165126225         4.353772827                
     14889.22485        -12992.21234         1765.435265                
O              199                                                      
    -3.863879930        0.8757267716        0.8815029941                
     7.664682603         4.449482228         3.681769944                
    -17037.97341         3426.067446         29755.04340                
O              200                                                      
     6.382957586         8.933283141         5.852789210                
   -0.5788496988E-01    -4.214556649       -0.4938117254                
    -188.9980366         7871.121260        -30448.38216                
O              201                                                      
     6.039161165        -1.090011150        0.4795304270                
    -7.326641116         1.702659636         4.354170112                
     21953.78622        -4995.121738        -2704.422801                
O              202                                                      
    -4.156920336        -8.714985237         6.296743664                
    -7.344578516         6.642008303         1.341577160                
     11042.20953         1225.286139         12831.08224                
O              203                                                      
    -4.065746340        -1.410133608         6.407967413                
     1.518237994        -6.092824381         9.223206432                
    -18218.07524         15236.84719         2269.029286                
O              204                                                      
     6.251517106        -9.046429516        0.4633431653                
    -10.66933588         3.723295869         3.971483725                
    -1114.362436        -1070.182531        -2269.348178                
O              205                                                      
     1.897011611         1.127455242         5.617405509                
   -0.9686393088        -4.864983787         8.775896757                
     19173.13030         12476.12502         48416.64417                
O              206                                                      
    -8.189071714         8.888498634         1.118979274                
     2.282465575         7.848301597         5.831408402                
     455.1052081         12364.36264         13992.15356                
O              207                                                      
    -8.228598299         1.115109333         1.122797111                
    -1.730545727        -1.696331484         7.094763708                
    -12407.81592         2246.237038        -15764.75641                
O              208                                                      
     1.972915890         9.038850419         5.724456971                
   -0.1890712142        -1.514030024        0.5602259207                
    -6281.799560         3681.743826        -5843.072418                
O              209                                                      
     2.251549982         1.168431312         3.092891905                
     4.479489734         2.455476469        -3.208739554                
     22367.96962         9745.249091        -12639.88007                
O              210                                                      
    -7.711654940         9.071437817         3.681235854                
    -3.636019017        -1.470851771         5.498883821                
     2750.598596        -6791.086603        -3436.521856                
O              211                                                      
    -7.558562220         1.154160058         3.575340188                
     5.350543018         2.916078590         3.756177901                
    -19590.39391        -19877.04452        -59.69372473                
O              212                                                      
     2.526791455         8.948647406         3.310591408                
   -0.2410732143         10.27524080        -1.020496632                
    -14408.22407        -3338.955298         7410.512512                
O              213                                                      
     4.820863151        0.9041487401         3.237196901                
     3.582698620        -2.202794364         10.86333825                
     16493.47646        -1071.588444         28981.90356                
O              214                                                      
    -5.182635711         9.360275597         3.465035403                
     4.536751254        -1.091492264        -4.311223532                
    -8589.680539        -11196.36728         3544.413500                
O              215                                                      
    -5.123210835        0.8163216445         3.275531363                
   -0.7698352891         3.177233876        -2.442997822                
     9661.323254        -3778.347531         4826.423868                
O              216                                                      
     5.135729825         8.791232336         3.535781703                
    -7.468015020        -6.050470478       -0.5937403992                
    -10085.85179         888.0436885         11887.27636                
O              217                                                      
     7.393860500        -3.057137850         3.333951949                
     8.288575923        -2.729078634        -3.175372271                
    -5404.219439         908.9962071        -999.4791214                
O              218                                                      
    -2.429260621        -6.851399776         3.234970737                
     6.026082385         10.67031776        -1.919709275                
    -4820.265926        -1314.452077         4298.019319                
O              219                                                      
    -2.608813966        -3.176445872         3.363990499                
     3.454548975       -0.1094370508         1.255606043                
     6506.010958        -1581.106063        -11481.95055                
O              220                                                      
     7.737011291        -7.022278662         3.555955822                
    -5.578649550        -1.526714452         2.956956678                
     4566.024948        -8488.305007        -8974.705209                
O              221                                                      
     6.207206508        -3.218086638         5.659477529                
     3.075412831        0.4730677205        -3.416889561                
    -13500.46739        -4895.699143         36937.05095                
O              222                                                      
    -3.815249555        -6.809657474         1.028989361                
     15.43791951        -5.192995544        -2.701934753                
    -7479.918196        -7752.752740         9608.602966                
O              223                                                      
    -3.786065775        -3.168713710        0.9402979801                
    -8.053423562       -0.6941156298E-01     3.823449888                
    -8486.922172        -4918.901963         16.28755351                
O              224                                                      
     6.402330760        -7.003548823         5.803947245                
    -3.211231300       -0.6786717780        -3.500927580                
    -7188.759263        -14157.65956        -20996.20666                
O              225                                                      
     6.269472434         3.216183247        0.2593707991                
    -18.72355256        0.3845973716         9.384512966                
    -33349.22906         20887.68031         11346.26842                
O              226                                                      
    -4.065459347         6.914085895         6.329178310                
    -12.09502479        -3.602935189        -3.408810122                
     12465.15920         1397.259904         2721.854150                
O              227                                                      
    -4.085135455         3.445331468         6.438473849                
     3.845333454         2.874082463        -2.706646897                
     3582.893682        -9903.042598         5820.326292                
O              228                                                      
     6.133504100         6.615231718        0.3131840683                
     6.209098897        -4.440126475        0.1014432752                
     29726.42000        -3059.401372         14201.54664                
O              229                                                      
     2.172048544        -2.788559765         5.577288465                
     6.074860515        -1.741077431         2.575588444                
    -116.2643404        -20463.59189         33684.64670                
O              230                                                      
    -7.993962901        -6.959417783         1.060732292                
     6.950910357        0.6994429171        -3.573510634                
     16019.13644        -10125.00309        -19438.89864                
O              231                                                      
    -8.074230644        -3.129790016         1.115222647                
    -3.070515025       -0.6193820716         8.410366542                
    -8233.484081         13027.50065         428.1658633                
O              232                                                      
     2.045371125        -7.066479028         5.700586950                
   -0.2111919609       -0.4140332503        -1.831914280                
     6975.234925        -5984.000861         11207.70890                
O              233                                                      
     2.460310420        -3.085378882         3.154170597                
   -0.3529770904         3.937394573         4.770861482                
    -7879.737338        -6030.958774         3080.332042                
O              234                                                      
    -7.629265222        -6.936234938         3.522575866                
   -0.4932410063        -5.567575703        -1.997205552                
    -15409.73033        -5259.349537        -8295.712054                
O              235                                                      
    -7.715998360        -3.011267561         3.503050838                
     1.635086565        -2.718980148        0.3434029815                
    -17101.81235         11430.96324        -5190.160695                
O              236                                                      
     2.629432823        -7.238932213         3.320476776                
     5.110775973         5.437914370        -4.500929527                
    -8698.128968         3889.002118         12452.35531                
O              237                                                      
     4.921913596        -3.357124045         3.353342456                
     10.64876123        -9.514954085       -0.7547015152E-01            
    -7335.896301         5150.747724         8830.697741                
O              238                                                      
    -5.107875514        -6.920770480         3.386691724                
    -3.011769739        -8.970128802         2.972554615                
     19422.06140        -4038.783480        -3404.491285                
O              239                                                      
    -5.147586135        -3.139287778         3.247582625                
     1.193119507         1.512220309        -4.274550902                
    -7322.932366         5749.382046        -2604.866928                
O              240                                                      
     5.190350702        -7.055078175         3.549886992                
    -9.513987180        -17.46311694         6.934460500                
     16184.84742        -8902.058370         24299.15947                
O              241                                                      
     6.017862642        -1.162970916         4.387930194                
    -5.017074381        -4.893358488       -0.7011488794                
    -5027.625307         14135.22455        -15138.80125                
O              242                                                      
    -3.746403441        -8.927544768         2.409687114                
     3.102476652         3.128848081        -3.870353838                
    -10940.62419         1337.128263         8515.066424                
O              243                                                      
    -3.859192492        -1.152599532         2.365659822                
    -5.800539829         2.343322331        -11.24330979                
     7274.107706         8228.131472         9659.201508                
O              244                                                      
     6.385671095        -9.189113376         4.214818014                
    -7.805834298         3.613882289        -11.68859277                
     1191.664961         4794.391209         15541.09684                
O              245                                                      
     1.407060002       -0.7905123533         4.209337622                
    -7.226591190        -3.403572458        -3.822668270                
    -5124.933954        -20675.62800        -476.6665155                
O              246                                                      
    -8.731262162        -9.168491481         2.616402453                
    0.7317917303         7.003081537        -1.809727292                
     10829.57063         32974.89723        -12695.82602                
O              247                                                      
    -8.621982800       -0.9147831731         2.499481441                
    -7.086470208         1.080748013        -3.033265683                
    -10011.02879        -3910.439332        -1867.152696                
O              248                                                      
     1.453350261        -9.209754891         4.237660118                
     11.55439234        -1.822485157         2.850575408                
    -1021.907027         33821.50603         7104.051620                
O              249                                                      
     8.295894535         2.420125690         1.466818300                
    -16.25367036         6.034706682        -2.850812663                
     6454.711321         8373.175559        -2005.797299                
O              250                                                      
    -2.040875140         7.699886359         5.140361263                
     16.97372728         2.100321996        0.3653701993                
     4950.339086         3366.125911         16193.66765                
O              251                                                      
    -1.995271367         2.701380442         5.331830500                
    -2.913204209       -0.1914946763        -2.462277072                
     15794.76643        -22704.41443        -6031.234380                
O              252                                                      
     8.335216589         7.501747783         1.458516063                
    -1.483125008         3.409948899         1.642351351                
    -24384.21355        -30030.20979        -20918.27940                
O              253                                                      
     8.222802084       -0.9736483546E-01     1.377319239                
    -1.739048019         1.874029876         9.884700696                
     6374.455979         7769.917104        -3608.094909                
O              254                                                      
    -2.015148797        -9.889162299         5.626057087                
     3.197768454         4.527348887        0.6983689546                
     3234.228354        -19613.85771        -10681.75138                
O              255                                                      
    -2.161357013        0.2236371468         5.614502779                
     10.70021731         7.821201276         1.159789190                
     14768.80287        -14187.23816        -6301.373033                
O              256                                                      
     8.393385523         9.921268342         1.172917442                
    -3.752017093        -4.381312540         6.006153549                
    -9496.257796         7772.902408         5834.179509                
O              257                                                      
     8.032043554        -2.562279178        0.9812707540                
     3.132419052         7.210699908         2.345178862                
     9931.973202        -4785.766554         14358.17719                
O              258                                                      
    -1.971282913        -7.422731825         5.554596812                
     10.00535319         3.864441809         2.679608634                
    -4916.291687        -9505.738993         5638.094724                
O              259                                                      
    -2.023043570        -2.487770878         5.553428655                
     6.258637753        -9.271260388         8.232499955                
     15649.75888         24066.92285         12832.70617                
O              260                                                      
     8.246734264        -7.725821050         1.222415512                
     6.067694508        -13.30319351         7.861095870                
    -19486.87385        -13229.97710        -15522.83124                
O              261                                                      
     3.962617846         2.460081660         1.367793408                
    0.2764728045         6.965410732        -1.947885203                
     2747.302414         2977.689055        -8622.957144                
O              262                                                      
    -6.214821369         7.638460094         5.318121324                
    -3.051270101         8.319098162         5.228435071                
     1231.503254         21348.49180        -22894.07448                
O              263                                                      
    -6.028366378         2.314463806         5.298080136                
   -0.5513541817         3.788997748         7.320755905                
    -2793.699870         10632.71665         9832.391235                
O              264                                                      
     3.939624812         7.542370353         1.543379985                
    -3.184036680        -8.294719611         4.875369487                
     11595.08221        -30357.45401        -5188.385077                
O              265                                                      
     3.847856065       -0.1439115470         1.370443485                
     7.355920842        0.4285550702         13.07338624                
    -3736.327061         5060.998737        -15864.57014                
O              266                                                      
    -6.223026665        -10.01693509         5.540488334                
     3.666778375         8.209678736         2.573399816                
    -1988.322326        -12580.39583        -4467.526821                
O              267                                                      
    -6.057576049       -0.1479507357         5.453976896                
     9.320028445        -4.740756416        -8.264122150                
    -7324.982345         2743.681161        -4966.419435                
O              268                                                      
     4.258448784         9.865904692         1.530032724                
    -2.172037108        -8.613526806        -2.994697258                
    -7115.560180         6285.217808        -562.0341438                
O              269                                                      
     4.023706067        -2.633466095         1.171341858                
     3.097724433         10.87835933        0.4851214109                
    -4430.045548        -25658.34101         14966.53485                
O              270                                                      
    -6.255793257        -7.583263566         5.571203505                
     1.904210320         2.843741031        -3.709606984                
     857.7648298         22930.28128        -7322.454428                
O              271                                                      
    -6.165558105        -2.557632429         5.526150399                
     4.300386936         2.489525736        -4.305614897                
    -10892.71338         5293.288328        -5877.484320                
O              272                                                      
     4.225542894        -7.895027247         1.460085673                
    -6.143295473        -2.287682111         3.400719854                
    -7178.584251         19694.88768         9387.821545                
O              273                                                      
   -0.1665806744         1.279921976         4.191482235                
    -12.32278437        -12.52061491         3.126768074                
     1387.113901        -13209.71403         11737.89842                
O              274                                                      
     10.14836771         8.916029773         2.560768706                
    -5.431144551        -9.501038412        -3.474069743                
    -6237.373099        -22.62622648         18510.78474                
O              275                                                      
     10.02504861        0.9788786014         2.775037702                
     8.950973379        -4.493111500        -6.559466810                
     20766.02631         5081.559710        -10357.00399                
O              276                                                      
   -0.1286880850         9.068882596         4.187568324                
     7.470144552        -1.205611912         4.244857836                
    -15659.84878         7130.340774         10482.57373                
O              277                                                      
    0.2730020216E-01    -2.907651458         4.153756986                
    -5.998892666        0.3131927118        -5.539707396                
    -17379.74910        -11092.21662         5100.623437                
O              278                                                      
     10.16112998        -7.094649386         2.303686887                
     5.505990098       -0.6159512089E-01    0.2033902138                
     25775.82515         6675.720866         25997.87274                
O              279                                                      
     10.05353746        -3.079237918         2.531650703                
    -9.600559748         6.701156885        -1.094733145                
    -5716.815716         16200.46838        -9961.285787                
O              280                                                      
    0.1195550413        -7.042974662         4.191920400                
    0.6189559711        -3.095187435        -2.415832724                
    -15301.78776         3981.424824        -7823.736453                
O              281                                                      
     8.518018969        -5.138961027         2.095555221                
    -1.289756114        -6.675199513         6.013339811                
    -6840.483418         35119.53763         2374.543656                
O              282                                                      
    -1.340554248        -5.056617667         4.658385002                
    -12.21688190        -1.341543207        0.4058749379                
    -1754.709945         46225.24142        -6077.658470                
O              283                                                      
     3.854133932        -5.322134091         2.201991463                
    0.4414053256         2.495915305         2.937130716                
    -17008.91336         15653.24128         17988.05285                
O              284                                                      
    -6.384815759        -4.930229767         4.546782153                
    -2.845221047        0.2447473728        -9.214836736                
    -2266.731581        -29300.32863        -7836.064053                
O              285                                                      
     4.348339023         5.083627458        0.5136343070                
    -6.590851387         2.658171210       -0.3508082997                
     6973.076834        -58398.80638         15509.83802                
O              286                                                      
    -5.779992550         5.046375919         6.181758553                
     8.217570529       -0.9035020773        0.7198505930                
    -16030.59112        -4183.376488         8677.601447                
O              287                                                      
     8.144596786         4.930316902        0.5472824881                
     2.917002644        -4.206439569         8.736375255                
    -20913.79441         25915.10543        -6946.809192                
O              288                                                      
    -2.305036122         5.116221699         6.103145141                
    -7.376983236        -1.291576704        -3.737151230                
     7685.411391         30746.59171         5553.169878                
C              289                                                      
   -0.6908114677         3.565934810        0.4840527729E-01            
     2.234674711       -0.3641869018        0.3246292119                
    -46.10355547        -2.260723516        -145.5282617                
C              290                                                      
    0.3192371862         3.162115604       -0.8328696651                
     2.919932998         1.161239231        0.4110356639                
     76.88568513        -94.65208280         9.901284872                
C              291                                                      
    0.5925198678         1.800213804        -1.007626809                
     3.183805101         1.471019523        -1.590477148                
     144.8883328        -116.5275400        -94.43405849                
C              292                                                      
   -0.1442461040        0.8421312076       -0.3011090103                
     2.762418918        0.2553736835        -3.678396413                
     55.90000394        -66.65248180        -161.7375432                
C              293                                                      
    -1.154294759         1.245950414        0.5801659330                
     2.077160631        -1.270052451        -3.764802863                
     2615.937939         232.4549226        -529.4868901                
C              294                                                      
    -1.427577441         2.607852214        0.7549230766                
     1.813288528        -1.579832743        -1.763290052                
     720.8365230         451.0201648        -100.6533696                
H              295                                                      
   -0.9016295368         4.616544771        0.1832179313                
     2.031116231       -0.6031602707         1.868653383                
     53.30064570        -1.992122177         91.62010071                
H              296                                                      
    0.8876139161         3.901212464        -1.377910778                
     3.245011467         2.099045774         2.021734175                
     103.8984095         84.37190726         31.38400730                
H              297                                                      
     1.371714668         1.488700702        -1.687480576                
     3.712442050         2.647799436        -1.523802808                
    -618.9898498        -34.75547937         16.09249499                
H              298                                                      
    0.6657196469E-01   -0.2084787531       -0.4359216641                
     2.965977398        0.4943470520        -5.222420582                
     11.91635184        -6.814066496         73.52224914                
H              299                                                      
    -1.722671488        0.5068535535         1.125207045                
     1.752082162        -2.207858993        -5.375501375                
     6524.309481        -837.1857607        -787.8385302                
H              300                                                      
    -2.206772240         2.919365315         1.434776844                
     1.284651579        -2.756612655        -1.829964394                
     98.61995166         109.0055397        -104.1441039                
