Diffusion in Zeolites. ZSM5 (Silicate) Crystal Structure, Si(96)O(192) +
         2         2       300     13334   1.0000000E-03   1.3334000E+01
       20.3183600000        0.0000000000        0.0000000000            
        0.0000000000       20.1714600000        0.0000000000            
        0.0000000000        0.0000000000       13.5858629500            
Si               1                                                      
     1.616510261        -1.276259615        -4.592523491                
     4.703506237        -6.075515264        -2.654740397                
    -7186.324547        -4256.824687         10743.71692                
Si               2                                                      
    -8.516273732        -8.893624869        -2.125218673                
     5.444482594        -4.079294458        -3.101081848                
    -13804.38194        -29201.90280         1276.178785                
Si               3                                                      
    -8.604680513        -1.290778019        -2.323891228                
     2.835575773         7.538327885        -4.552001406                
    -16609.83218        -24251.31620         17534.31129                
Si               4                                                      
     1.713329715        -8.916441244        -4.770129114                
    -6.689724839        -1.625151562        -4.231062136                
    -28391.94408        -9890.937284         16406.18909                
Si               5                                                      
     3.952742216       -0.5525731587        -2.728911512                
     2.980937439       -0.3177114453         5.225566414                
     8679.547667        -3774.314769         24380.57996                
Si               6                                                      
    -6.279607268        -9.456621682        -4.229250820                
     2.245991350        0.4025661761        -4.993633134                
     9550.286476         4172.283386         939.7410266                
Si               7                                                      
    -6.324386207       -0.6678465445        -4.257253843                
     1.895584766         5.109426065         8.321200702                
     7747.158380        -31681.26279        -218.4395484                
Si               8                                                      
     4.015814564        -9.487473439        -2.745343983                
   -0.2359152537E-01     4.560895408        -5.339698437                
    -5165.419703         13529.43429        -6514.530146                
Si               9                                                      
     5.688387797         1.289497925        -6.467063444                
    -2.111595638        -8.195839420         7.276825643                
     25952.51460         26819.82856         13955.06448                
Si              10                                                      
    -4.394403353         8.799145933       -0.5471137239                
    -3.501783551        -2.113118219        -8.607124946                
    -5212.165261         105.4880423         60054.93011                
Si              11                                                      
    -4.503613832        0.9929290097       -0.4104205319                
    -3.666605482         6.084581162         1.435517632                
     16331.66718         17224.83594         8170.737899                
Si              12                                                      
     5.704588472         8.829263901        -6.563182874                
    -8.745182433        -3.441565478       -0.7081682369                
     499.1383740         28433.78589        -13246.82232                
Si              13                                                      
     2.465682789         1.192683669        -6.452059008                
    0.1018838924         1.493450825         6.129091950                
     5851.718760         25271.32978         25699.88014                
Si              14                                                      
    -7.639327448         8.806145117       -0.3068644257                
    -3.882004236         8.200899647         2.532112699                
     42617.62164        -3061.485655         20253.53356                
Si              15                                                      
    -7.700512253         1.168321593       -0.4739301620                
    -7.060303193         4.049722046         1.511990306                
     15745.38694        -8255.161793         1309.898060                
Si              16                                                      
     2.542591031         8.625440964        -6.381708601                
    -1.665249740        0.6934763908        0.5771311421                
    -7187.495007         30352.22096        -23879.22453                
Si              17                                                      
     8.725763754       -0.5317064415        -2.814370643                
     1.325631586        0.6839474927        -7.331574944                
     4231.299522        -27975.90186        -288.8383604                
Si              18                                                      
    -1.269219499        -9.536263738        -4.277028791                
     2.554857292         6.899551028        -2.500859142                
    -29613.57546         24454.52192         22046.70551                
Si              19                                                      
    -1.435448592       -0.6724911438        -4.232327523                
    -3.333572225         4.435953488         4.474827785                
    -5924.048172        -16645.10343        -4699.795192                
Si              20                                                      
     8.713997676        -9.547062196        -2.600305634                
     2.508742975        -9.097608297         3.010857796                
    -1199.829091         11184.90206         9498.982841                
Si              21                                                      
     6.393419381        -1.203947363        -4.658482356                
    -5.542029184        -6.060856745        -6.748646668                
    -17770.46823        -14084.16670        -17786.98138                
Si              22                                                      
    -3.735166678        -8.929659501        -2.364618736                
     2.565875986        -5.108293531       -0.2364503443                
     9936.766894         30119.62161        -6307.682898                
Si              23                                                      
    -3.817455279        -1.362388202        -2.321560566                
    -6.217439308         1.832042456        -3.207161986                
    -7917.706973        -5464.926532        -21860.41254                
Si              24                                                      
     6.442445698        -8.881515435        -4.657899259                
     2.823900330        -7.777249444        0.8152504415                
     12158.31605        -11228.92519        -26611.59392                
Si              25                                                      
     1.544888385         3.443260549        -4.434798698                
     2.564218477         6.721369156        -1.497084399                
     9768.334938        -25486.80095         14868.45045                
Si              26                                                      
    -8.421654332         6.687409523        -2.384813345                
    -3.742992569         3.069450950         6.658379829                
    -24018.94680        -25501.07263         19969.30652                
Si              27                                                      
    -8.429703079         3.572468102        -2.437952104                
     1.972198472         1.076633242        0.4675086441E-01            
    -28833.75588        -2879.633244         7687.258890                
Si              28                                                      
     1.569666624         6.510417431        -4.269705041                
    -1.122717857         3.619213904       -0.3410611908                
     6416.950581         20878.78570         27067.20309                
Si              29                                                      
     4.077093842         2.666192779        -2.707253426                
     8.897558618        0.6509786661        -6.925632363                
    -16337.54446        -14208.31135        -5924.549385                
Si              30                                                      
    -6.117731730         7.525955748        -4.242511898                
    -5.832543601        -1.173067252        -5.095402843                
     11112.06251         18963.57643        -1364.266617                
Si              31                                                      
    -6.145934256         2.519672587        -4.263007867                
     1.966446159         1.202952185       -0.5725900001                
    -3447.457692         10755.97991        -28690.61144                
Si              32                                                      
     4.154680633         7.500462851        -2.566054290                
     3.899750176        0.8253557710         1.824639927                
    -37273.49419         19634.76204         272.8485652                
Si              33                                                      
     5.733691468        -3.526547414        -6.631842758                
    0.5234025026        0.4400077748         1.423865476                
    -4541.368108         2712.787580         7793.763063                
Si              34                                                      
    -4.373799829        -6.716490529       -0.2055114700                
     5.461234097         4.822413558         1.729828645                
    -15309.80495        -20475.42534         12149.99964                
Si              35                                                      
    -4.441725640        -3.556128445       -0.2834482429                
     4.969900399        -6.134206220        -6.048526381                
    -15406.44324        -17504.88004         9629.430858                
Si              36                                                      
     5.628693534        -6.589060438        -6.629242245                
   -0.6415447178         2.922254094         2.648367160                
     21380.66078        -7405.211557         2280.296615                
Si              37                                                      
     2.501425754        -3.501928469        -6.549619113                
    -6.976340499        -4.863270291         6.805079167                
     24425.18270        -18214.95166         4643.827073                
Si              38                                                      
    -7.534763237        -6.776708007       -0.6686865609E-01            
     4.083527801        0.4228218379         10.36136324                
     12864.01980         3524.913508         109.2872208                
Si              39                                                      
    -7.582284527        -3.624130840       -0.3107046458                
    -3.261959284        0.8127102872        -6.933680338                
    -3701.196866         24384.87987        -3828.036710                
Si              40                                                      
     2.461495935        -6.624248710        -6.659174454                
   -0.6195808008        -4.476348506         3.225306778                
    -8402.167306        -24638.14429        -10767.83220                
Si              41                                                      
     8.871892763         2.560814595        -2.791229987                
     11.39642616         4.972212032        -3.264421566                
     35687.07008         16882.45646        -11729.14034                
Si              42                                                      
    -1.319045003         7.504163093        -4.133249193                
     2.052920960        -2.617856632       -0.6621802701                
    -9788.726283        -5798.846726         37170.45339                
Si              43                                                      
    -1.278355109         2.369989621        -4.126688315                
    0.6558478970         4.246130813        -1.999090265                
    -8087.158509         43763.17370         9036.987585                
Si              44                                                      
     8.847297252         7.483055734        -2.697829104                
    0.5602299287        -2.956533113         4.806072419                
     10278.42396        -29739.18954        -27809.93833                
Si              45                                                      
     6.531687411         3.586321194        -4.507443402                
     2.062221430       -0.3602136534         5.188153270                
    -6667.601072         1809.223265         1271.731786                
Si              46                                                      
    -3.817717506         6.425534837        -2.382347458                
     4.613276780         5.226235373         8.684851371                
     31948.70895         29948.60532         14780.14206                
Si              47                                                      
    -3.766978732         3.337808015        -2.342749042                
    -2.039166534        -7.350545458       -0.5359492161                
     22126.44591         3933.669204         26628.83834                
Si              48                                                      
     6.447818426         6.690782418        -4.525597859                
    -3.254548085        -1.224730128        -1.708098304                
     26961.77635        -19437.64550        -4036.075387                
Si              49                                                      
     8.680058573         1.064174584         2.179576002                
    -1.613112998        -5.949476290         3.693091350                
    -12312.68851         49904.39517         4864.409102                
Si              50                                                      
    -1.525423741         8.707341041         4.487220388                
     1.123559372         4.907614587         1.981453957                
    -18336.58186        -6895.653449        -9798.714231                
Si              51                                                      
    -1.418130407         1.252347140         4.492942386                
    0.2873612023         5.177470395         5.123660399                
     189.0706626         26567.38770         1746.778176                
Si              52                                                      
     8.620982537         8.759697223         2.212501827                
    0.8132156263        -7.657947473        0.4291940956                
     10181.79094         13202.64858        -18871.68561                
Si              53                                                      
     6.302017097        0.6487577070         4.158054236                
     3.992338451        -7.151919801        -3.162706928                
     37895.38239        -14256.80110        -15381.95504                
Si              54                                                      
    -3.880583084         9.502551963         2.555342951                
    -1.259832730        0.3965884939        -5.428137385                
     11294.53680        -22427.96447        -33495.07915                
Si              55                                                      
    -3.746355846        0.4988749883         2.567583430                
    -7.339177966         1.296881237        0.8218700001                
     894.9851394         21269.65771         14027.06065                
Si              56                                                      
     6.156219622         9.376863449         3.942033887                
    -1.902645192         1.186314585         1.505614483                
     26900.48411         20416.15829         36848.28611                
Si              57                                                      
     4.499668638        -1.346784829        0.3360162172                
    -3.831525590         3.495417910         6.453788204                
     4004.507608         9207.107822        -24636.32969                
Si              58                                                      
    -5.590261120        -8.953232313         6.324153323                
    -1.152392387         1.561812878        -1.941180822                
    -2078.128833         1819.205871        -1982.324354                
Si              59                                                      
    -5.575974334        -1.255890048         6.318515470                
    -5.230037136         1.257966311         2.965822657                
    -43546.87666        -4580.273485        -5033.206148                
Si              60                                                      
     4.312551108        -8.732807873        0.1945809039                
     2.701437249        0.7165753676         1.551522252                
     22077.03816         2855.547948         24006.99940                
Si              61                                                      
     7.709784535        -1.087624102        0.1782285721                
     6.289439188         2.704053211         1.016316157                
    -19478.06167        -27377.43604        -23334.49215                
Si              62                                                      
    -2.402035345        -9.003667436         6.382971513                
     4.353788619         3.214651864       -0.6273963343                
    -19629.55679        -11465.03342         14866.48914                
Si              63                                                      
    -2.415192383        -1.139335364         6.448099100                
   -0.4325458393        -6.323357751         6.304110183                
     23896.85707         5562.837780        -34318.89613                
Si              64                                                      
     7.540035594        -8.905826365        0.3441654869                
   -0.8365101125         3.381556965         1.783833181                
     9896.170949         7815.520090         27876.24969                
Si              65                                                      
     1.582172444        0.6598835422         4.206162812                
    -2.511837286        -1.900278385        -1.315294661                
    -45225.87726        -6874.819156        -7273.853709                
Si              66                                                      
    -8.670834396         9.439517160         2.647598632                
    -5.723836332        -2.353955396         3.837119870                
    -25515.63586        -14233.64620        -22698.41121                
Si              67                                                      
    -8.645996016        0.6250952609         2.484316976                
     5.830127744        -4.590584520         4.973839677                
     9055.307241        -785.2897412         23405.90132                
Si              68                                                      
     1.534359216         9.312569859         4.295931496                
     1.691654900        -12.68210750        -2.614581795                
    -10412.48491        -11043.73347        -9458.246489                
Si              69                                                      
     3.821131174         1.177771946         2.195925766                
    -3.779767979         7.332841532         1.720070374                
     17240.46606        -7793.940364        -27271.57818                
Si              70                                                      
    -6.262529312         8.832785210         4.464708654                
     6.836365217         1.134463794         1.937026173                
    -15587.87581        -4290.769902         8416.351209                
Si              71                                                      
    -6.296911130         1.265223217         4.410641504                
     1.199822800         2.007272776         2.428799766                
     15771.81330        -1249.135749        -5755.736644                
Si              72                                                      
     3.739430635         8.891547479         2.128087940                
     4.713891642        -6.852652737        0.5848786786                
     16902.77848        -20629.59137        -24470.02981                
Si              73                                                      
     8.555566090        -3.402110475         2.011314204                
    -3.363345406         2.614608107        -1.685524174                
     8735.786303        -3837.379892         23825.78833                
Si              74                                                      
    -1.521527279        -6.706478836         4.676677417                
    0.7395352103         10.98822674         4.616083321                
    -4992.653932         15397.29662         12897.61156                
Si              75                                                      
    -1.590424605        -3.537572099         4.553078655                
     4.689302945         4.499357547         4.651749891                
    -9709.235826        -19478.41651         16839.25035                
Si              76                                                      
     8.512603521        -6.520113275         2.147970602                
    0.1216702603        -7.537194330         1.911425659                
     2248.317952        -551.5029144        -11310.54635                
Si              77                                                      
     6.200214092        -2.581437177         3.994744371                
    -4.446340002        -7.280545216         9.235706418                
    -560.4417810         5047.522584         5590.177002                
Si              78                                                      
    -3.870143985        -7.549574764         2.771110109                
     2.030093939         1.912739047        0.8790601632                
    -12699.75172        -5367.159657         19627.53779                
Si              79                                                      
    -3.859641291        -2.732719624         2.685515994                
    0.1214221759         2.626452635        -4.033095877                
    -17435.59080         30617.38193        -36597.87774                
Si              80                                                      
     6.214638225        -7.630852092         4.043614408                
    -3.780189927        -11.88061928         5.848453456                
     5225.864995         10490.71095        -7755.756460                
Si              81                                                      
     4.718628971         3.433823669        0.2268828392                
    0.4720647230         4.705673865         1.554766779                
     8976.965139        -2520.615882        -2158.961945                
Si              82                                                      
    -5.497181271         6.495445933         6.370752470                
     4.125518483        -1.748371474         1.910174286                
     17233.29422         35083.92625         31314.97791                
Si              83                                                      
    -5.342464701         3.433889757         6.363510654                
    -1.793009319        -7.187741858         2.048523882                
    -25573.05484        -161.4288986        -11311.95442                
Si              84                                                      
     4.706684844         6.462156559        0.3386399673                
    -5.547219660        -1.278929098         9.288776812                
    -22323.42648         28497.69724         27613.07079                
Si              85                                                      
     7.959267213         3.436136261        0.1471317686                
     5.256386255         4.049261876         1.522715565                
     4623.411217        -20210.78245        -8295.880006                
Si              86                                                      
    -2.357144968         6.571736256         6.609909058                
    0.3573455440E-01     5.766510325       -0.6884962444                
     354.5492490         2223.393986         1302.320254                
Si              87                                                      
    -2.191422621         3.440022896         6.587474950                
     5.450086291        -3.584981478        -6.608181516                
    -8970.281118         13573.37603        -19416.80749                
Si              88                                                      
     7.904661699         6.461546492        0.1278249395                
    -1.020141112         1.121763681        0.1198883801                
    -3472.027933         16973.88009         12315.93177                
Si              89                                                      
     1.310396933        -2.536286962         4.265057578                
    -6.208781309       -0.2034119982        0.7414372976                
     16248.81311         2558.350996        -10331.20051                
Si              90                                                      
    -8.888298207        -7.552163090         2.656879220                
    -4.945888576         12.41137412        -7.350604376                
     3136.181260        -25309.36584         11387.94121                
Si              91                                                      
    -8.736653100        -2.524547725         2.454296978                
     1.062299209        -5.112492171        -3.292438676                
    -4091.288639        -21124.97743         21545.92797                
Si              92                                                      
     1.397581990        -7.724070168         4.148355450                
    -6.347043105        -4.104807338        -4.356996228                
    -26156.04639        -12197.56394         29573.97735                
Si              93                                                      
     3.591082383        -3.528602330         2.360877977                
    0.7254560353        -1.097264070        -2.062363361                
     8763.273823         9573.259804        -6545.504694                
Si              94                                                      
    -6.446945934        -6.605360222         4.387543500                
   -0.4215847044E-01     1.570741358        -1.144560893                
    -1823.126711        -37788.76375         18850.91217                
Si              95                                                      
    -6.431533738        -3.624232577         4.385155955                
     1.639707155         2.328055341        -4.364341865                
    -10831.11043         67660.42487         5866.787690                
Si              96                                                      
     3.686102633        -6.633285871         2.364116609                
     5.903792811         6.078174503         3.575370334                
     5651.325761        -22759.67963         1700.691390                
O               97                                                      
     2.682939231        -1.048541085        -3.443458191                
     6.624456750         6.410817136         1.107752793                
    -20296.51605        -5165.844078        -9751.002666                
O               98                                                      
    -7.597161594        -8.969669138        -3.409442503                
     9.007425032         3.960887765         3.147324959                
     18588.32761        -3755.380140        -2758.427455                
O               99                                                      
    -7.641366371        -1.301967013        -3.509744099                
    -1.557165022        -2.775614537        -10.73666709                
     33162.54942         27968.35668        -17442.88494                
O              100                                                      
     2.715522727        -9.058261224        -3.587266921                
    -8.571718820        -7.643637764        -3.864755097                
     21625.13050        -4846.595320         9032.449661                
O              101                                                      
     4.105921845        -1.079171676        -1.199833970                
     8.818951190         1.445618389        0.2420224731                
     8621.935715         1000.230079        -6997.893108                
O              102                                                      
    -6.115357946        -9.088527753        -5.770485086                
    -9.425042670        -4.847746773        -7.045999111                
     5486.375505         5380.614619         11412.59174                
O              103                                                      
    -6.088547115        -1.109988994        -5.760534641                
     13.81588974        -6.747867997        -11.04762977                
     5894.923554         8531.733889        -1800.417805                
O              104                                                      
     4.025317831        -8.770520877        -1.324653332                
     6.590237691         7.032890768        -2.626591254                
    -1449.371928        -13819.12730        -8790.169071                
O              105                                                      
     4.086682548         1.396627139        -6.423968316                
   -0.2708944462E-01     5.302467411         4.653158560                
    -4308.805043        -8862.021142        -10566.82442                
O              106                                                      
    -5.991853384         8.719527342       -0.3589207384                
    -3.136837638       -0.9964899037         5.171079710                
    -10472.91907         19344.23802        -8985.080544                
O              107                                                      
    -6.080983602        0.9114208056       -0.4372910798                
     2.302819803         7.021719738         1.098538040                
    -13426.87030         10368.55375         2472.878936                
O              108                                                      
     4.100161259         8.706307654        -6.621540528                
    -1.124042663         6.831901973        -11.67945174                
     7845.046467        -21648.95330         30043.37411                
O              109                                                      
     8.091873450       -0.7210065816        -1.360648559                
    -7.154491995         4.765630802        -4.768532613                
     3696.231545        -7703.978573         21419.22558                
O              110                                                      
    -1.894739636        -9.198224453        -5.708687934                
    -4.843699720        -9.691375614       -0.8080789036                
     850.2927187        -11259.69595        -70.63490783                
O              111                                                      
    -1.790255282        -1.000142143        -5.772985632                
     5.317675244        -3.908190364        -2.341486015                
    -7260.926504         9296.003814         35353.37369                
O              112                                                      
     8.073534851        -9.099724887        -1.101368018                
    -4.135149453        -8.081705005       -0.1617742930                
     6172.503483        -13882.14251        -41134.01821                
O              113                                                      
     7.681523689        -1.099915555        -3.834913299                
    -1.472194625         9.248066820        -7.208085919                
     10289.48683         5413.158048         4331.282606                
O              114                                                      
    -2.360333550        -9.049200614        -3.143559298                
   -0.4838909677         2.228311928        -2.548124132                
     4718.169513        -2090.508602        -13324.28448                
O              115                                                      
    -2.598684697        -1.122628899        -3.261963609                
     11.00201606         6.477966054         6.431970355                
     20069.63863        -6316.529758        -4882.244378                
O              116                                                      
     7.781293850        -8.980740365        -3.806770561                
    -5.665729688        -2.062619657         7.053889904                
     3455.943766        -7471.529021         17808.54363                
O              117                                                      
     5.177859953        -1.077489026        -3.659438032                
    -3.801404492         8.265918419         1.674598750                
    -8730.640889         16138.72532         15864.65523                
O              118                                                      
    -4.930835113        -9.028312055        -3.417894323                
    -1.783060670        0.6365688760        -15.75445820                
    -14500.89661        -1974.243674         581.7519821                
O              119                                                      
    -5.033962645        -1.185495743        -3.343954929                
     2.251510497         9.454182387        -6.980664903                
    -22547.52871         11179.73996        -5119.229477                
O              120                                                      
     5.293704591        -9.174362238        -3.649057175                
     3.719469759        -6.042263239        -3.378673815                
    -12547.76811         10599.64622         13367.74186                
O              121                                                      
     2.798733450         3.145189122        -3.492550772                
    -6.042896887        -2.473119439         9.401360084                
    -2195.074878         4221.056177        -8878.038972                
O              122                                                      
    -7.388775638         6.997057877        -3.471373299                
   -0.7044231792E-01    -1.253244419         4.806281986                
     9838.661420         6415.153041        -9380.977528                
O              123                                                      
    -7.339559874         3.293409797        -3.553785349                
     5.655929713         5.346410798        -9.059973810                
     3371.567602        -18146.53831         6634.174664                
O              124                                                      
     2.812219298         6.940681803        -3.323238504                
   -0.4073974680         1.682707341         1.683858937                
     7944.304955        -2581.408958         1104.554305                
O              125                                                      
     4.256490229         3.070900439        -1.235778091                
     1.563501435        -1.244116844         1.965420220                
    -778.6476602         3860.469499         16794.66593                
O              126                                                      
    -5.859020532         7.047551450        -5.686613543                
    0.6994525803         8.993682403         1.401957152                
    -15725.22113        -12231.86770        -28469.19014                
O              127                                                      
    -5.909808876         2.886339662        -5.842429663                
     3.965591767         7.067577861         10.18384699                
     11831.33922         3908.122985         26978.27363                
O              128                                                      
     4.240861167         7.031117950        -1.070224344                
     1.305616969        -5.979275045         12.61565519                
     13421.10155        -11917.16542        -9719.376735                
O              129                                                      
     4.107299451        -3.403591844        -6.503361001                
     1.058324979        -2.419969110         7.613088427                
     4955.035283        -5965.520818        -8281.438247                
O              130                                                      
    -5.966618388        -7.017663209       -0.1634699385                
   -0.6368939311        -2.298282849        -6.822630687                
     5120.492723         10177.84833         8697.749625                
O              131                                                      
    -6.009370402        -3.377401663       -0.3291403924                
     3.663464762        -3.909867113         4.344594306                
    -10294.85961         3511.405786        -11070.31814                
O              132                                                      
     4.060793601        -6.620974227        -6.565758989                
     5.281584559         3.576968543        -9.954928896                
    -11646.77019        -6985.295826         2048.891271                
O              133                                                      
     8.476308067         2.985040454        -1.342753566                
     4.397715741        -4.170588941        -5.381717425                
    -9239.108286        -9260.937507         28587.43336                
O              134                                                      
    -1.719442984         7.018375797        -5.599983981                
    -8.746537692        -3.989837061         5.506421872                
     3715.854317         10320.29013         12838.11873                
O              135                                                      
    -1.761657795         2.799869400        -5.627764454                
    -8.092085496        -1.593807613         2.901279019                
     8384.569183         4511.040208         13717.39505                
O              136                                                      
     8.250730090         6.907996084        -1.354488237                
     3.733445954        -4.381477373         1.649040009                
     7934.960417         8524.091673         13401.21757                
O              137                                                      
     7.847937732         3.214456705        -3.743735537                
   -0.3460600471       -0.1912334945E-01    -5.872353834                
    -8595.531126        -3179.032565        -8404.913425                
O              138                                                      
    -2.397864839         6.838763311        -3.087744582                
     10.21551595         3.147956953         8.187577193                
    -7011.177300         1800.371769        -20600.95547                
O              139                                                      
    -2.426622831         2.933678595        -3.168932387                
    -1.550700496        -6.520773021       -0.4385533914                
    -10835.53234         1872.129499         6846.687127                
O              140                                                      
     7.809977428         6.897768419        -3.775035614                
    -7.202414409        -4.410754493         1.961504809                
     4976.342176         16406.07449         8303.242879                
O              141                                                      
     5.323687770         3.203500462        -3.497616282                
     12.17132626        -2.409945742        -6.910277162                
     5750.954186        -10544.10632        -10850.43517                
O              142                                                      
    -4.928172827         7.018531873        -3.351828691                
    0.3070959150        -1.322569623        -7.858258110                
     4901.956531        -20006.02227         3682.637739                
O              143                                                      
    -4.925034707         3.011103705        -3.328642397                
    0.8090411967        -7.870528209        -9.853306333                
    -13494.92584        -9885.316923        -18404.66047                
O              144                                                      
     5.275582462         7.122975983        -3.580380986                
    -4.807208581         5.404785783         3.993515013                
     1399.751228         1420.464219         4142.269171                
O              145                                                      
     3.870356599         1.058781739        -2.657437942                
    -10.90419247        -5.901909992        -5.840462569                
     22300.99557        -5334.426066        -10241.58634                
O              146                                                      
    -6.157819547         9.133603912        -4.160766246                
    -5.762008685        -5.646273264         9.846793503                
    -12168.42986        -4947.907442        -3054.926982                
O              147                                                      
    -6.325890233        0.9267352192        -4.282249692                
    -11.88183262        0.5420355845         8.919305690                
     2408.902943         2070.867400         16089.25132                
O              148                                                      
     4.143065731         9.143146837        -2.529214870                
    -4.924695963         1.716531113       -0.2336280228                
    -7753.399400        -21848.97153        -2036.366140                
O              149                                                      
     8.826841947        0.9766663648        -3.065336375                
    0.8129337305       -0.1225935306         9.010129408                
     1740.072449         26233.86937         11602.78290                
O              150                                                      
    -1.284194993         9.090460667        -4.067019059                
    -6.571522852        -7.453220163         7.215045003                
    -3368.912927        -13578.70264        -12576.74169                
O              151                                                      
    -1.295196797        0.8593292341        -4.037894455                
     3.931104914         6.384884285         6.825476680                
    -2480.327344        -9247.272574        -2799.702533                
O              152                                                      
     8.735850554         9.040819893        -2.785654454                
     3.270707880         4.981742173         2.224284775                
    -6049.517963         9690.830606         11341.59376                
O              153                                                      
     1.968835263        -2.644635910        -5.362738174                
   -0.2674611570         8.864639481        -2.521358108                
    -14675.29230         21449.74160        -1974.246686                
O              154                                                      
    -8.126229421        -7.732683779        -1.153796755                
     8.449235362        -5.007087208        -4.064893904                
    -12769.41861         5415.489263        -10943.25375                
O              155                                                      
    -8.251897473        -2.571139306        -1.399285826                
    0.7131463324        0.2287983880         6.706572057                
     4551.961362        -5765.081406         10186.93261                
O              156                                                      
     1.803126585        -7.686507039        -5.637474312                
    -8.173340354         6.689680542         2.756321199                
     25956.78319         39619.14037        -17208.34719                
O              157                                                      
     2.052657957       -0.4459210213E-01    -5.552815966                
   -0.8354926150        -5.987132844         2.935558654                
    -7559.187848        -10027.02571        -6693.308550                
O              158                                                      
    -8.135059380         9.963500602        -1.226772082                
    -3.395415500        -1.624945637         1.145636562                
    -2038.273759         15146.34621        -13188.12608                
O              159                                                      
    -8.260335125        0.4793537699E-01    -1.470729155                
   -0.5662789286        0.5863384838         1.488197623                
    -1667.862429        -6388.325905         1745.741504                
O              160                                                      
     2.130219013         10.03502941        -5.669157584                
     1.822699637        -3.034444682        -3.127296136                
    -764.8549431        -27314.26334         987.6317807                
O              161                                                      
     1.749282402         2.449442375        -5.669336649                
    -3.039951424         2.615807270        0.3645176978                
     15917.02540        -7057.269166        -7308.447013                
O              162                                                      
    -8.015885395         7.499581490        -1.056471989                
    0.8918404097        -6.254160711        -1.977667092                
    -19244.70635        -5833.378399        -20885.50730                
O              163                                                      
    -8.051535171         2.535190794        -1.191922153                
    -4.798141989        -2.747531892         4.259420991                
    -93.15434873         3961.306774        -16763.71888                
O              164                                                      
     1.924770954         7.460813448        -5.493126052                
    -3.228004788        -3.716513546        -1.712389199                
     12816.94851         324.3103988        -14564.87784                
O              165                                                      
     6.269327055        -2.498097593        -5.560834876                
     7.357745098         7.688300338        -6.753099814                
     105.1497729        -552.8910900        -1461.178980                
O              166                                                      
    -3.932632220        -7.586860798        -1.460819282                
    -8.807841132        -1.684559210         8.289519135                
     10471.57585        -1359.786001         6553.800283                
O              167                                                      
    -3.855038401        -2.670080443        -1.430180995                
    -7.591709771        -1.988668768        -8.590904637                
     1316.105410         4249.237450        -2284.889606                
O              168                                                      
     6.209288684        -7.612451496        -5.557184362                
    -2.562594903        -16.69609014         8.444572102                
    -5648.306864         7327.902555         4736.018498                
O              169                                                      
     6.096629113        0.4716991854E-01    -5.622241038                
     8.792340090         1.754052758         3.281844524                
     254.0067723        -8086.329083         7392.977279                
O              170                                                      
    -3.905897583        -10.06687058        -1.316675877                
     6.529509530         8.938803580        -5.531463011                
    -11386.44771        -16991.57519        -1842.832846                
O              171                                                      
    -3.981061941       -0.1631525383        -1.346742761                
    -7.412890792        0.7224992342        -1.065181275                
    -4322.966428         2746.688302         10199.64403                
O              172                                                      
     6.166699944         10.08484758        -5.717073882                
     5.392784590         2.307473392         1.985232857                
     3868.350189         114.7845147         18458.70004                
O              173                                                      
     6.293580235         2.597616785        -5.722433111                
     6.012580084        -1.495181197        -7.496844868                
    -14578.36814        -6470.464514         2496.358082                
O              174                                                      
    -4.008017946         7.486273157        -1.213678935                
     7.943587494        0.5226849944        -7.025896256                
     7094.450283        -14843.56459        -19095.07684                
O              175                                                      
    -4.092405771         2.369420459        -1.103608774                
    -10.05809387        -4.109377655        -8.405407898                
     2043.355844        -3921.021148        -16098.00617                
O              176                                                      
     6.356559327         7.588657390        -5.801800657                
     1.563332761         2.170235971       -0.6746823938                
    -20963.85016         6691.251356        -5590.271955                
O              177                                                      
    -10.13299712        -1.154961764        -2.740484052                
     3.981714077        -5.926599767         2.492171281                
     353.0261929         7136.405804         8683.491411                
O              178                                                      
    0.1829437262        -8.998857791        -4.288470950                
     7.881749293        -4.036447506        -2.276278695                
     12826.92930        -11129.10342        -3882.463184                
O              179                                                      
    0.2571082083E-01    -1.148958844        -4.212564870                
     4.361486323        -1.411158699         1.193473299                
     41070.28538        -10505.87682         148.4938482                
O              180                                                      
    -10.06178450        -9.202688187        -2.479569929                
     7.605686121        -1.140793737         10.10409783                
     1940.912656         19764.41014         71.09413884                
O              181                                                      
    -9.920369310         3.120582675        -2.887944592                
     1.441253249        0.2535163998       -0.2048774959                
     4023.064706        -14343.74691         9194.697175                
O              182                                                      
    0.1776555830         7.090565399        -3.806922860                
    -3.671282883        -2.275920322        -6.597838785                
    -4403.014766        -12899.20580        -17094.10304                
O              183                                                      
    0.1636490253         3.025926796        -3.873530972                
    -4.795884983         4.708627806        -6.075315918                
    -24702.40473        -18768.89556        -11565.28792                
O              184                                                      
    -9.909384215         7.025866391        -2.800847315                
     4.447805438         5.426019643        -5.810018875                
    -17589.16437         19554.08684         12139.73668                
O              185                                                      
     1.439981488         4.957292349        -4.498946643                
     1.184882262         1.664108740        -9.556428363                
     12604.38923         31680.42320        -13444.88857                
O              186                                                      
    -8.511900064         5.101740703        -2.150766982                
     1.227988983         2.666160638         11.01933952                
     16991.53070         5143.928132        -1728.039762                
O              187                                                      
     6.375986564         5.127855785        -4.687913825                
    -5.054344676         2.468837677         5.614168266                
    -2617.497707         1029.838432        -11852.57398                
O              188                                                      
    -3.789743793         4.917480038        -1.996490707                
    -1.722681436        -4.036169995         5.920607977                
    -6160.205941        -18417.93591        -24235.51034                
O              189                                                      
     6.014748914        -5.084600885        -6.496989685                
     4.243756744        -2.010914985        0.7968085262                
    -6462.740158         16330.27107         6023.666307                
O              190                                                      
    -4.349234399        -5.139727902       -0.2364042166                
    -4.489921793        0.8882969126        -8.265002436                
     20535.33338        -4646.314774        -16063.39626                
O              191                                                      
     2.192133617        -5.103797571        -6.492965472                
    -7.790165815         2.301032755         9.873361472                
    -3087.555872         22975.37727        -6730.452354                
O              192                                                      
    -7.694951872        -5.188996687       -0.3309180619                
     2.612941602        -1.624555992        -5.041220312                
    -7615.857567        -11334.78607        -1964.346569                
O              193                                                      
     7.683727703         1.020348983         3.367771515                
    -1.403489288         7.376364105        -4.381558796                
    -28276.86850        -7451.110985         7905.065272                
O              194                                                      
    -2.548804402         8.940897950         3.228042584                
    -6.117894672        0.8244300265        -4.641618000                
     10931.46440         8661.706534         25505.91078                
O              195                                                      
    -2.420266608        0.9995671212         3.295000177                
     6.460964472        -1.794130807        -5.884659254                
    -3482.957920        -6074.131545         7630.977350                
O              196                                                      
     7.525794587         8.894180673         3.326137377                
     10.36637875        -4.717821735         5.660646724                
    -809.7399355        -11503.26749        -2026.065505                
O              197                                                      
     6.378069822         1.121970532         5.697658213                
    -1.845258165        -1.390956315         5.488488157                
    -41954.49262        -9802.988985        -24213.47045                
O              198                                                      
    -3.909800043         8.896773229         1.025813138                
    0.4321361359        -1.812576034         3.499903105                
    -13432.60263         22388.71033         4394.358303                
O              199                                                      
    -3.858491128        0.8732854871         1.049686161                
     8.683837359         1.459595177         1.841988565                
    -20561.61995        -6685.828807        -8302.727619                
O              200                                                      
     5.972911420         9.219659173         5.544021460                
    -2.823112311         1.755634567         1.545016386                
     10015.46298        -24457.12563        -26354.37983                
O              201                                                      
     6.122756714        -1.238239487        0.3724471833                
     9.525879932        -2.731362561        0.2933067633                
    -1669.464841        -2179.296027        -8402.492370                
O              202                                                      
    -3.993355720        -8.896386728         6.214275904                
    -5.687761185         4.627804608         14.42719308                
    -3941.977854        -5175.990476         16369.18105                
O              203                                                      
    -3.986943837        -1.208287469         6.452953207                
    0.8573034748        -2.885490073        0.4420089165                
    -8531.249155         9802.592616        -11345.57273                
O              204                                                      
     5.913536940        -8.879630788        0.3610452664                
   -0.6903109792       -0.3329039609         6.764563238                
     15790.02657         5678.481308        -10110.31464                
O              205                                                      
     2.110606240         1.039559888         5.626085570                
     4.251161283         6.077023553        0.4354104422                
     3146.530243        -6628.290801         2899.715380                
O              206                                                      
    -8.089918129         9.100683358         1.170974451                
    -4.999473380        -10.07689212        -5.115531879                
    -9356.419049        -2057.382914         6208.958595                
O              207                                                      
    -8.156137890        0.9178024198         1.037282475                
   -0.7192083370         9.214616829        -3.760257210                
     1155.205172         14877.46167        -20654.65933                
O              208                                                      
     2.038729834         8.838578169         5.681862846                
    -9.923961084        -2.520554240        -4.986015140                
    -4771.902645        -7061.441467         20441.13010                
O              209                                                      
     2.549865440        0.9965833248         3.077364688                
     4.525535661       -0.3392462470E-01     4.438976810                
     17396.41813         10204.08447        -6582.176329                
O              210                                                      
    -7.661697580         8.914073373         3.654719175                
    -9.280867681         2.171254760        0.8472310150                
     30277.58128        -2376.804721         21439.50569                
O              211                                                      
    -7.629853935         1.191000347         3.593845884                
    -2.862519925         4.240378149         5.009208985                
    -4167.113040        -9840.042232        -19262.84840                
O              212                                                      
     2.629883442         9.033864350         3.186245212                
    -6.354646162         3.313001659        -4.449925152                
    -17644.46370         7420.998074        -2917.932242                
O              213                                                      
     5.077472021         1.081356309         3.210444030                
    -4.418944497        -9.664073549         2.878380806                
    -5557.928607         625.1795894         11182.87198                
O              214                                                      
    -5.095168284         9.158628790         3.515043403                
    -10.51974169        -7.407863798         5.757938605                
     6823.509516        -8066.589153        -18886.35485                
O              215                                                      
    -4.965618515         1.086455202         3.459656150                
    -21.85306710        -5.061172220        -4.972467053                
    -10785.90970        -10404.67429        -7365.671053                
O              216                                                      
     5.029775358         8.822333265         3.079006521                
     6.565683527         14.12826321        -7.367621356                
    -12401.86214         15741.32434        -11374.77204                
O              217                                                      
     7.449958853        -3.003434771         3.115469956                
     8.141358503         10.63448380         1.730109307                
    -6879.020282        -7674.022694        -8260.547215                
O              218                                                      
    -2.626169475        -7.294370677         3.702690214                
    -1.982778608        -7.379517694        -14.37803229                
     7831.490602         14312.77595        -7589.874361                
O              219                                                      
    -2.568292544        -3.279636414         3.336061432                
    -9.565474150        -5.287892013        -4.040420391                
     1335.459316         8530.091704         16629.40550                
O              220                                                      
     7.358768111        -7.026677133         3.110703711                
     1.655603030         2.194228076         4.056243716                
     9966.738188         11248.39323         15368.67540                
O              221                                                      
     6.180337531        -3.055842142         5.514548129                
     3.919283051         6.184603404         1.383826885                
    -5165.844442        -1977.720291        -5928.891615                
O              222                                                      
    -3.835327064        -7.164490678         1.308006592                
     2.513907421         15.04054213        -2.845450823                
    -3138.968005         31857.88238        -50745.10763                
O              223                                                      
    -4.049774062        -3.133658693         1.153564634                
     2.615196831        -1.882097529         5.561980982                
     17213.32589         10532.34878         14839.81824                
O              224                                                      
     6.112973445        -7.009625522         5.519145409                
     7.705662229        -4.000119632         15.25353338                
    -2218.739731        -14941.33951        -13066.71457                
O              225                                                      
     6.338322794         3.394670178        0.9814730509E-01            
     9.697190082        -5.530082295        -9.090802877                
     1860.275983        -7827.396203         13162.61285                
O              226                                                      
    -3.903230259         6.593395438         6.581599415                
     2.374285333       -0.6981720311         3.803111668                
    -20060.74222        -1734.081631        -7212.666837                
O              227                                                      
    -3.789681259         3.318153405         6.335361048                
    -5.188363766         7.348325349         13.75960937                
     10627.95393         192.7243135         16719.78634                
O              228                                                      
     6.294505662         6.575294792        0.3293777348                
     3.192734581        -3.289656537         8.831127487                
     5942.510786        -5271.663465        -3775.238344                
O              229                                                      
     2.031531900        -2.897949768         5.644040426                
     1.098003940         2.708451193        -8.755174787                
    -15328.33916        -4975.583615         5691.470313                
O              230                                                      
    -8.177751335        -7.175550671         1.325951028                
    -9.465350891         3.505004123         3.803712480                
     4109.434910         8072.313319        -18044.88168                
O              231                                                      
    -8.167461732        -3.140047485         1.098994380                
    -2.532671706        -4.645568878        -2.026092849                
    -6751.690258         3620.195811        -3029.725797                
O              232                                                      
     2.034217328        -7.268858620         5.499657306                
    -4.584043618       -0.9225445302         1.909525115                
     10672.88556         17332.17383         26165.34109                
O              233                                                      
     2.266207160        -3.107314524         3.132061394                
    -1.310292093        0.5943040861        -2.023885778                
     5969.078910        -3831.879366        -4286.487455                
O              234                                                      
    -7.794473735        -7.013394484         3.675255883                
    -3.449077429        -6.362071124        -4.075129319                
    -1041.084458        -201.6818175        -1314.919969                
O              235                                                      
    -7.704054767        -3.054502663         3.585746109                
    -10.03843278         2.659637261        -11.53549439                
    -428.0892135        -8751.353359        -10040.19386                
O              236                                                      
     2.343695326        -7.153878902         3.148175739                
    0.3906109366         5.727227058        -2.184841542                
     36723.61136         17335.89343        -43084.60190                
O              237                                                      
     4.802457227        -3.102433387         3.365452377                
     6.025862413         6.003408647         5.327828832                
     4370.947518        -3899.679560        -14753.01501                
O              238                                                      
    -5.128152715        -6.812865292         3.517353851                
     9.455754416        -4.835906180         5.042233752                
     1467.078799        -3723.046488        -8049.079877                
O              239                                                      
    -5.129112545        -3.182041973         3.445263781                
     2.631111359        -2.394725982        -7.473547104                
    -16004.66545        -19242.33525         26574.72367                
O              240                                                      
     4.912722501        -7.144012536         3.285630892                
     1.592313080       -0.3794665760        -9.391366950                
    -19512.81114         9057.102827        -3980.220148                
O              241                                                      
     6.218643977       -0.9943446543         4.018063941                
     4.083296469         3.391122756        -1.619499865                
    -5783.462581         23128.99766         10661.83570                
O              242                                                      
    -4.004277379        -9.091685982         2.549415238                
    -8.176489026         5.455873430        -11.26904513                
     4846.380677        -13415.70594         11251.57930                
O              243                                                      
    -3.851991728        -1.058040500         2.697987501                
     1.371364737         2.223833819        -3.018950296                
     7924.003846        -30751.97867         2343.737893                
O              244                                                      
     6.283772356        -9.185796218         3.914686123                
    -5.231408150        -10.49387318        -5.593967466                
    -10750.38117        -8040.371701         339.6397194                
O              245                                                      
     1.351477048       -0.9455279583         4.135595057                
     4.868175472         3.984998750         6.175959705                
    -2574.380716         3514.870910         8582.337561                
O              246                                                      
    -8.898045567        -9.208410781         2.737322440                
    -1.463877863        -3.031630221        -2.952731943                
     4153.731921         40502.28285         3825.595509                
O              247                                                      
    -8.675127132       -0.9638187883         2.496219180                
     2.542857720         9.309807183         11.25406966                
    -2290.766111         3724.199675         194.5253485                
O              248                                                      
     1.260602568        -9.299277393         4.142413239                
     9.520914414        -8.171998597         4.726612214                
     7411.414289        -3261.075105        -1308.899588                
O              249                                                      
     8.469683796         2.444208104         1.299220971                
    -1.388294277        -2.035980531        -2.365440598                
    -8071.995101        -8814.316962        -10143.26909                
O              250                                                      
    -1.962474049         7.490589936         5.425714354                
    -3.046541188        -3.154151913        -3.904011984                
     20029.76598         8353.581966        -13869.23063                
O              251                                                      
    -1.638723843         2.556784009         5.421833899                
     1.845885629        -12.23448839         1.024238714                
    -1818.678443        -10234.96994        -3304.783924                
O              252                                                      
     8.480064113         7.498934594         1.212559387                
    -4.540013544       -0.6359584194        0.2492933288                
    -5740.398375         745.0419214         197.7591111                
O              253                                                      
     8.205098224       -0.8120239931E-03     1.141925525                
    -4.047813284        -2.447021774        -7.571635093                
     11631.90550        -526.2097498         1113.335398                
O              254                                                      
    -1.994781329         9.897597342         5.507492946                
     5.633342091         5.706867454        -4.798610066                
     20700.95851         4798.221961        -12108.34789                
O              255                                                      
    -1.719404619        0.5626466256E-01     5.493172618                
     9.165611579        -1.369103550         11.88159029                
    -23746.40854        -17479.95261         9601.169930                
O              256                                                      
     8.137669515         10.03803075         1.233031431                
   -0.2419606450       -0.5461931022         2.755066766                
    -855.6312058        -7499.964559         5057.677860                
O              257                                                      
     8.298450751        -2.492048778        0.7997734038                
     2.353058908         4.000972605        -7.634145847                
    -8546.291499         32294.47563        -17730.05992                
O              258                                                      
    -1.869239011        -7.640076928         5.900789394                
   -0.8395819646         3.471483039        -11.30853573                
     12870.78694         7743.232790        -13769.10727                
O              259                                                      
    -1.963261136        -2.455177859         5.704789202                
     10.78926854         10.83948144        -6.932468458                
    -2514.661503        -13718.07488        -22215.57378                
O              260                                                      
     8.217616086        -7.521454540        0.9955319267                
     5.088226291         6.593534070        -7.879073161                
    -18323.24236        -24829.88415        -17634.60322                
O              261                                                      
     4.071914215         2.534593649         1.335988282                
    -2.160248963         5.603539283         1.693829022                
     2859.058925        -31617.78735         4948.123689                
O              262                                                      
    -5.974325213         7.514672174         5.272651771                
    -7.471773599        -1.018445602        -4.980191324                
    -6908.069967        -11915.62225         3328.535502                
O              263                                                      
    -5.996053100         2.540452212         5.233142190                
     1.034178117        -10.00092093        -1.104543306                
     3498.523236         7334.995706         9853.959138                
O              264                                                      
     3.929385584         7.481769262         1.379566630                
     1.896941794         4.000049577        -5.814873147                
     12964.38859         2772.980816        -17240.22614                
O              265                                                      
     3.969313083       -0.1397196661         1.168886404                
   -0.8263323660         4.912675067        -4.163360808                
     317.9071246         36752.27722         26551.85963                
O              266                                                      
    -6.099699729         9.963063597         5.543680809                
    -5.070446938         3.941891460         2.715315908                
    -4474.064431        -3686.061776        -2282.071671                
O              267                                                      
    -6.158964575        0.3065546015E-01     5.384452984                
    -1.792862735         2.278383779        -5.321829702                
     22338.81581        -28664.95690         18612.01405                
O              268                                                      
     3.883255902        -10.01603353         1.053919960                
    -3.538843483        -11.88350249        -7.850133142                
    -13938.70922        -14279.25558         16203.12251                
O              269                                                      
     3.948831628        -2.601162945         1.064140040                
    -3.874646139        -4.989080304        -2.587496921                
    -4512.307485        -20019.63027         22010.47536                
O              270                                                      
    -6.150594354        -7.745205995         5.503364212                
    -2.727165200        -2.561654486       -0.1870327253                
    -3052.772024         24327.61071        -6216.157664                
O              271                                                      
    -6.160462095        -2.634130255         5.637610774                
    -5.686037721         1.186676133        0.5497616574                
     22762.98516         16167.20566        -8379.408808                
O              272                                                      
     3.912418437        -7.438244891         1.026009029                
     2.511028229        -3.742081431         1.275794386                
    -9649.176605        -11949.32812         1573.214234                
O              273                                                      
    0.9075993463E-01     1.292641635         4.128984539                
    -7.795796565        -4.365845471         4.364773260                
     23734.26489        -21990.89084        -430.8038376                
O              274                                                      
     10.14452524         8.890150805         2.688253908                
   -0.6745283631E-01    0.5270203079        -5.260506999                
    -10409.33880        -275.1406359        -9992.275401                
O              275                                                      
     10.16051821         1.007613543         2.563373402                
     2.470604000         6.222773962        -1.259939108                
     11993.95714        -7174.278389        -3207.466194                
O              276                                                      
    0.5608237941E-01     8.694255598         4.183172114                
     1.386305024        -1.071592027        -6.119180201                
    -13700.68005         13105.87826         6243.221932                
O              277                                                      
   -0.1075247243        -3.245672281         4.265088691                
     2.743170380        0.6874771739        0.9544736270                
     15862.04775         17985.87902         834.3603325                
O              278                                                      
     10.00442637        -6.919972340         2.603425168                
     3.000909388        -10.05110034         1.190029452                
    -10639.69541         5406.861196         5408.013572                
O              279                                                      
     10.00963985        -3.017032005         2.553944942                
     2.822642783        0.4950016639         10.54318485                
     19699.10312         5830.655232        -14255.98108                
O              280                                                      
   -0.3796551236E-01    -7.090262370         4.290810592                
    -2.240152946        -1.978537719         2.494027625                
    -14635.19110         5608.633598        -9406.215672                
O              281                                                      
     8.461083732        -4.945464929         1.790405910                
    -2.294690683        -3.489312672        -25.78011301                
     1565.102550        -18172.44649         15115.31977                
O              282                                                      
    -1.731083077        -5.099665826         4.828922096                
     5.268585584         3.365784053         7.127847724                
     8673.147387        -10406.45041        -5549.380779                
O              283                                                      
     3.651685440        -5.113415270         2.123117539                
     2.141777902        -8.196327387        -7.109794747                
    -4566.043207         26057.06150         12825.13481                
O              284                                                      
    -6.587733559        -5.086548361         4.725803496                
     5.353803972         1.216048248         3.144416351                
     13200.92884        -17075.97483        -7933.298993                
O              285                                                      
     4.454203761         4.925584075        0.4936847413                
     7.614251014       -0.5200090286         8.119386327                
     59.83307634         16676.67197        -3330.252938                
O              286                                                      
    -5.703714884         4.992298241         6.253011708                
    -4.771583930        -5.611406018        -8.424032596                
    -1575.171388        -21700.68486        -1884.753659                
O              287                                                      
     8.298594316         4.946014224        0.2908487592                
    -5.368203790       -0.3046233524         1.363711473                
    -9285.164195         8774.102439         2562.969187                
O              288                                                      
    -2.026305820         5.058896922         6.536564275                
    -1.228501358         2.472689411       -0.9210283320                
     8421.920247        -36663.95893         1864.415277                
C              289                                                      
   -0.5336624689         4.901060031         3.207848618                
     1.799486357         2.811440047        0.6223109187                
     113.3738382         113.9347426        -129.3828331                
C              290                                                      
    -1.711606212         5.322193130         2.579351038                
   -0.7188634382       -0.2465447460         3.293213443                
     62.30973353        -96.55253554         65.71834280                
C              291                                                      
    -1.815665198         5.275763688         1.183995875                
    -3.755635349       -0.4998932219         3.528111511                
     140.3614526        -153.4122119         98.49821557                
C              292                                                      
   -0.7417804396         4.808201147        0.4171382900                
    -4.274057467         2.304743095         1.092107055                
     95.71981568        -112.5429794         2.382528769                
C              293                                                      
    0.4361633050         4.387068048         1.045635872                
    -1.755707666         5.362727891        -1.578795472                
     72.94156842        -76.27436834        -15.78193693                
C              294                                                      
    0.5402222901         4.433497489         2.440991035                
     1.281064243         5.616076367        -1.813693540                
     87.84481858         36.28116989         1.003614322                
H              295                                                      
   -0.4533883943         4.936877029         4.284265460                
     4.142138977         3.006880301        0.4411038372                
     114.0874936        -31.78125329        -317.1647040                
H              296                                                      
    -2.540050171         5.682891563         3.170928030                
   -0.3189543015        -2.410169692         5.172459005                
    -28.47702667        -13.26097427        -234.5368870                
H              297                                                      
    -2.724383232         5.600645124        0.6991560247                
    -5.698378834        -2.858958423         5.588564156                
    -96.90164313         208.8055051         42.14322691                
H              298                                                      
   -0.8220545139         4.772384149       -0.6592785506                
    -6.616710084         2.109302842         1.273314136                
    -2.287639598         164.8195550        -38.69187981                
H              299                                                      
     1.264607263         4.026369614        0.4540588789                
    -2.155616805         7.526352835        -3.458041032                
    -119.3866864         107.1558555         45.70991343                
H              300                                                      
     1.448940324         4.108616054         2.925830883                
     3.223807725         7.975141567        -3.874146184                
    -141.4204072         119.5662265        -133.3704095                
