Diffusion in Zeolites. ZSM5 (Silicate) Crystal Structure, Si(96)O(192) +
         2         2       300     13334   1.0000000E-03   1.3334000E+01
       20.3183600000        0.0000000000        0.0000000000            
        0.0000000000       20.1714600000        0.0000000000            
        0.0000000000        0.0000000000       13.5858629500            
Si               1                                                      
     1.787865222        -1.083381227        -4.604602230                
    0.2813300760         7.342965972        -3.066719073                
    -6769.538220        -14856.76275        -9559.586606                
Si               2                                                      
    -8.709809954        -8.901063277        -2.020070117                
    -2.147679532         8.201451765       -0.3023421049                
     13983.16865         5117.684987         13746.03349                
Si               3                                                      
    -8.407291733        -1.218320864        -2.271550585                
     3.272559583        -5.718841248        -3.598132878                
    -9161.283159         3017.200102         17067.83722                
Si               4                                                      
     1.533033390        -8.836715615        -4.487814979                
    -4.826505936        -7.803914735        -1.944977630                
    -34194.36090        -25022.63187        -37389.44193                
Si               5                                                      
     4.136916437       -0.7365335894        -2.690747372                
    -7.344020963         7.563195270         1.176298391                
     13447.56450         12549.79693        -5315.440357                
Si               6                                                      
    -6.352394318        -9.413376388        -3.956742701                
     8.407880818        -8.645269216        -4.328761001                
    -11270.21175        -2212.598527         3675.988071                
Si               7                                                      
    -6.049981793       -0.6384517961        -4.177147251                
    0.2195174119        -2.443137010         1.114065879                
     9221.647135         13346.12114        -30489.13694                
Si               8                                                      
     3.834893808        -9.524973497        -2.599427380                
     4.841792133        -3.847557904        -7.032444539                
    -4526.908414         84.69462778         400.0924012                
Si               9                                                      
     5.981230544         1.301799566        -6.673505949                
    -8.939164216        -4.362927687       -0.6672967871                
     21315.41630         13571.40105         5481.339973                
Si              10                                                      
    -4.583546697         8.808363165       -0.2258727755                
    -3.843014857        -1.602971502        -8.986830892                
     5827.695977        -11942.80365         8944.847213                
Si              11                                                      
    -4.261474678         1.169408529       -0.5191149190                
   -0.3388173751        -3.137131765        -2.118949818                
    -9629.674122         13060.27037        -6416.504139                
Si              12                                                      
     5.350049838         8.799985462        -6.620763702                
     4.348044299        0.2682513355         1.659788629                
     9469.818531        -8338.975353         7233.723550                
Si              13                                                      
     2.877101487         1.230596676        -6.462234102                
     2.403532568         2.968180851        -7.589858332                
    -16773.59073         20892.37032         3659.971549                
Si              14                                                      
    -7.732644962         8.751515706       -0.2740915469                
     3.694144148         3.390010558         6.503553642                
    -36960.64440        -960.6100555         8055.215964                
Si              15                                                      
    -7.429072363         1.289440072       -0.4227081737                
    -4.280878734        -3.321040507        -2.497607751                
     7932.362173        -6861.166172        -3087.271054                
Si              16                                                      
     2.212928695         8.812486343        -6.384197328                
    -3.678241064         5.858996476         10.37222181                
    -14873.46054         14298.00575        -27861.33659                
Si              17                                                      
     8.888056383       -0.6202041637        -2.706489596                
    -6.700604777         3.789505422        -5.337489699                
    -29864.18556         6258.804241        -21255.21301                
Si              18                                                      
    -1.457023861        -9.481687503        -4.189815500                
   -0.8724837734       -0.3025505554        -7.133020097                
     16244.15398        -544.8352617        -22905.20241                
Si              19                                                      
    -1.289690859       -0.4121147031        -4.503885940                
   -0.2288194645        0.7859433144         4.397743856                
    -3959.286183         16164.49360         8673.475395                
Si              20                                                      
     8.652630440        -9.539349607        -2.499738648                
     3.313378365       -0.7448133908         5.458007630                
    -15936.79773        -15030.60309        -13329.76778                
Si              21                                                      
     6.492291091        -1.191312453        -4.724170955                
    -7.608395735         5.036742550         4.084008516                
     16534.96999         35875.07996         9959.530103                
Si              22                                                      
    -3.788574949        -9.087869760        -2.214779972                
     6.293366625         1.797500500         5.810263540                
    -8336.915586         16927.86479        -3180.297465                
Si              23                                                      
    -3.483254724        -1.269064799        -2.373244951                
    -6.326468646         6.176373917        -1.894035726                
    -24023.37508         11440.21537        -12373.15714                
Si              24                                                      
     6.323508008        -9.117507672        -4.534780026                
    -4.082131348        -5.192688226         4.509455567                
    -1108.369788        -5738.624378        -3305.346495                
Si              25                                                      
     1.749902211         3.508049121        -4.647775168                
     8.242377799         2.449652015         2.906549550                
    -6239.173075        -5444.530772         22171.62733                
Si              26                                                      
    -8.702139895         6.578480024        -2.351480956                
    -6.491116452         5.994533255         4.186652109                
     14271.15511         14183.58852         9636.005142                
Si              27                                                      
    -8.368536727         3.466043919        -2.464902706                
    -4.768830788         4.014281494        -1.886220699                
     28702.40475        -7529.311002         4878.183318                
Si              28                                                      
     1.557027251         6.613262942        -4.388287465                
     1.326791536        -4.044632974        -4.576252830                
    -14764.21793        -4117.979016         8106.859524                
Si              29                                                      
     4.062136292         2.489513485        -2.785507978                
     1.359866920         2.235252126        -7.495674724                
     30942.84703         4927.996347         4049.394367                
Si              30                                                      
    -6.287787732         7.605148788        -4.086226046                
     5.120169367        -2.138426725        -2.432691102                
     3227.713770         17750.00708        -18414.21071                
Si              31                                                      
    -6.016528614         2.542223862        -4.362628480                
    -2.677384362        -1.425791696         3.459433304                
     8754.782053        -7429.695880         16051.64074                
Si              32                                                      
     3.968148175         7.512541522        -2.530736796                
    -1.151643682         2.542008478        0.6362536317                
    -9949.445760         635.2693032        -12292.83540                
Si              33                                                      
     5.699461867        -3.562355602        -6.453089563                
   -0.5943638824         1.755964320        -6.526374265                
    -5572.654087        -11178.11912        -2746.176984                
Si              34                                                      
    -4.467383712        -6.743145552       -0.2854838903                
     1.616226497       -0.1800812286        -6.661141726                
     10422.73209        -6365.718667         20421.37667                
Si              35                                                      
    -4.297462941        -3.744597797       -0.4409831473                
    -3.380732450         2.180007907        -10.29450487                
     34835.27334         58195.64202         4126.820474                
Si              36                                                      
     5.874242074        -6.701749487        -6.439273809                
    -4.888181231        -2.432089279         1.219133814                
    -15540.69702        -23081.54808         31690.33382                
Si              37                                                      
     2.508872624        -3.555810856        -6.509347267                
     3.778659963        0.8869749354         4.911715299                
    -13548.47435        -3281.888427        -2.756161117                
Si              38                                                      
    -7.649706496        -6.687933379       -0.1257590503                
     2.392179960       -0.5951787849E-01     5.392196786                
     31763.73625         15914.12139         4538.140348                
Si              39                                                      
    -7.430363062        -3.605143319       -0.4440202167                
     3.431685100        -5.296272205        -2.190994817                
    -884.4845438         22220.95131         10542.45636                
Si              40                                                      
     2.769554537        -6.705617795        -6.459880157                
    -9.283588831        -4.316834053         6.432609986                
    -55127.56077        -15121.24415        -8053.121105                
Si              41                                                      
     8.979776969         2.545774021        -2.687619290                
     2.827596255        -1.329077673         1.201527396                
    -27195.55895         11948.34883        -25042.78762                
Si              42                                                      
    -1.475891853         7.551855076        -4.240977662                
    -2.056621419        -2.148656445        -10.55857041                
     31247.91567        -26991.25155         19191.21218                
Si              43                                                      
    -1.311352631         2.718689065        -4.530878390                
     1.643151675        -4.507655455        -2.724199854                
     13267.09585         16822.39177         35082.91161                
Si              44                                                      
     8.637056323         7.420008916        -2.874652456                
    -3.392140941        0.1877162081E-01     5.826245914                
    -12857.01873         28367.06643         23437.87470                
Si              45                                                      
     6.570991136         3.514507979        -4.568942614                
     6.809520002         4.265921502        -6.540689739                
     12647.47560        -14722.16658         14824.52826                
Si              46                                                      
    -3.780009658         6.683195328        -2.299708834                
    -6.815136609        -1.987186173         7.921657618                
     10293.45802        -23669.24002        -5914.739933                
Si              47                                                      
    -3.592365652         3.512615492        -2.506978087                
    -6.034207827         2.953962058        -2.445908740                
     2149.429200        -21006.41314         12114.60012                
Si              48                                                      
     6.206665531         6.616720818        -4.619859640                
     1.200569908        0.4778071561         1.265370671                
    -5837.915713        -251.3369736        -2205.784497                
Si              49                                                      
     8.912324723         1.155693398         2.053991795                
     1.927382177        -2.172300440         2.800304865                
    -7432.249761        -13588.28651        -33923.23960                
Si              50                                                      
    -1.786659083         8.953669269         4.667874232                
     6.523862370       -0.6508983720        -4.272716264                
     17064.81595        -17871.71289         9902.909223                
Si              51                                                      
    -1.433909619         1.267996343         4.275338473                
     2.618172559        -4.357687794        -9.075466910                
    -15678.05637         1368.327466         40575.86245                
Si              52                                                      
     8.524014748         8.648229975         2.071700200                
     2.747273658         9.115647347       -0.2866591924                
     18305.61824         29481.82918        -24072.03356                
Si              53                                                      
     6.584530695        0.5606704521         3.991425061                
    -3.596317321        -3.851347446        -2.768398293                
     5840.827317         363.5071320        -19766.57215                
Si              54                                                      
    -4.117030425         9.571214596         2.799300575                
   -0.8390997966         6.178730233         6.718903526                
    -17526.38664        -20761.43207         7297.457435                
Si              55                                                      
    -3.755304722        0.4211110992         2.518565021                
    -1.405000757        -5.261118226       -0.6132779458                
    -32577.78078        -11837.52045        -5290.450565                
Si              56                                                      
     6.087096014         9.294839622         3.887884131                
    -8.472615235        -3.610428147         3.932597185                
     18661.28949         21644.18674         11361.65315                
Si              57                                                      
     4.835131828        -1.358904959        0.2618639986                
    -1.599234969         1.912936443         1.582947130                
    -25850.80058         3433.825393         948.1918107                
Si              58                                                      
    -5.864718867        -8.666993946         6.780219102                
    -2.058269487        -4.269676678         1.584806718                
    -8366.553911         14086.32402         8108.582890                
Si              59                                                      
    -5.597210156        -1.323975049         6.402642896                
     5.444487946        -3.025713807        0.5260215372                
    -822.1611712         11932.39820        -15824.45006                
Si              60                                                      
     4.253263677        -8.843251378        0.3480347652                
     4.978479270        -1.722972837        -4.444710581                
     7673.737705        -6372.049090         13699.25191                
Si              61                                                      
     7.961237870        -1.371796843        0.1815844848                
   -0.1603726010       -0.5956962621         6.584084937                
    -5364.317722         47601.53522         2841.315973                
Si              62                                                      
    -2.712453140        -8.778889366         6.512809668                
     3.940179880         2.364029491        -2.705835471                
     50242.27117         12922.49023         27273.79689                
Si              63                                                      
    -2.409157409        -1.165336130         6.212660583                
     2.445539321        -6.941225488         6.153548878                
    -16665.77369        -1102.922987         11942.57590                
Si              64                                                      
     7.503586996        -8.978558112        0.3725896179                
    0.5244774892        -3.063658079        -1.647875126                
    -6463.733311         11202.40565         32797.40234                
Si              65                                                      
     1.622315127        0.5765623262         4.292545739                
    -2.059964921         3.275455618        0.6587799524E-01            
     34147.59193        -7238.265101        -20010.11469                
Si              66                                                      
    -8.797493779         9.385205317         2.623860616                
    -2.678732813         3.398813698        -3.987352696                
    -10348.77652        -4169.065327        -25402.34402                
Si              67                                                      
    -8.418779741        0.5085467432         2.414854599                
   -0.9456186358         3.223678118        0.1771821023                
    -6562.417638         23238.85313         23698.94958                
Si              68                                                      
     1.218620827         9.338548536         4.196355305                
     1.039207173        -5.663732558         2.817850149                
     18633.81636        -21758.00486         11116.84743                
Si              69                                                      
     3.995781860        0.9867604371         2.149110295                
    -10.29925555         3.183007569        -2.406196099                
     16189.01702         5717.862020         3519.294065                
Si              70                                                      
    -6.549604250         9.192052532         4.812077409                
     3.542466394        -2.014964527         1.992860513                
    -9562.572206        -32868.33448         991.2230794                
Si              71                                                      
    -6.182923607         1.169945644         4.454238543                
    -3.547301340        -4.927896918        -1.846208483                
     15999.69191        -7244.438298         21503.25582                
Si              72                                                      
     3.471059331         8.844696580         2.105837667                
    0.3564103378         3.540276837        0.7642970806                
    -6290.897936        -2699.668370        -3091.900282                
Si              73                                                      
     8.703509862        -3.446757427         2.271620726                
     2.502845044       -0.4274397797       -0.9620765359                
     19812.07816        -5187.757488         12515.09152                
Si              74                                                      
    -1.456470338        -6.706892190         4.560390021                
     3.596089343         6.111311058        -1.582860217                
    -2003.146153        -4398.734834         13152.41778                
Si              75                                                      
    -1.367894681        -3.509815814         4.436856490                
    -3.678037694         6.499002602         11.76437110                
    -11907.75238        -19264.80108         2311.197743                
Si              76                                                      
     8.569822794        -6.615249493         2.290675975                
    0.7913748244E-03    -3.038757972         5.008160267                
     16362.66921        -11965.03398        -4059.622207                
Si              77                                                      
     6.414865599        -2.593976260         4.203967096                
    -3.370086748         2.076709503         1.135817378                
    -12295.25436         7625.694534         6964.873112                
Si              78                                                      
    -3.963157731        -7.469243801         2.794813855                
    0.8035633176         1.718081142         1.344506208                
     1846.425670         16881.34492         32641.18046                
Si              79                                                      
    -3.864230589        -2.824258752         2.621816793                
     1.806664635        -1.034764239         4.672178727                
    -670.4388350         38267.49635         16406.45371                
Si              80                                                      
     6.347573325        -7.663565723         4.278422587                
    -1.063974574         2.456818231         4.813311239                
    -6462.991081        -15437.07491        -33535.52846                
Si              81                                                      
     4.584421219         3.368873730        0.1755509965                
    -4.374134078        -1.583645593         2.048407535                
    -35141.64750        -3788.828082         9743.968004                
Si              82                                                      
    -5.840459450         6.621365622         6.520930412                
     1.969267177        -8.689855505       -0.3306694122                
    -11239.42983        -3407.720922         17953.77197                
Si              83                                                      
    -5.545817596         3.586110060         6.309253921                
    -1.030014118        0.8924933114         2.094122266                
    -9782.300184         1147.603980         3528.518644                
Si              84                                                      
     4.479542696         6.463223794        0.3476750565                
     10.47684246       -0.4458610670         1.967792208                
    -25080.57029        -21241.41398         9684.033740                
Si              85                                                      
     7.747342122         3.317363908        0.7075367605E-01            
     5.277780765         11.97693887       -0.7040855789                
    -11157.69360         4963.964999         34488.33208                
Si              86                                                      
    -2.641525169         6.589738592         6.632441387                
    -4.218958785        -1.182041289        0.4968526221                
     12175.47232        -21472.11095        -36984.77806                
Si              87                                                      
    -2.404568802         3.541467234         6.237128149                
     6.470005133       -0.5144605047        -4.503172062                
     7990.504700        -21110.47036        -28155.79569                
Si              88                                                      
     7.617219636         6.455293259        0.6601236929E-01            
    -11.00301497         5.033821056       -0.9432468804                
    -1924.655056        -6445.288727        -3979.618759                
Si              89                                                      
     1.602753769        -2.605590399         4.161050466                
    0.6165642007        -12.28192490         4.884922289                
     4452.318188         164.9253864        -3400.202066                
Si              90                                                      
    -8.771330599        -7.611120617         2.628018547                
    -4.879299568       -0.4537618502         3.732969884                
    -26688.70442        -26759.77345         29673.58948                
Si              91                                                      
    -8.646625445        -2.633339886         2.326023310                
    0.1007446415         6.975302351        -2.216034288                
     34063.84675         2782.026617         40101.46467                
Si              92                                                      
     1.482476770        -7.765609295         4.372589824                
     1.563765697         4.513854543         4.190824327                
     4217.357783         11733.10035         4108.226317                
Si              93                                                      
     4.032274300        -3.525720959         2.311455886                
    0.8302038958        -3.444413329        -3.246794527                
    -19396.89584         12773.55201         8904.577713                
Si              94                                                      
    -6.565983320        -6.610095339         4.619222707                
   -0.7824499499E-01    -2.581288595         2.479650975                
     10063.22531        -10077.73309        -19248.91204                
Si              95                                                      
    -6.440073711        -3.583324010         4.422758826                
     3.535113090         3.439164314       -0.2931357078E-02            
     21765.58854         43579.17270        -558.0227777                
Si              96                                                      
     3.795541083        -6.666823411         2.596987954                
     7.605208706        0.3304795482E-01    -1.543558021                
    -1413.320356         239.2115644        -14266.20833                
O               97                                                      
     2.753113749        -1.008408903        -3.386232696                
     6.463314416        -5.926174577        -7.564861375                
     7298.342264        -16761.70330         4047.221353                
O               98                                                      
    -7.557565324        -8.988596331        -3.114054516                
    0.8948067039        -1.667015416        -4.745464168                
    -27571.35577         3752.498852         18851.70011                
O               99                                                      
    -7.341807557        -1.092163516        -3.421732201                
     6.882802033        -2.772956865         3.188469847                
    -10781.61866         3974.084603         7108.665329                
O              100                                                      
     2.566361338        -9.132097635        -3.416117147                
    -7.152527815         11.17092598         4.447214166                
     2517.436915         4314.224025         17366.42413                
O              101                                                      
     4.412025946        -1.350110848        -1.267306225                
     4.111035949         2.343846847         2.867512874                
    -4820.178600         17795.31383         2451.013704                
O              102                                                      
    -6.344649991        -8.742813784        -5.306685909                
     4.012400736         10.38004744        -2.866703361                
     10546.23733         8317.363050        -43920.40033                
O              103                                                      
    -6.020983793        -1.146455412        -5.692952470                
    -2.587481592        -3.410751607         2.535785531                
     4845.045755        -3946.406126         12055.95233                
O              104                                                      
     3.818382880        -8.945334447        -1.134961105                
     8.963959061        -3.248284437         2.758075652                
     5784.762891        -255.3775154        -8694.035651                
O              105                                                      
     4.421345611         1.271604272        -6.643087394                
   -0.8990612733        -3.152030240         3.762450394                
    -8187.984242         2753.794591        -11153.41052                
O              106                                                      
    -6.160303994         8.703110125       -0.2529766799                
     1.946704264         3.806780155         7.906939973                
    -1315.801206        -1408.460645        -17885.32820                
O              107                                                      
    -5.834353515         1.357801624       -0.4406993742                
    -12.39426696         4.640547144       -0.8977344589                
    -18040.20981        -21279.31864        -5426.959699                
O              108                                                      
     3.788380590         8.971992296        -6.508018891                
     6.579365979         1.810757901         3.332671400                
     2222.559427        -8057.824976         6404.802942                
O              109                                                      
     8.330666823        -1.182363975        -1.344158507                
    -1.636722263        -7.613696148        -3.244779628                
    -640.4745552         291.9444703         11907.56581                
O              110                                                      
    -2.098153943        -8.990455005        -5.529866271                
     4.043447742         5.404500838         4.063588798                
    -15940.72773        -7636.570095        -32114.28385                
O              111                                                      
    -1.802974136       -0.7345720007        -5.951493195                
    0.7661287906         5.537918691         4.260873058                
     2498.322160        -19261.57676         535.1684456                
O              112                                                      
     8.073212306        -9.165349153        -1.040196956                
    -3.114218296         4.670744533        -1.498602368                
     308.4243446         3947.145873        -35043.89692                
O              113                                                      
     7.787592685       -0.9921824079        -3.866640940                
     4.247686691         4.983120818        -9.926055827                
     27220.67969         4769.896324         12209.26395                
O              114                                                      
    -2.464591745        -9.220303763        -3.049220554                
    0.2141484277        -1.879296966        -5.393477991                
    -11706.85569        -95.35719627         16151.26837                
O              115                                                      
    -2.281352475        -1.074610765        -3.418261232                
     2.651017971       -0.3625664955        -4.931350617                
     5226.342834        -1263.582411         7484.547563                
O              116                                                      
     7.717931477        -9.309742443        -3.793128140                
    -5.361184339        -2.837151094         5.173056721                
    -17213.86920         22694.54290         20681.63628                
O              117                                                      
     5.376860483        -1.196394566        -3.621537988                
    -2.372581552         3.959109656        0.4585258804                
    -27001.32980         10242.68634         136.8352230                
O              118                                                      
    -5.022787161        -9.215693997        -3.255689874                
     1.265150899         11.50754767         1.455305505                
     37940.22820         8304.468473         34081.68193                
O              119                                                      
    -4.852431026        -1.060687734        -3.308076922                
    -2.398306494         11.03778187         10.02290285                
     27001.36159        -20952.48232         14104.83934                
O              120                                                      
     5.067404280        -9.052772688        -3.435433592                
     2.648462995        -2.872201063        -3.057178925                
     32259.40159        -6311.540188        -17919.44598                
O              121                                                      
     2.815779073         3.052397329        -3.507495662                
   -0.3272996228         7.664102285        -5.323747616                
    -5537.150725         1523.821992        -17281.60163                
O              122                                                      
    -7.562162305         7.221089003        -3.315948075                
     1.795745251       -0.5853108996        -3.870361331                
    -18949.48804        -14308.13742         22771.25866                
O              123                                                      
    -7.317732829         3.003173636        -3.544623470                
    -5.378697887        -4.032804826        -3.171955987                
    -264.4223926        -4100.193776        -9564.600261                
O              124                                                      
     2.656075078         7.109569974        -3.293972369                
     9.530305325         8.650841303        -6.311734879                
    -19663.19278        -15386.84609        -16511.81764                
O              125                                                      
     4.134189886         3.060791456        -1.293706292                
     2.213484791         3.499439781       -0.3469333779                
     6876.068758        -14031.33892        -14055.60856                
O              126                                                      
    -6.381332554         6.997413816        -5.569090875                
     3.703634285        -3.199255333         2.885771427                
     24447.32972        -1205.236975        -186.7171473                
O              127                                                      
    -5.891414858         3.145377061        -5.786121771                
     7.936403175         1.422987772       -0.6238480478                
     2924.967190         7869.050889        -5349.801610                
O              128                                                      
     4.152004359         6.954273499        -1.089679438                
     2.148394251        0.2641625764         7.296429232                
    -1811.874154         4576.458983        -8018.859085                
O              129                                                      
     4.079933926        -3.380774514        -6.448560668                
    -2.575750423         1.749782958        -7.955508232                
     23950.85329        -651.0231319         1674.599248                
O              130                                                      
    -6.020595084        -6.815330938       -0.2541113078                
    -4.997195038        0.6889803312         5.647746312                
    -20787.54500         325.5650911         8630.916505                
O              131                                                      
    -5.828498537        -3.551901741       -0.5983395861                
     2.109032299         4.058606478         2.205841934                
    -16852.27693        -4038.065355         5929.167236                
O              132                                                      
     4.261274357        -6.861957514        -6.449764841                
     17.54887246         4.554265244        -18.47798707                
     33371.74827         3517.590170         3669.648411                
O              133                                                      
     8.249022621         2.881430266        -1.338217665                
     3.711209143        -5.063681510       -0.5521655944                
     11198.78495         7200.743562         13379.71699                
O              134                                                      
    -2.127582266         6.966612986        -5.555327286                
    -7.148350571        -2.168454821        -10.33047190                
    -1612.977558         10400.81100         9716.328651                
O              135                                                      
    -1.868396375         3.005857236        -5.963902870                
    0.4054981530        -5.148499076         3.456786826                
    -156.4887099         8979.078435        -902.0398937                
O              136                                                      
     8.010564915         6.903291649        -1.424373999                
    -7.701878016        -8.324759470         4.274736842                
     4947.680695        -4188.934062        -10605.40167                
O              137                                                      
     7.959864029         3.231736474        -3.756770399                
     16.92796931         8.250839989         2.987534875                
     3190.801392        -2802.573576        -5510.968524                
O              138                                                      
    -2.479558025         7.197980968        -3.062001293                
    -9.690490984         8.518000031        0.5462229707                
    -6204.369418        -6613.105388        -4559.522507                
O              139                                                      
    -2.186788099         3.421681082        -3.315091894                
    -3.348830738        -2.147289279        -3.166576719                
    -15459.77221        -18394.20767        -19539.95754                
O              140                                                      
     7.637263769         7.014946666        -4.041489412                
    -3.775356457        -3.961221499         7.619298647                
     3844.207241        -2656.246764         17314.17819                
O              141                                                      
     5.463223036         2.943343743        -3.621583461                
    -1.727953591         2.538086021        -2.578328139                
    -37950.26383        -125.0174853         18201.27960                
O              142                                                      
    -4.970641357         7.227155180        -3.213907098                
    -9.034545518         6.769342368         3.837050361                
    -15418.34191        -7557.600191        -11240.38487                
O              143                                                      
    -4.797394745         3.020665951        -3.437735921                
     7.050908231        -1.170224966        -1.240904281                
     5800.810073         8647.171272        -10198.63695                
O              144                                                      
     5.099730795         7.110533307        -3.546216890                
    -4.046462252        -2.053265204         4.603000537                
     19003.22077        -14721.79635        -3289.079845                
O              145                                                      
     4.139455470        0.9053256278        -2.722201952                
    -4.173722739        -3.623617981        -4.126822716                
    -748.7148775        -15474.62485         7736.998520                
O              146                                                      
    -6.332416895         9.230169868        -4.168588505                
   -0.6997207123         1.493825529        -8.904292350                
     1034.661349        -36310.22584        -1454.011008                
O              147                                                      
    -5.892793025        0.9583269151        -4.418204220                
    -1.421465410         8.511359954        -9.427706080                
    -19275.30203        -5246.329499         11538.71196                
O              148                                                      
     3.909743492         9.066493264        -2.542486405                
     3.423632071        -12.36591067        0.5380076333                
     6503.524081         17669.81508         11098.71473                
O              149                                                      
     8.970130530        0.9893260273        -2.711082533                
    -5.623127091         4.944278098        -4.648482164                
     2918.869554        -17141.19094        -5586.735594                
O              150                                                      
    -1.260956669         9.077256451        -4.266326524                
    -4.061327103        -10.72146230        -3.969764588                
    -14191.77234         24116.39750         1639.733507                
O              151                                                      
    -1.371639894         1.187729432        -4.372637655                
    -7.928958682         13.07979825         1.105903498                
    -4360.222718        -25028.99420         4330.897699                
O              152                                                      
     8.617040676         9.083911086        -2.721652416                
    -5.492268735         1.888982854        -7.143814359                
     12512.75953        -39731.09455         5917.191790                
O              153                                                      
     1.918105661        -2.518514783        -5.454348629                
    -5.537888725        -9.268311908        -6.650246007                
     3606.616905         19547.27541         8081.760997                
O              154                                                      
    -8.346022766        -7.613699036        -1.100018863                
    -8.671001660         4.430691668         10.87318756                
    -14613.06213        -21714.97469        -20437.03939                
O              155                                                      
    -8.058621105        -2.481124635        -1.340835283                
     4.762266080        -6.644858949        -4.091043330                
    -3319.794570        -3380.702209        -22239.02208                
O              156                                                      
     2.060286882        -7.701058553        -5.384742045                
     4.403825901        -2.333238919         1.618497570                
     12431.21320         26753.32719        -6830.981819                
O              157                                                      
     2.452659457        0.5410359765E-01    -5.489641576                
     11.10338085       -0.9120962867         3.184720796                
    -3854.311749        -2376.415715        -11729.80832                
O              158                                                      
    -8.333740022         10.00433787        -1.107028836                
     6.444726884         2.161452655        -4.735122478                
     9347.273219        -1696.980745        -6376.287567                
O              159                                                      
    -8.091410483        0.2519961901E-01    -1.312763847                
     3.420615989        -2.436216934        -10.74852425                
     15546.26207         15500.87349         8091.266395                
O              160                                                      
     1.632043673         9.971480635        -5.449441766                
    -4.358164517        0.4375426878         1.264684109                
     10143.63348         6699.651396         3442.564918                
O              161                                                      
     2.300970398         2.596328169        -5.788487696                
    -8.461619836         12.47059190       -0.9162120418                
     10949.99700        -15761.31310        -9220.776374                
O              162                                                      
    -8.479669873         7.482830824        -1.013348156                
    -3.694112576         2.648340948        -4.506726057                
     23726.42475         1854.645307        -8971.606973                
O              163                                                      
    -7.883741937         2.544227061        -1.221764535                
    -2.435574119         3.633046809        -5.610006387                
    -20773.67339         10680.73915        -9121.119062                
O              164                                                      
     1.803367673         7.458558516        -5.710964529                
     1.742426447        -1.622642641        -7.102648886                
     11032.74219         4634.073016         15054.00296                
O              165                                                      
     6.381242190        -2.519178419        -5.473340857                
    -8.757702125        0.7889154058        -2.665633369                
    -14334.78964        -21368.89564        -17130.43368                
O              166                                                      
    -4.016908197        -7.736422752        -1.371566323                
     8.808580562       -0.9167958598         1.321470956                
     13325.66174        -18438.68426        -5924.241657                
O              167                                                      
    -3.615665174        -2.530491009        -1.402481672                
   -0.4780614235         15.38311243        -4.740460141                
    -7319.854063        -21669.22801         1224.157650                
O              168                                                      
     6.349758662        -7.762220906        -5.359435524                
    0.7532583373        0.8488385815         1.143481384                
    -3997.289832         2765.038706         3721.808206                
O              169                                                      
     6.302843005        0.9856970797E-01    -5.758419095                
     2.663267207        0.2793839285         6.363490507                
     8522.721745        -41393.23404         15241.60258                
O              170                                                      
    -4.026236922         10.01356977        -1.073803096                
    -4.984088746        0.8004004297E-01    -1.075308740                
    -3191.053016        -3661.704574        -10624.48403                
O              171                                                      
    -3.768951318        0.1814793974E-01    -1.482403234                
   -0.7264238745        -1.902863456        0.8128705580                
     10056.54252        -16219.44020         11923.46081                
O              172                                                      
     5.975376452         9.860582394        -5.566988115                
    -6.706590094       -0.2707485326       -0.2694974745                
    -3976.836262         7132.938587        -3462.956704                
O              173                                                      
     6.417899430         2.541801247        -5.794320239                
    -5.339174000         4.447011238       -0.3235276607E-01            
     5304.125402         9312.236852        -13406.71794                
O              174                                                      
    -4.005290604         7.512171535        -1.012491285                
    -1.553991612         8.750500543        -4.088834286                
    -9304.628770         16712.41977         19695.40188                
O              175                                                      
    -3.783704737         2.413763619        -1.308401096                
    -2.924285204         13.22930046        -4.921191179                
     19181.92713         30316.29725        -11629.44832                
O              176                                                      
     5.819039070         7.398438969        -5.891185657                
     3.058151535         10.34784521       -0.1611276673                
    -7911.429468         26288.01973        -18103.95890                
O              177                                                      
    -9.958995644        -1.083009548        -2.687645049                
     1.300331780        -8.190569778        0.5617090325                
     25561.03384        -9216.633632        -2973.443487                
O              178                                                      
   -0.4227783096E-01    -8.825336958        -4.184366160                
    0.6648055570       -0.5082783054        -5.291345407                
     21088.17470        -679.8359105         15516.58181                
O              179                                                      
    0.2812630204       -0.7276320294        -4.374333550                
    -5.325276526        -1.421882026        -2.016311680                
    -11972.28667        -12071.82272        -3986.279097                
O              180                                                      
     10.10360832        -8.987590520        -2.436297170                
     1.083157183        0.2536591444         2.236466658                
     10616.28441         2003.848162        -3172.219905                
O              181                                                      
    -9.867058676         3.105483416        -2.738806571                
     3.691824888        -4.613134086        -1.809460180                
    -4939.358468        -2368.406225         5517.183779                
O              182                                                      
    0.9041269239E-02     6.895525212        -4.105412262                
   -0.1377836141         4.823934525        -6.115371881                
    -3591.299834         10213.13438        -312.0513207                
O              183                                                      
    0.2455592391         3.086615975        -4.420831932                
    -6.207412592        -11.97342724         1.796347120                
    -8364.712321         1719.107484        -10930.51971                
O              184                                                      
     10.12085696         6.884672470        -2.754380670                
    0.9743549765        -9.645931063        -4.328203561                
    -1151.646944        -3801.897867        -10280.44901                
O              185                                                      
     1.704148887         5.062348723        -4.628342810                
     1.297397825         4.948620830        -12.68189529                
     10390.47131         6871.881311        -2303.760636                
O              186                                                      
    -8.307832129         5.029817084        -2.323294826                
    -1.232544762        -13.19038149         6.622845215                
    -18201.96434         13009.26698         4842.936338                
O              187                                                      
     6.258018871         5.049780854        -4.770157300                
   -0.7420164942         6.725419537         4.021700885                
     7113.133346        -1339.036202         3528.047601                
O              188                                                      
    -3.799451123         5.029175201        -2.222451704                
     2.938722714        0.5771240704         6.444087764                
     1324.327353         35901.45656         711.5610966                
O              189                                                      
     5.960374830        -5.178129411        -6.296403076                
     1.821886976        -9.590440030        0.1101192318                
     6862.896519         38285.70271        -655.7527074                
O              190                                                      
    -4.024234304        -5.256517088       -0.6267797021                
     2.258420546        -3.689011210        -6.318156288                
    -4574.958765        -3549.292559         10788.16292                
O              191                                                      
     2.448398824        -5.140329019        -6.299483313                
    -3.643514541         6.155492459         6.061507464                
    -834.6372379        -1821.472638        -2677.850256                
O              192                                                      
    -7.705140730        -5.129147006       -0.4689968173                
     5.715794358         4.598591907        -2.155274455                
    -11864.00629        -11611.63030         3492.946009                
O              193                                                      
     7.915373078        0.9344038925         3.160908999                
     5.371753077        0.6379088228         3.630112103                
    -29390.04444        -11575.69652         32802.54917                
O              194                                                      
    -2.888249032         8.903915502         3.566102133                
     5.919791144         7.225003542         5.513646384                
    -8583.653003         13325.28363        -13520.93224                
O              195                                                      
    -2.462837311        0.9355291693         3.182352487                
     7.154173803        0.5423953558         13.91806408                
     20528.20912         616.7724142        -17547.54458                
O              196                                                      
     7.569921639         8.762943242         3.262607625                
    -2.054741907       -0.7041201623         4.437065883                
    -49865.55541         3724.706909         23946.58328                
O              197                                                      
     6.568722934         1.184963886         5.421920232                
     1.265742942        -3.427175567         6.780788547                
    -17383.26554         25.02232270         13558.35809                
O              198                                                      
    -4.332542305         9.147672231         1.296019585                
    -3.338126250         2.561067257        -1.493948304                
     12108.64110        -6297.199360         3551.393821                
O              199                                                      
    -3.954057665        0.8955595452        0.9875513653                
    -1.796357667         5.176949095         1.961268860                
     16050.97932        -10443.14483         17055.31501                
O              200                                                      
     5.730624202         8.922411258         5.422386504                
    -2.928880668        -10.70776198         8.196615821                
     10229.72378        -1463.022686        -5157.875334                
O              201                                                      
     6.351359767        -1.241253309        0.3436434980                
    -3.729646204        -2.225741014         4.917802798                
     36975.56025        -7510.208760        -10299.77890                
O              202                                                      
    -4.224666892        -8.697583370         6.746294814                
     8.188694969        -6.161091552         1.030560306                
    -41475.84327        -7961.604925        -12597.06986                
O              203                                                      
    -3.972605986        -1.475166590         6.366989925                
     2.665474510        -2.295336848        -9.305415572                
    -10223.13024         19979.75869         912.2213910                
O              204                                                      
     5.876557840        -9.025202135        0.3377881273                
    -6.251776055         1.979921388        -5.650036827                
     1148.097978         7811.799611        -2059.415112                
O              205                                                      
     2.178028290         1.039464314         5.716620511                
     3.524667591         6.149464246        -4.095003916                
    -1180.505203        -9673.064896        -9336.419325                
O              206                                                      
    -8.129000938         9.034862530         1.234880840                
    -7.188779976         11.85478845        -2.599487148                
     10168.24201        -10341.46041        -1161.842316                
O              207                                                      
    -7.879912672         1.064787282         1.085145217                
    -9.652461213         3.336779325        -3.216262423                
     2707.139072        -3188.518649        -29860.31074                
O              208                                                      
     1.749182624         8.921116856         5.651224800                
     6.667515064         3.636510868        -4.985288728                
    -354.3422789         3348.131729         8051.884198                
O              209                                                      
     2.816535713        0.8177885920         3.140035003                
    -8.653490234         1.918281756         1.266809834                
    -31007.02748         11840.12921         21794.49835                
O              210                                                      
    -7.823987182         9.139781206         3.881118698                
    -1.300222199        0.6981323212        -4.150639415                
    -17748.23964         4844.184561        -6506.456064                
O              211                                                      
    -7.394469548        0.9331035479         3.526456886                
     2.542996079         9.315626291        -2.845476052                
    -10623.06469         8757.166012        -1099.144843                
O              212                                                      
     2.191256602         8.902978400         3.033561332                
     1.041786461        -2.198922117       -0.1632772550                
     8169.492782        -2798.492552        -5337.102779                
O              213                                                      
     5.359194164        0.8956548854         3.037064213                
     5.125373356        -12.31715366         10.84539386                
    -6918.224984         8878.190590         8050.728336                
O              214                                                      
    -5.423192901         9.336962864         3.735739317                
   -0.8872723175        -2.493938587       -0.8634964768                
     18100.09697         3933.083659        -5484.302177                
O              215                                                      
    -4.897728401         1.010712169         3.487075961                
   -0.5327680108        -6.228950979         3.085030338                
    -6994.394495        -5054.885489        -2818.605247                
O              216                                                      
     4.784482088         9.068640858         3.005962538                
     5.398500100        -3.019051450        -3.577982151                
     10283.05602        -10878.92747         1608.418506                
O              217                                                      
     7.700391153        -2.972843717         3.367087801                
    -5.525904575         6.857967170         7.823656255                
    -10316.54222        -7049.098457         5923.443113                
O              218                                                      
    -2.600008168        -7.000047015         3.507151326                
    -4.789236541        0.5184157838E-01     10.76325924                
    -7110.982249        -4281.088384        -11215.50470                
O              219                                                      
    -2.522610209        -3.172083244         3.374197525                
    -1.094850566        -1.940660770       -0.7952521082                
     13275.06733        -17857.94949        -652.3761864                
O              220                                                      
     7.551319541        -7.026729653         3.382739367                
    -7.309341218        -3.273976368        -6.625511399                
    -22448.98507         20.40999808         26347.16040                
O              221                                                      
     6.192297361        -3.101304300         5.703697626                
    0.3628846410       -0.4210653371         3.547159423                
     2158.761028        -7970.495073        -9263.682248                
O              222                                                      
    -4.071570778        -7.096788655         1.329768281                
    -2.699245678        -2.041475601        -7.439692495                
    -5942.909746         11149.30451        -53959.13408                
O              223                                                      
    -3.977645346        -3.327856370         1.148859309                
     4.575485089       -0.4800896972        -2.720597203                
    -8594.082140        -20658.14084        -28347.52175                
O              224                                                      
     6.291649819        -7.290078754         5.807671932                
     3.783972971         12.46090295         1.459375888                
     14021.79107         3924.006766        -33673.24542                
O              225                                                      
     6.130007402         3.257048473        0.1984705382                
     3.912959529         6.218488858       -0.8991425230                
     26515.21581        -1022.847052        -3668.268125                
O              226                                                      
    -4.249961348         6.541126797         6.624189538                
    -11.73640645         1.291470878        -8.018615755                
     12148.71413         16888.13668        -586.0252123                
O              227                                                      
    -3.962221137         3.576220953         6.181149655                
     2.354442636        -4.614121053         7.789242571                
    -17631.89224        -8204.304710         3092.850610                
O              228                                                      
     6.043833054         6.496421019        0.3214536413                
    -8.631575823        -6.267992252       -0.3404283083                
     4034.840000        -718.0342200         934.3296963                
O              229                                                      
     1.951121818        -3.181187864         5.614467600                
     2.082988019       -0.4847840276         6.188621976                
     14560.80995         3940.660665         7993.787382                
O              230                                                      
    -8.124966211        -7.092986409         1.341188927                
     7.461749712         1.881137167         2.672661634                
     7389.787202         14195.18903        -23236.96829                
O              231                                                      
    -8.066107652        -3.136554412        0.9723661995                
    -9.971611465       -0.6699771756E-01     6.291026642                
     2708.822389        -4275.337224        -13430.60818                
O              232                                                      
     2.145998552        -7.277934359         5.724018619                
     3.549564980        0.1804732066       -0.6633664101                
     7346.277910         6330.441782         12490.01234                
O              233                                                      
     2.648551685        -3.019459087         3.058555570                
     12.85812839        -13.03482163         4.714275968                
     17703.18909        -12882.62113        -4850.511894                
O              234                                                      
    -7.814048586        -7.247819876         3.842962279                
    -3.404856867        -7.905480414         5.771940697                
     12035.89292         6056.643867        -7499.505938                
O              235                                                      
    -7.593703008        -3.267493348         3.413144317                
     7.430475996       -0.5122049821E-01    -4.551766684                
    -14807.41163         4488.832882        -6582.510350                
O              236                                                      
     2.442431591        -7.023948415         3.324813303                
    -3.226083925        -14.49703347        -12.17426184                
     1606.944920        -8834.155536        -1920.900343                
O              237                                                      
     5.214527981        -3.176669949         3.301680729                
     1.044334309         2.133898643         4.221576774                
     10304.94177         8522.323935         4585.642725                
O              238                                                      
    -5.226855554        -6.805170952         3.610387487                
    -5.573443040        -6.525460132        -5.242569189                
    -8835.717564        -22194.99359         10513.50222                
O              239                                                      
    -5.085055270        -3.102346468         3.589304524                
   -0.2796865384       -0.1591838721         3.330582797                
    -14869.91251        -31537.16364        -3748.155625                
O              240                                                      
     4.981570584        -7.105864203         3.537922244                
    -1.321823368         1.765987691        -4.284326069                
     18291.55516        -4847.236744         8466.233772                
O              241                                                      
     6.387712132        -1.007395529         4.249485945                
     9.343399492        -7.635146631        -7.562531836                
     7532.219854        -864.1292198        -3252.067791                
O              242                                                      
    -3.974106972        -9.062241972         2.912114026                
    -3.480503110        -7.714766370         6.160590208                
    -312.2263576         16633.80809        -3534.431668                
O              243                                                      
    -3.833360883        -1.205879710         2.559341189                
     6.236161759         7.275219732        -4.176542325                
     4083.745616         16359.33399        -8817.634945                
O              244                                                      
     6.302576374        -9.253026434         4.009744488                
     8.632562635        -10.47922622         3.123190314                
    -1069.025924        -3832.551905         5896.777936                
O              245                                                      
     1.617636557        -1.021446279         4.189526711                
     5.391934726        -6.242533382        -6.947550732                
    -9876.743468         7462.761900         12170.45713                
O              246                                                      
    -9.001157049        -9.212629243         2.510106261                
    -1.104796792        0.5715919738         4.264902110                
     15322.60642         7771.523029         19093.84652                
O              247                                                      
    -8.450023641        -1.028250510         2.512569001                
     5.488784575        -1.675355157       -0.5606322740                
    -16917.25804        -28515.70958        -17353.61688                
O              248                                                      
     1.328846058        -9.300288807         4.153417162                
   -0.1116960011         7.786026914       -0.8445902404E-01            
     15681.81261         13197.92967        -956.8751786                
O              249                                                      
     8.406032346         2.379458955         1.219574997                
     3.904742655         1.860140005         2.118910533                
    -3529.032725         12426.83833        -25870.73694                
O              250                                                      
    -2.011525354         7.700066126         5.605819702                
    0.6161127252         5.798797933         3.697094200                
    -21789.29264        -9701.316427         15902.56338                
O              251                                                      
    -1.854064804         2.621863297         5.009970959                
   -0.6586135480         4.889980248        -5.971430315                
     9282.205020        -1207.653929         12716.21077                
O              252                                                      
     8.071388946         7.524070950         1.113679343                
    -7.467474635         1.542590603        -4.779115328                
     9107.035904        -15171.36867        -3062.385703                
O              253                                                      
     8.660450211       -0.1865737057         1.066030273                
     4.242984574       -0.9427106052         1.897937385                
    -5772.597669         8587.543816        -4012.373209                
O              254                                                      
    -2.182662916        -9.942347612         5.533926753                
     6.816508409       -0.1604283471         3.630286389                
    -13540.10560        -1472.751454         8506.865064                
O              255                                                      
    -2.020093721        0.8489644155E-01     5.355817394                
     4.108163053        -3.809342399        -8.955361452                
     21448.06816         12607.21835        -26173.66346                
O              256                                                      
     8.103771340         10.02377980         1.239501381                
     18.45763077        -2.025791416         6.574995797                
    -3589.797455        -15427.49553         9396.932167                
O              257                                                      
     8.401394157        -2.570190413        0.9983464415                
    0.5076803239        -1.208712896         2.430848692                
     2244.979662        -28317.21771         4211.566019                
O              258                                                      
    -2.089578324        -7.520775597         5.761531003                
    -2.171422300         8.408467850       -0.3081355580                
    -8778.721692        -6408.101161         5750.605854                
O              259                                                      
    -1.854405253        -2.493538333         5.552464792                
    -8.997288477        -5.000487555         7.602710312                
     18007.03882         1810.569124         105.4112458                
O              260                                                      
     7.999114695        -7.600559200         1.116765730                
    -5.359577751         1.373509057         1.051018494                
     6259.488003         5344.182048        -1820.459443                
O              261                                                      
     4.009288913         2.266364415         1.207807842                
    -2.626981752        -2.684810281         6.183174388                
     7383.216276         8790.712689         676.1816556                
O              262                                                      
    -6.254541951         7.854908820         5.661683550                
     2.075136889        -6.337069531        -3.038512707                
    -2795.740237        -873.2869363        -14706.99766                
O              263                                                      
    -6.115561063         2.461129054         5.387925947                
     3.550963104         3.421030502         12.03489319                
     2651.407333         6419.063743        -20182.40950                
O              264                                                      
     3.709010637         7.463129853         1.332856321                
     2.332936857        -9.056560219         2.139797587                
     15895.80581         5197.208951        -11.49344139                
O              265                                                      
     4.244710082       -0.1749477776         1.147961371                
    -1.421047390         6.346981901         8.169984759                
    -3642.457540        -12090.59917        -16411.86432                
O              266                                                      
    -6.437106462        -9.897366113         5.909746288                
    -8.347671044        -6.756127915         1.837597517                
     16548.24903         26788.39786         5357.594918                
O              267                                                      
    -6.062224769        0.2162145291E-01     5.553433718                
    -2.626875224        -5.905322169         1.495683046                
     14866.45274        -21685.04940         1832.371629                
O              268                                                      
     3.623115401         10.07445675         1.099329453                
     7.813935160         2.263578369        0.4241025626                
     1745.274843        -7484.704487         4758.343615                
O              269                                                      
     4.342789470        -2.623088265         1.022239517                
    -4.127531155        -2.492259435        -3.229832280                
    -3310.347452        -24038.76919         16646.94675                
O              270                                                      
    -6.366505609        -7.403332883         5.930976047                
    0.4828632060        -8.125937761         5.749264292                
     17050.55086        -21846.93441         4054.252922                
O              271                                                      
    -6.221364434        -2.544502169         5.634129101                
     1.097135367        -8.635228447         1.280705385                
    -7932.988223        -13154.69121        -4993.480616                
O              272                                                      
     3.904658807        -7.616730490         1.250289010                
    -4.167287308       -0.3496705722E-01   -0.8582601787E-01            
     2931.273713         19137.76518         18244.39049                
O              273                                                      
    0.1476843336         1.089416400         4.116920882                
     10.73741306        -7.323668967        -4.271380563                
    -11001.89134        -2969.457781        -2270.188513                
O              274                                                      
     10.07920831         8.691919423         2.311647843                
    -4.982991755        0.2164404441E-01     8.213128664                
     6363.361267         7642.090385         29480.58776                
O              275                                                      
    -9.933287607         1.104150111         2.402365914                
    0.3610283617        -2.535645294        -3.614154733                
     32343.51339        -12482.93859         8073.105606                
O              276                                                      
   -0.2686524030         8.993978952         4.218336997                
    -5.285701622        -8.771992906       -0.2294232456                
    -27518.50800        -1298.703821        -5198.187985                
O              277                                                      
    0.1297170810        -3.122301241         4.070698682                
     1.773690069        -1.850342621         5.647232569                
    -16661.51676        -644.9624047        -5054.650668                
O              278                                                      
     10.07744894        -7.053867194         2.748116379                
    -10.67221038        -9.354506896        -2.545006616                
    -13910.02343         10835.92473        -20276.60340                
O              279                                                      
    -10.10519884        -3.098574534         2.624361656                
     12.34558843         3.521267768        -8.744184099                
    -3799.080804         5225.703832        -16693.45230                
O              280                                                      
   -0.8808965927E-02    -7.357047557         4.387856264                
     2.601495167         1.929223149       -0.2868479095                
    -18371.52748         24530.20654        -8417.009155                
O              281                                                      
     8.669546108        -5.007814438         2.116440227                
    -5.343204484        -2.683526994         6.554903134                
    -13538.82326        -18317.59449        -5242.868521                
O              282                                                      
    -1.386040913        -5.145154379         4.701783439                
    0.9905701989         5.694986212       -0.2810968078                
     5372.920091         27173.26787        -9766.391261                
O              283                                                      
     3.968305746        -5.091117455         2.347473347                
     9.941570384        -7.097579094         7.738485228                
    -6067.293919        -11411.70405        -12471.51899                
O              284                                                      
    -6.573995116        -5.093102148         4.765118325                
     2.191575531        -6.716442765         1.410676668                
    -2001.970520         12328.96176        -619.4379388                
O              285                                                      
     4.169927402         4.872243336        0.4099120757                
    -1.329966441        -1.352119156        -2.351999003                
     13357.07493         17034.03619         10584.10631                
O              286                                                      
    -6.050308845         5.098269324         6.154439110                
     2.814878970         9.498919548         11.06450443                
    -335.4872507        -1510.410485        -1051.449275                
O              287                                                      
     8.002562911         4.893317928        0.2879983627                
    -3.035616212         8.743603608        -3.855775618                
    -3780.697011         5442.268524        -15277.75072                
O              288                                                      
    -2.184220571         5.054135487         6.255983040                
     2.193077449        0.4099596419         5.122921531                
    -49.61179427         40890.09270         7819.194077                
C              289                                                      
    0.3118616851         3.561508433        0.2580605845                
    -1.811103166       -0.5616243675        -8.876423032                
    -99.50782669        -101.7302688         120.5753031                
C              290                                                      
   -0.7976438164         3.252759239         1.054041260                
    -1.085361582        -3.239379298        -8.903484488                
     15.91180964        -102.3756010         115.4737530                
C              291                                                      
    -1.604534523         4.279490980         1.558768235                
     1.535441717        -4.754655548        -1.631267582                
     15.07319971        -62.61882631        -13.53777847                
C              292                                                      
    -1.301919728         5.614971914         1.267514536                
     3.430503433        -3.592176868         5.668010785                
    -60.09168248         13.19723791        -31.44817553                
C              293                                                      
   -0.1924142248         5.923721108        0.4715338597                
     2.704761846       -0.9144219337         5.695072235                
    -83.07978996         51.06944151         4.456169585                
C              294                                                      
    0.6144764810         4.896989368       -0.3319311558E-01            
    0.8395854821E-01    0.6008543152        -1.577144668                
    -155.5251342         30.28484433         38.17029356                
H              295                                                      
    0.9343202307         2.769458233       -0.1313002258                
    -3.832865713        0.6073030267        -14.48641894                
     114.0589625         142.2811464        -144.9358268                
H              296                                                      
    -1.031101163         2.222517528         1.278731653                
    -2.547275979        -4.136180242        -14.53441680                
     61.85872740         259.3475386        -488.1860169                
H              297                                                      
    -2.460450416         4.041299468         2.172819439                
     2.095289867        -6.820383888        -1.652203992                
    -65.11582417         16.98682466         74.04845789                
H              298                                                      
    -1.924378273         6.407022114         1.656875346                
     5.452265978        -4.761104261         11.27800669                
     47.17646632        -29.44611432         72.59360977                
H              299                                                      
    0.4104312098E-01     6.953962820        0.2468434672                
     4.166676244       -0.1762099224E-01     11.32600455                
     67.20190370        -97.22811778        -19.68174714                
H              300                                                      
     1.470392373         5.135180880       -0.6472443190                
   -0.4758895996         2.666582653        -1.556208254                
     91.76390082        -163.9056990        -58.07400778                
