Diffusion in Zeolites. ZSM5 (Silicate) Crystal Structure, Si(96)O(192) +
         2         2       300     13334   1.0000000E-03   1.3334000E+01
       20.3183600000        0.0000000000        0.0000000000            
        0.0000000000       20.1714600000        0.0000000000            
        0.0000000000        0.0000000000       13.5858629500            
Si               1                                                      
     1.583011213        -1.168727356        -4.505446010                
    -2.243532414        -5.294149043         1.511230523                
     984.7850659         18278.61727         18761.92869                
Si               2                                                      
    -8.534551472        -9.161243072        -2.000631235                
    0.2241036080        -9.052291807         1.626057491                
     56237.58673         33150.15598        -950.3736055                
Si               3                                                      
    -8.550054098        -1.313228664        -2.250333090                
   -0.9521617963         2.614191044         6.163254419                
    -2006.238288        -14229.67597        -3257.366573                
Si               4                                                      
     1.666781490        -8.768736961        -4.288361218                
   -0.6577393867        -2.723606547        -4.007740035                
     22568.35513        -23316.62218         3923.679402                
Si               5                                                      
     4.021297000       -0.5296670801        -2.565520510                
   -0.8580548082        -5.353398740        -8.175261556                
    -24569.37541        -8503.854897         12724.58169                
Si               6                                                      
    -6.364151166        -9.628934258        -4.304034562                
    -2.692044017        -4.785978689         2.408141700                
    -12975.01585        -12950.58222         56366.79076                
Si               7                                                      
    -6.245215021       -0.6563012421        -4.317996121                
     7.052259857        -4.060118421         4.701086562                
    -8110.889499        -15788.68057         21831.78602                
Si               8                                                      
     4.053468756        -9.493675617        -2.418486485                
     2.972445514        -2.580142187         2.650968876                
     610.5286241         2856.694301         1812.416352                
Si               9                                                      
     5.678441883         1.368308689        -6.520554822                
     4.450091290        0.2825756525         2.754364643                
    -10061.20260         13201.09429        -13092.60046                
Si              10                                                      
    -4.219535476         8.823880418       -0.4421900665                
     3.913917106         8.064552034       -0.9813313244                
    -20684.76173         15672.84048         14928.28721                
Si              11                                                      
    -4.562128032         1.229317470       -0.5786684497                
    -1.590174105        0.4984410255         3.162216999                
     4564.957353        -2791.740323        -2082.843874                
Si              12                                                      
     5.748759793         8.888739799        -6.326044907                
    -2.432570695       -0.6460565003        -1.652133376                
    -1285.958268        -3908.537924         14851.05704                
Si              13                                                      
     2.508127084         1.181043843        -6.533017088                
    -5.404213295        0.9664576820        -5.497582641                
    -5075.245933         3024.521358        -9802.480155                
Si              14                                                      
    -7.445100738         8.575570390       -0.1459842588                
    0.4003113924E-01    -7.051735572         3.922535415                
     16305.78327         18478.68948        -28761.03612                
Si              15                                                      
    -7.717546017         1.286162221       -0.5992593924                
    -4.694589413        -1.351852037        -8.513062580                
    -51558.99351        -24787.08222         10359.80731                
Si              16                                                      
     2.589298606         8.829622351        -6.146089144                
     2.676222684        -3.696335304         3.180334010                
    -3036.525404         8202.087476         11992.35054                
Si              17                                                      
     8.756166476       -0.7284895044        -2.614755919                
     4.325621062        0.1538145580         5.280469558                
    -16433.36472        -12220.77076         1466.456132                
Si              18                                                      
    -1.298358686        -9.569776015        -4.261026296                
    -5.368118777        -1.396884463        -5.960230644                
     4763.250982        -8961.667402         114.6195775                
Si              19                                                      
    -1.431290194       -0.4900438473        -4.265296687                
     4.730758035         2.965636613       -0.4530634637                
     13915.73295        -22642.43033        -14269.84680                
Si              20                                                      
     8.852217754        -9.669988021        -2.572733001                
   -0.5758424016         3.995085435        -3.601665644                
    -24659.12911        -5544.603410         11163.52839                
Si              21                                                      
     6.296448226        -1.055840554        -4.576375862                
     2.378905996         11.18236963         7.060845693                
     14815.79510        -14888.96001         5818.344739                
Si              22                                                      
    -3.852889224        -8.989534211        -2.505547815                
    -2.067052895        0.2145700649       -0.2991480102                
     17435.35346         17263.13470        -18664.77290                
Si              23                                                      
    -3.821022077        -1.221448646        -2.421806245                
    -5.640456219       -0.1426819677         5.377316771                
     467.3231201        -5059.951393        -8365.112939                
Si              24                                                      
     6.485414507        -8.851036168        -4.355909853                
    -1.149524034         4.283797365        -1.174814559                
    -24401.49263        -17392.30714        -15126.90066                
Si              25                                                      
     1.702399456         3.423457748        -4.652523026                
     4.061392601       -0.9208496106        -3.304288432                
     27987.40110         30275.75412         3555.326727                
Si              26                                                      
    -8.425649842         6.542789959        -2.275829082                
    0.2623995364         1.090496714         2.033857094                
     20193.28761        -7133.126806        -14719.72856                
Si              27                                                      
    -8.510194035         3.498251071        -2.579689689                
     3.629216511        -6.467930256       -0.8348314871                
    -22439.40941        -2273.547658         111.1094461                
Si              28                                                      
     1.668244859         6.563538868        -4.327281182                
    -2.254378714         5.639210094        -2.224028047                
     800.1719864        -32791.90136        -9409.262371                
Si              29                                                      
     4.035537310         2.682519608        -2.615058086                
    0.3764397156         5.361126274        -1.100564412                
    -5683.498351        -9894.908806        -10129.33474                
Si              30                                                      
    -6.172265973         7.338135162        -4.289944943                
     8.077131312       -0.5825516025         3.903291528                
    -1013.594707         7822.154720        -9235.358514                
Si              31                                                      
    -6.133552159         2.437656513        -4.380354212                
    -2.302366498        -5.442672046        -4.121952465                
     9129.994533         49337.80517        -3400.329551                
Si              32                                                      
     4.007104475         7.554681548        -2.509982349                
    -1.289117730        -3.584054831        -2.648309307                
     11774.79015        -28558.86342        -13260.73986                
Si              33                                                      
     5.701300015        -3.493252451        -6.460231845                
    -1.001986417        -6.392300896        -3.729811284                
    -16846.36517        -17860.28858         7592.934855                
Si              34                                                      
    -4.533617443        -6.593153408       -0.5896867738                
    -4.177998322        0.2054621888         1.851309787                
     15296.69457         16179.27180         4937.528367                
Si              35                                                      
    -4.529813954        -3.523298186       -0.4784879762                
     4.017978855         9.438635573         5.275562253                
    -4429.125010        -15230.74406        -35152.56155                
Si              36                                                      
     5.781199200        -6.544089882        -6.297259117                
    -3.879421727        -6.200498600         1.439339694                
    -4937.476008        -7616.499636        -2429.118668                
Si              37                                                      
     2.515055603        -3.458734211        -6.340324887                
    -5.117584586         2.260219322        -1.025527794                
     1531.338940        -28736.06179         4087.330105                
Si              38                                                      
    -7.702573502        -6.681988478       -0.2109966976                
     5.912829397       -0.9539108120        -4.698283394                
    -4765.864318         24010.22223        -1736.952743                
Si              39                                                      
    -7.634002481        -3.546760927       -0.2221727825                
     5.712271686        -1.063025878         4.177658657                
    -38875.11927         29960.10975        -16576.63550                
Si              40                                                      
     2.608458704        -6.621276792        -6.403562982                
     2.381683501        0.7199096504        -4.288666199                
    -2179.709619         21235.25977         19814.55495                
Si              41                                                      
     8.857113125         2.470489395        -2.792084799                
    -5.516650469         3.579089719       -0.7048548064                
     1910.308926        -6709.213251         22257.25707                
Si              42                                                      
    -1.297013967         7.420851777        -4.307480864                
     1.806672983        -3.559357909         7.817968860                
     13826.93231         14154.95488         18676.91984                
Si              43                                                      
    -1.340094744         2.664939680        -4.522282242                
    -4.566940329         1.834030011        -3.605029042                
     48444.35907         2257.522092         29425.21686                
Si              44                                                      
     8.891172309         7.329568602        -2.536331723                
    -1.699809455         5.656112839         4.059813689                
     7522.574800         4983.373825        -35754.87896                
Si              45                                                      
     6.475483137         3.557324938        -4.513159072                
    0.4952662870        -1.969067795        -6.001225488                
    -12814.99161        -19789.14282         32112.44800                
Si              46                                                      
    -3.722347689         6.563259235        -2.451803566                
    -7.917657340         1.080158538        0.1471711354                
    -156.2510409         18338.57269         3448.739648                
Si              47                                                      
    -3.678740676         3.454118702        -2.640786844                
    -1.582839757        -2.007621466        0.4582865364                
     13059.68932         11645.25296         5814.716666                
Si              48                                                      
     6.441825098         6.584250508        -4.404838446                
   -0.5190249749         5.137767470         1.716868460                
    -2885.112565         9164.125099         26203.87285                
Si              49                                                      
     8.592013909         1.045389816         2.056703113                
    -7.704321763        -5.697047501        -2.968744197                
    -16633.45824        -38549.47246        -11158.97608                
Si              50                                                      
    -1.637981943         9.058142003         4.656239874                
     3.628313593        -2.593054990        -8.463291665                
     35166.93818        -2470.982525        -12465.99785                
Si              51                                                      
    -1.579266209         1.188331852         4.456022169                
    -3.169704894        0.6746285634         5.622658212                
    -19695.13043        -15560.48478        -20070.55852                
Si              52                                                      
     8.685342775         8.615053144         2.336928265                
     2.660525880        -1.239922931         2.573680200                
    -1067.006471        -8317.928890         8524.007311                
Si              53                                                      
     6.285901400        0.4819806064         4.098480752                
    -4.095717719        -5.661301479        -3.247358064                
    -5185.471101         4468.168669        -26334.01020                
Si              54                                                      
    -3.763593911         9.755828626         2.602449631                
   -0.1373784237        0.4860011862         10.20296480                
     8268.043250        -6815.288103        -57353.77020                
Si              55                                                      
    -3.910441718        0.4957000121         2.433871290                
     9.055503668         2.496126981        -1.575609514                
    -5292.836533         33416.28852         35104.94708                
Si              56                                                      
     6.222552132         9.433489712         4.213746141                
     9.232202327       -0.4378938189E-01    0.7412010720                
     26939.88441        -17964.58696         5261.182091                
Si              57                                                      
     4.409759255        -1.394011304        0.3684674961                
    -1.454516541         10.76105345        -3.461140488                
     28329.62972         21230.83725        -15650.08748                
Si              58                                                      
    -5.746630682        -8.530512565         6.466441406                
    -2.285083147        -1.256803033         10.89186549                
     33632.40843        -6498.753582         1587.372585                
Si              59                                                      
    -5.704686527        -1.212774137         6.333156178                
    0.9272036418        0.9434497377         4.184838919                
     2779.389023        -26019.62905        -2523.258691                
Si              60                                                      
     4.625831973        -8.950073811        0.5737605445                
    -2.752551699       -0.8316236815         5.543099725                
     19938.19319        -26641.58581         19407.58754                
Si              61                                                      
     7.605358569        -1.554226843        0.2264598706                
     6.703604051        0.6918596915        0.8015598532                
     7394.723700         46516.75489        -9302.660957                
Si              62                                                      
    -2.501609121        -8.734541301         6.498160170                
    -1.312919113        0.7920249904        -2.200759575                
     13003.09673         39637.21153         2196.228377                
Si              63                                                      
    -2.500899161        -1.264647079         6.379758707                
    -4.160693674         4.355362129         6.434103447                
     9167.339245         3146.238406         1592.372288                
Si              64                                                      
     7.793156246        -9.210874028        0.3803213131                
     1.747573622         5.607755426        -2.680867344                
    -16842.14589        -11843.38663         6861.008848                
Si              65                                                      
     1.419022568        0.6019584406         4.107685586                
    -1.525544719        -3.406406120         1.246937326                
     13840.23940        -2634.807019         4497.665718                
Si              66                                                      
    -8.569211611         9.267754524         2.662919223                
   -0.2080417719         3.981993015         2.220659765                
    -108.7205096         7685.431459         14538.62559                
Si              67                                                      
    -8.696276521        0.6109804448         2.280602809                
   -0.1369788792         5.192858434        0.8524643519                
    -4354.388635        -4923.964232         1237.404227                
Si              68                                                      
     1.527712164         9.411609514         4.553471794                
    -2.232540335        -5.296708228         1.192270689                
    -19341.42818         23108.65710        -2929.897126                
Si              69                                                      
     3.769196722         1.143848025         2.164702153                
    -4.016953379       -0.7461261822       -0.3802636735                
     20834.57214        -17429.84431        -21102.18027                
Si              70                                                      
    -6.078054683         9.146086601         4.588514660                
    -5.388479009         1.740693398       -0.3470526734                
    -6114.312849        -11892.37763        -33860.83298                
Si              71                                                      
    -6.398396578         1.152313796         4.386433797                
    -3.628751873        -6.524134219        0.7615159604                
     15077.14401        -7377.801544        -7942.456838                
Si              72                                                      
     3.655013022         8.817656940         2.383101861                
     1.294703349        0.8192935696         3.258474817                
     34824.64872        -21035.47344        -4767.468549                
Si              73                                                      
     8.630614925        -3.726032177         2.100683885                
     3.667429854         2.277554490        -1.147695837                
    -2984.866093         28386.24662         34542.07350                
Si              74                                                      
    -1.580680307        -6.528862314         4.452982729                
     2.140097635         3.711150667        -1.854301405                
     21780.26405         8001.900711        -18966.69796                
Si              75                                                      
    -1.455955934        -3.359890896         4.302434117                
    -6.692503021        0.6687937732        -4.660633606                
    -19896.19224         108.7539676        -1804.164804                
Si              76                                                      
     8.478635600        -6.840839222         2.219059351                
    -4.395676032        -1.660860580         8.643524836                
     31412.71835         22159.68705        -7610.415668                
Si              77                                                      
     6.323081462        -2.681098020         4.185814226                
     4.551372449         1.202368327        -2.973123242                
     24599.11065        -7439.023660        -49057.56248                
Si              78                                                      
    -3.944354349        -7.300798086         2.444478651                
    -5.233382853         1.375466320         6.252488749                
     13800.41933         14914.88512        -10337.80190                
Si              79                                                      
    -3.881716346        -2.654854034         2.389663205                
    -1.645504119       -0.5475909255         1.245544351                
    -30163.26973        -12308.81606         28654.12270                
Si              80                                                      
     6.284815243        -7.537534986         4.346242442                
    -2.005743746         6.887471666         5.173387662                
     24174.16042         3388.179313         28841.53553                
Si              81                                                      
     4.580637518         3.541173022        0.3614192996                
    -1.022645072         3.387785638        -6.520606517                
     3029.022858        -34984.35963        -29485.72372                
Si              82                                                      
    -5.518960291         6.613777543         6.242875423                
     3.171847651        -2.356106620        -1.682280416                
    -21303.69253        -16921.30225         30382.17280                
Si              83                                                      
    -5.634342314         3.565369545         6.264634697                
    -8.531898310        -3.027333265        -1.844378075                
     7982.615220        -14183.87069         18579.53391                
Si              84                                                      
     4.578247117         6.546690717        0.4162105965                
   -0.9873179689        -6.951797474         11.15422495                
     13594.25713        -3058.137400        -13017.89589                
Si              85                                                      
     7.771039623         3.299456809        0.8824557556E-01            
     1.618117696        -12.57884801       -0.3058173176                
    -28153.30043         5513.023175         14924.29964                
Si              86                                                      
    -2.376985108         6.576286583         6.473021812                
     6.388065780        -6.644607038         2.336704183                
     274.3696284         16497.48936        -9894.272558                
Si              87                                                      
    -2.413002269         3.514523501         6.264117209                
   -0.2834475846        -6.271728321         2.194677447                
    -9424.812773         12108.15763        -11050.29063                
Si              88                                                      
     7.822995529         6.411928470        0.3169179208                
    -2.618478187        -3.364682220       -0.6875354447                
    -5104.906673        -4832.078597        -23582.84555                
Si              89                                                      
     1.591015607        -2.505097441         4.327001015                
    -5.396968045        -7.636203237        0.8254580799                
     21282.06709        -9326.030288         368.6379816                
Si              90                                                      
    -8.837164377        -7.713747685         2.620285709                
     7.599507621        -1.001135219        -4.305413255                
    -8689.148315         18554.85162        -31611.71655                
Si              91                                                      
    -8.839668759        -2.533658134         2.539248297                
     4.579595017        -5.582168750        -3.526676190                
     2186.564421        -12355.18645         1819.146543                
Si              92                                                      
     1.466650282        -7.547895407         4.306949966                
   -0.1733122645         2.116950578        -1.028702591                
    -10823.43950        -10990.77934         27099.55988                
Si              93                                                      
     3.882195770        -3.592171059         2.338383454                
    -2.872970653        -1.971888051        -1.023492244                
    -5600.122355        -6459.501689         25208.20067                
Si              94                                                      
    -6.482314671        -6.585257100         4.255355439                
   -0.8840803034         5.443638277        -6.860104860                
     12602.75270         10530.58455         17349.97845                
Si              95                                                      
    -6.411305047        -3.477537031         4.290437795                
     3.977830804        -3.347777835        -1.430303644                
    -2369.126879         21806.42808         18711.90211                
Si              96                                                      
     3.895610053        -6.690681222         2.477526014                
     1.602933783         3.107712507        -2.483964497                
    -20372.58374         13482.93299         19556.06529                
O               97                                                      
     2.642300430       -0.8240088088        -3.360856258                
    0.4387198120        -1.643485401        -5.934786241                
     4631.301764        -7904.876546        -1335.552274                
O               98                                                      
    -7.614784258        -9.263152743        -3.301814729                
     5.635115487         4.902025314        -7.372179819                
     12249.19841        -5798.209710        -13487.26886                
O               99                                                      
    -7.479095207        -1.062487520        -3.423372367                
    -3.474161996         8.026418198        -3.627022571                
    -9116.174061         31.79092601        -1656.618884                
O              100                                                      
     2.723041685        -8.970389203        -3.012990832                
     6.172661446         9.242937236         1.714414041                
    -24979.47691         10263.79483        -26469.82406                
O              101                                                      
     4.118297685        -1.216930795        -1.145952292                
     8.081884523        -2.463894543         1.613634063                
    -8376.476768         1757.729112        -9126.101581                
O              102                                                      
    -6.270942798        -8.989592385        -5.677026447                
     2.534753567         1.292575665         9.144552195                
     3499.788991         10965.71295        -38347.46642                
O              103                                                      
    -6.185253218        -1.178547097        -5.743201688                
   -0.1417047728        -8.663045757        0.1255773194                
     2009.463602         802.5064290        -22245.62605                
O              104                                                      
     4.305985881        -9.124998811       -0.8799521390                
     10.43514617         2.728501832        -9.833820385                
    -13867.75506         719.5295553        -37984.93229                
O              105                                                      
     4.090060605         1.321961917        -6.557123134                
     4.142057168        -2.435082160        -6.043303523                
    -4083.164436        -219.0423721        -920.1679667                
O              106                                                      
    -5.849515655         8.657943102       -0.2347584037                
   -0.8195203756         5.051331309        -10.09944966                
     3604.500018         1161.753524        -52.90516475                
O              107                                                      
    -6.197398886         1.307206744       -0.6094935958                
     1.318394449       -0.3653667298        0.7229658433                
     41953.22916         2968.782514        -2159.863794                
O              108                                                      
     4.159097782         8.847937654        -6.225889221                
    -3.623079350         5.710441457         2.701480427                
     5767.948884         1854.900418         6944.097288                
O              109                                                      
     8.048204147        -1.237648842        -1.312993770                
    -1.779193617         8.756250403        -5.817725792                
     4710.804282        -9085.728917         24934.60468                
O              110                                                      
    -1.690796033        -9.109449808        -5.686936444                
     2.360618034         13.76520017         3.772125653                
    -34034.23649         13677.14081        -42906.01572                
O              111                                                      
    -1.837616215        -1.049957932        -5.730807200                
    0.5028627651        -6.647188487        -3.736084160                
    -22932.02159         5515.007883        -7969.466782                
O              112                                                      
     8.194392568        -9.326635046        -1.106987003                
    -8.831133510        -5.156665880         10.21504890                
     13507.25520        -12099.02189        -19313.10546                
O              113                                                      
     7.639450325        -1.000258229        -3.705995012                
     1.514283576         3.588111940        -5.382722409                
    -730.1561233         2942.029386        -25738.39566                
O              114                                                      
    -2.449654466        -9.090901928        -3.314988805                
     4.942017263        -1.514796161        -3.625880376                
    -13130.30810        -503.8513446         10589.38063                
O              115                                                      
    -2.447435922       -0.8864421505        -3.141735084                
    -5.873602924       -0.5370722786         6.516612265                
    -9324.584885        -9328.451829        -7971.081154                
O              116                                                      
     7.802241567        -9.152550728        -3.614796431                
     11.66652306         5.251029769       -0.2944516095                
     14306.77807         10065.90228         9354.916584                
O              117                                                      
     5.180473277        -1.046614767        -3.478913500                
     1.942536167        -10.58872977        -11.55582528                
    -4848.392635         14782.43755        -11474.40120                
O              118                                                      
    -5.023838369        -9.212049292        -3.503545182                
     2.436726569       -0.8283147909         5.976938646                
    -15376.03337        -1823.455902        -14537.57406                
O              119                                                      
    -5.005197446        -1.074078639        -3.465011956                
     5.335184959         5.589108798       -0.2684599803                
     14576.88543        -2655.498496        -237.8192758                
O              120                                                      
     5.208659517        -9.071255503        -3.413176096                
     9.586075057        -2.569170921       -0.5494920022                
     10884.06977         8247.298864         13112.60218                
O              121                                                      
     2.798923883         2.992493083        -3.601116522                
    -5.867528402         2.628847983         18.40727555                
     3401.285632        -8918.450911         14522.16839                
O              122                                                      
    -7.380262017         6.823762842        -3.439819836                
    -5.097776410         3.398073452        -2.245051852                
    -2518.766251        -2434.647405        -4032.207311                
O              123                                                      
    -7.355725803         3.152584532        -3.590018509                
    -2.011912650        0.7918354300         6.243408709                
     8735.832357        -23223.55821         1479.688330                
O              124                                                      
     2.726353787         7.054642447        -3.310457464                
   -0.6278989823         1.871024974         12.11853028                
     8235.001176         5049.634381         17232.04544                
O              125                                                      
     4.131712319         3.357442231        -1.221302149                
    -4.563528030        0.5925310276         2.538713263                
    -957.0180148        -1341.687920         23373.09056                
O              126                                                      
    -5.921726410         6.779426255        -5.794328077                
    -7.210145545         9.973565454         3.361913294                
    -6996.664806         20526.02011         13766.07786                
O              127                                                      
    -6.083023404         3.023963940        -5.823597105                
    0.9336294332         11.41875816        -6.896969292                
     12612.99835         7939.797570        -27332.17249                
O              128                                                      
     4.146987717         6.989848283        -1.059498064                
     1.812784511         1.879720808         8.313396805                
    -1462.580905        -1261.055766         13538.26625                
O              129                                                      
     4.080675405        -3.474757880        -6.487454168                
   -0.8774982540        -4.929081034        -4.737998438                
     18971.12533         20326.03690         12322.64093                
O              130                                                      
    -6.083408781        -6.580349712       -0.3886149223                
    -5.166819386       -0.4884229988         2.481422446                
    -23058.82551        -10168.10666         7505.119734                
O              131                                                      
    -6.066221767        -3.197015092       -0.2974366389                
     1.032436096        -3.785303218        0.5198812930                
    -21050.28870        -19852.31253        -5310.264844                
O              132                                                      
     4.193695745        -6.662071741        -6.433530274                
    -2.218952162        0.5071596323        0.1534893092                
     515.2548300        -16016.29002         8212.036531                
O              133                                                      
     8.345658064         3.030721290        -1.299786841                
     7.637748499        -1.945591286        -5.801326552                
     10426.29116        -23102.33792        -41877.12719                
O              134                                                      
    -1.695601550         6.868108534        -5.686823070                
     15.00775563        -10.50366258        -10.29476401                
    -23252.76102        -7539.942803        -28153.28959                
O              135                                                      
    -1.899994321         3.046976710        -5.892275272                
     1.372453316        0.6320354143        -6.516542231                
    -8151.982001         7260.758963        -16755.10221                
O              136                                                      
     8.476018469         6.932092459        -1.129213516                
     6.017679514        -2.889154032         3.073612876                
    -14650.13491        -10829.11239         40048.02208                
O              137                                                      
     7.780300221         2.986450213        -3.810232196                
    -1.359818897       -0.7150925714         5.734811927                
     4917.479383         2145.413357         3121.795680                
O              138                                                      
    -2.389064553         6.937859760        -3.281393708                
     1.225626106        0.8046898410         3.269314202                
    -12875.56853        -8836.341310         7867.362438                
O              139                                                      
    -2.213668402         3.330459023        -3.415901253                
    -7.142600619        -3.617333742         5.652590112                
    -38547.05953        -9396.251917         14114.55834                
O              140                                                      
     7.777679874         6.836818061        -3.552349340                
    -6.057681016         6.826664727         2.712915532                
     4487.749277        -3130.590764        -6760.748433                
O              141                                                      
     5.245037263         3.188929753        -3.497485239                
     5.184249174        -1.282550887        -10.05129872                
     13631.73155        -11090.82162        -8200.992123                
O              142                                                      
    -4.938145443         7.094275028        -3.340008498                
   -0.9069635904E-01     4.014839309        -13.25368790                
     12241.67207        -10365.46654        -1355.255540                
O              143                                                      
    -4.766258692         2.963172753        -3.636678455                
   -0.3051558127         13.73700916         2.334293792                
    -15869.44590        -12848.69250        -8071.772119                
O              144                                                      
     5.265434270         6.971602697        -3.375109910                
    -1.477919672        -8.333994857        -5.540316301                
    -7869.349808         15555.67155        -3829.651540                
O              145                                                      
     4.067784790         1.032200492        -2.391249412                
    -10.23522411        -5.447285092         4.291942867                
     6394.502419         25547.03751        -13065.20316                
O              146                                                      
    -6.326516312         8.942745993        -4.377006463                
    0.1449174646        -6.113242154         3.117315195                
    -191.3816165         1429.688917        -13389.94430                
O              147                                                      
    -6.105870065        0.9117474383        -4.428180823                
     11.90666483         6.143193493        -15.83647429                
    -12168.25912        -6098.703791         8188.470175                
O              148                                                      
     4.001031334         9.107799549        -2.456472818                
     2.401950271       -0.8790217978         10.80684719                
     3830.190110         1106.179849         1276.681001                
O              149                                                      
     8.835950749        0.8330025104        -2.689409542                
     10.24945220        -3.771344263        0.6552820876                
     8400.637113         35161.98632        -4831.084234                
O              150                                                      
    -1.272798477         9.009614184        -4.347281661                
   -0.7417501176         2.094539576         1.487299516                
    -9718.142828         1147.673210         8686.486754                
O              151                                                      
    -1.366228765         1.053279050        -4.387390366                
     5.362899683         8.858497253        -6.169711557                
    -5461.486256         28879.37513         1469.823208                
O              152                                                      
     8.836100867         8.909224434        -2.755953359                
    -2.250874105         3.015003900        -6.113106158                
     13418.53227         13668.82119         13636.05826                
O              153                                                      
     1.915646630        -2.547405990        -5.150533817                
     1.141365398        0.3160856041         5.735759669                
     11479.37059        -2905.014210        -24067.64714                
O              154                                                      
    -8.194679476        -7.702812906        -1.275677887                
     5.707453890         1.481033140         8.820015831                
    -3998.735229        -27004.91332         515.4643967                
O              155                                                      
    -8.352746373        -2.556356728        -1.350562379                
    -4.018769990        0.3665862703         4.772639496                
     30059.05644        -25175.68991         13191.29933                
O              156                                                      
     2.052052058        -7.487246912        -5.129707170                
     4.967901646         4.413860634       -0.5224738976                
     3259.493821        -8076.800263        -14144.59474                
O              157                                                      
     1.990530828        0.1526403297E-01    -5.557108106                
    0.9458867435       -0.3614703334        0.6970231332                
    -272.3556796        -5098.607946        -4177.284245                
O              158                                                      
    -7.994737758         9.820900830        -1.094174338                
    -1.153678605         3.738938312         14.96461744                
    -9376.059509         5.999600961         19417.10361                
O              159                                                      
    -8.206270567       -0.1180825007        -1.327495242                
     2.508856227         3.009286000         5.438577711                
     12975.18035         38308.71482         12620.17458                
O              160                                                      
     2.043031639         10.05621253        -5.221042288                
    -6.236380102        -7.269142492        -2.604424268                
     6275.859050         5586.418639         7519.661673                
O              161                                                      
     2.037582941         2.566027871        -5.920237653                
    -3.446999045         12.62312476         7.361374982                
    -3523.572108        -12977.01103         3108.280304                
O              162                                                      
    -7.942361682         7.430407955        -1.103868182                
     6.446714755        -10.95243233       -0.9280043169                
    -2570.981035        -3722.548011         22219.42107                
O              163                                                      
    -8.354719926         2.454957188        -1.405179825                
   -0.8657585486         1.464005852         2.558333208                
     20341.97744         1373.321257        -8265.080579                
O              164                                                      
     2.112475272         7.380915109        -5.559431289                
     7.492231272         1.646246327         4.039563985                
     4914.928319         43538.00514        -19938.35254                
O              165                                                      
     6.173680178        -2.391592194        -5.434386303                
    -4.017918860       -0.2697055202         3.825718599                
    -241.9919522         4309.638298        -8980.888746                
O              166                                                      
    -4.131716041        -7.665894306        -1.683110695                
    -2.042286486         3.340866593        -2.871121092                
     5399.202697         4888.595524         11651.55306                
O              167                                                      
    -4.043652282        -2.504953273        -1.571975303                
    0.2590872387        -3.330400193        -16.86910278                
     12643.76519        -6107.577870         5256.336766                
O              168                                                      
     6.314784510        -7.555887915        -5.189566874                
    -6.990813153        -6.002945253         5.345223730                
    -744.3283625         15386.17989        -4947.915644                
O              169                                                      
     5.985589125        0.1520757216        -5.624799309                
    -2.146251892        -5.356130540        -1.080178279                
     20158.44187        -19981.43526         26526.93106                
O              170                                                      
    -3.911076142         10.03215025        -1.506489581                
     5.621092565        -3.912611795        -14.76619167                
    -3372.478118        -29794.28981         31782.93177                
O              171                                                      
    -4.074704533       -0.7753110718E-01    -1.427883910                
    -3.121325289        -4.534405160         5.772602166                
    -11773.62494         35957.84387         27406.68382                
O              172                                                      
     6.230074092        -10.01350235        -5.414683905                
    0.1394020355        -2.576303788        -6.312997287                
     152.1684122        -19030.10669        -17485.65833                
O              173                                                      
     6.258498284         2.679839068        -5.738587159                
     9.074145811        -3.697282811        -3.363503223                
    -13437.12377        -30575.88932        -32672.02690                
O              174                                                      
    -3.740683542         7.528955721        -1.147864399                
    -5.804216764        -3.324353235        -2.108573393                
     1935.427919        -17437.10233        -16299.93697                
O              175                                                      
    -3.981800906         2.469741635        -1.424800443                
     4.153463766         3.353972874        0.1724732289                
    -581.2387066        -7546.337439         4543.798958                
O              176                                                      
     6.259151119         7.539712118        -5.624565486                
     7.534528525        0.8592552288        -3.123789969                
     200.7048681         13767.14954         3060.454009                
O              177                                                      
    -10.06449734        -1.256414628        -2.640802521                
    -1.321278321       -0.6940589084        -7.896113460                
    -9982.955911         10969.29681        -10999.98638                
O              178                                                      
    0.1454922499        -9.038571314        -4.042255463                
     4.285101003        -6.707803347        -3.180778876                
     10806.96371         10368.80479         10571.94449                
O              179                                                      
    0.4027929790E-01    -1.022962386        -4.159056291                
     6.831270332         6.991517832        0.7501006940                
     13048.38117         4411.309196         3095.051729                
O              180                                                      
    -10.00125794        -9.160595058        -2.350309520                
     7.466436799        -10.20752290         2.158102274                
    -26918.15790        -18186.11702        -9460.832246                
O              181                                                      
    -9.992832384         3.054619785        -3.020844378                
    0.3223972283         5.629771708         1.489402559                
    -3121.477783         377.7058186        -517.3407940                
O              182                                                      
    0.1929854988         7.010339992        -4.063564637                
    0.9583429220       -0.4113460088        -6.699689553                
    -2947.776735        -7653.045377         5972.962959                
O              183                                                      
    0.2430129154         3.201771837        -4.338010141                
    -2.667025173         10.64542067        0.8072563177                
    -57477.75812        -30800.31349        -7251.154831                
O              184                                                      
    -9.848839382         6.907812097        -2.691520257                
     10.55915222        -5.631521698        0.7446644546                
    -40157.28398         9256.549187         4819.942284                
O              185                                                      
     1.768395823         5.002353953        -4.643959869                
    -3.264485918        -5.699940880        0.2469960988                
    -1033.108526         10590.03757         5447.314821                
O              186                                                      
    -8.417539174         4.975523300        -2.113135513                
     1.998456742        -2.117394392        -10.64192617                
    -926.4036583         2197.283772        -3421.730837                
O              187                                                      
     6.412532625         5.055485971        -4.627237577                
    -1.577818245        -10.71012176         11.49216971                
     8586.266669         16324.96476        -14493.73984                
O              188                                                      
    -3.943009464         5.003892791        -2.341730267                
   -0.1463376932         1.302944764         5.707573715                
     20326.85077        -3061.912672         743.2422315                
O              189                                                      
     5.991354609        -5.035202312        -6.151899599                
     8.719869954        -5.506792343        -10.74386342                
     10201.30720         27165.34677         6992.030680                
O              190                                                      
    -4.263004921        -5.036526378       -0.8599052784                
    -5.227856363       -0.1225494281         6.652651458                
    -5253.940291        -4197.292249        -1451.472877                
O              191                                                      
     2.336983011        -5.049569137        -6.203858634                
    -2.730836399        -2.314751697         3.001625432                
    -11945.34539         1466.653994        -3739.928873                
O              192                                                      
    -7.997129996        -5.052172825       -0.3861388468                
    -3.022189708       -0.1804227567        -1.810439294                
     20721.33949        -32634.70303         4622.678127                
O              193                                                      
     7.598300046        0.9009141710         3.268239778                
     9.914354589         3.724671337        0.1472555897                
    -8590.721325         2802.769991         12284.75520                
O              194                                                      
    -2.440472443         9.305945975         3.315648105                
     1.730230169         16.72747088         6.307619142                
    -3836.216509        -5012.870514         10659.53565                
O              195                                                      
    -2.678442928         1.131805602         3.269404527                
    -6.460854268        -8.675532886         3.158160742                
     4844.383485        -10336.34725        -1375.189584                
O              196                                                      
     7.632893952         8.905043309         3.537023636                
    -6.188165912         1.416429275         6.526093134                
    -7135.358108         1375.296696        -8586.832700                
O              197                                                      
     6.072715328         1.003962667         5.564167576                
     2.612933507        -12.90420707         12.47954005                
     10724.47557         9443.526576         7106.957607                
O              198                                                      
    -3.839880716         9.180669801         1.046931165                
     6.305810692        -1.403294532        -6.029099479                
     4087.420714         3040.569293         13843.66675                
O              199                                                      
    -4.152426369         1.026401336        0.9597891690                
     2.384727201        -1.479004049        -3.782826833                
    -1457.385859        -5303.708675        -13464.81397                
O              200                                                      
     6.072937098         8.916938617         5.746036941                
    -9.363198104        -4.098529726        -3.726438315                
     4460.684815         20470.50458        -21073.15447                
O              201                                                      
     6.051229875        -1.515217938        0.3822089923                
    -11.56530878       -0.4353376789        -5.168451363                
    -20794.66336        -7374.252675        -738.8563411                
O              202                                                      
    -4.066116975        -8.503637713         6.577535223                
    -1.348563696        0.7931269670         3.026760930                
    -24842.08403        -11691.66151         10911.30614                
O              203                                                      
    -4.096629437        -1.238841694         6.435887559                
     2.032024259         3.143198162        -10.54152161                
     2866.163818         11554.46311         2936.036515                
O              204                                                      
     6.207749353        -9.145918602        0.5764118659                
    -2.973957039         2.983070620         1.605139206                
     3782.834818         4453.314513         670.0789718                
O              205                                                      
     1.856286765        0.9846489309         5.605013604                
   -0.8251368906       -0.7744304979        -2.242907217                
     3812.113545         3877.107702        -3794.193863                
O              206                                                      
    -8.021394777         8.743334416         1.310298668                
     6.573948704        -9.825358970         2.127990551                
     10760.26600        -1090.814540        -16843.33394                
O              207                                                      
    -8.337035625         1.223963286        0.8687971339                
    -1.256920336         5.169802076        0.1814661497E-01            
     12723.57972        -11907.97205        -2910.713223                
O              208                                                      
     2.160805124         9.225715056         5.982683060                
    -6.857675049        -6.148521133        -1.532358297                
    -8700.399164        -20700.83978        -10532.26468                
O              209                                                      
     2.439120682         1.104898728         2.995157914                
    0.8392423402         5.794054602        -2.254297902                
    -2973.507749         1491.237544         8513.514218                
O              210                                                      
    -7.399053175         9.065859961         3.749827453                
    -1.570706959        0.1883789804        0.4483622734                
    -23948.90728         4621.840811        -7258.132228                
O              211                                                      
    -7.564041098        0.9765999535         3.274923506                
    -15.21536685        -3.654871647         5.517730488                
     5545.432364         16663.76346         33877.16064                
O              212                                                      
     2.435786410         8.902691989         3.336539570                
     3.762549869        0.2816763685         14.60954850                
    -4251.849189         1043.420071         9817.881177                
O              213                                                      
     5.025663872        0.9731577875         3.194989285                
     2.217689631         5.312487370         7.104966476                
    -8879.644182        -2039.097438        -495.1930651                
O              214                                                      
    -4.906958420         9.231676490         3.519043619                
     4.145873852        0.1645800493        -3.502216003                
     1792.861887         4192.683143         6044.255406                
O              215                                                      
    -5.168110248        0.8637342643         3.405914755                
     1.420940980         10.54950066        -6.095756876                
     5757.807328         1340.578824        -5695.111013                
O              216                                                      
     5.001697838         8.938249816         3.341285069                
    -4.808734526         8.115953346       -0.1802013655                
    -12113.69446         5993.649453         1183.648735                
O              217                                                      
     7.607384485        -3.183277068         3.253558316                
     9.533208967         5.981505663        -2.885011941                
    -12178.25970        -7224.404125         14005.91502                
O              218                                                      
    -2.722167232        -6.861081603         3.360965616                
    0.6785574500         1.310250856        -3.797854983                
     11004.08507         1728.175337         1571.182526                
O              219                                                      
    -2.604915660        -3.069375521         3.133875561                
   -0.5913105824        -1.001428228         4.382410150                
     32760.31788        -7288.429855         18187.36996                
O              220                                                      
     7.573136992        -7.278993532         3.408305328                
    -7.883164717        -4.349194133        -6.904006699                
    -21180.76190         10897.05191         1127.115914                
O              221                                                      
     6.149339379        -3.178779124         5.652140702                
    -5.456856769         3.115129356        -7.653516283                
     7138.722920         6670.957888         2839.969424                
O              222                                                      
    -3.995008947        -6.797389336        0.9266701231                
     2.384464216        -6.495865913         10.26948503                
    -6732.818438        -7411.185431        -4593.717782                
O              223                                                      
    -4.114626160        -3.335968553        0.9566757994                
     1.413272468        -4.205411268         4.448481887                
     23761.05381         30051.70819         38220.14060                
O              224                                                      
     6.300805917        -6.941146945         5.862128934                
     10.98675185        -5.845964622         6.194425561                
     2890.647699        -19426.89508        -25068.76742                
O              225                                                      
     6.143100824         3.298176067        0.3085087760                
     2.378687886        -5.060570506         3.434573110                
     10720.58962         2776.600131        -7736.497583                
O              226                                                      
    -3.988937740         6.703719797         6.350370974                
    -5.367110786        -3.526659516         4.054489586                
     30541.18352         365.2433105         1386.143351                
O              227                                                      
    -4.000885127         3.498421418         6.126846720                
    -6.988879256        0.9281240449E-02    -6.460787475                
    -9890.124222        -4581.770782         14984.66089                
O              228                                                      
     6.200850903         6.588607453        0.3607993418                
    -6.892517090        -2.529879297        -5.325845303                
     7951.355869         1955.469400         4830.745253                
O              229                                                      
     2.030273116        -2.924409682         5.842649736                
    0.6048481189        -2.148056597         2.106186224                
    -16097.04174         4705.803921        -14710.02133                
O              230                                                      
    -8.224315645        -7.260358553         1.200881353                
    -9.703787913         6.083456962         1.294735513                
     10738.04492         2405.358054        -13022.41833                
O              231                                                      
    -8.299311142        -3.156374144         1.150485526                
     11.42109860         2.035105736        0.9310608647                
     16796.45961         8312.998928         13446.90178                
O              232                                                      
     2.010502099        -7.084383504         5.822585705                
     7.137962686         7.640627549         2.746492249                
    -7881.857686        -8315.809286        -26019.27610                
O              233                                                      
     2.652128850        -3.164628728         3.273735577                
    -5.397481356         2.894772563        0.1232156906E-01            
    -14927.61877        -1864.321030         8825.375613                
O              234                                                      
    -7.772800686        -7.068502957         3.568134213                
     4.007189631         1.473383035        -5.295033117                
    -7836.183624        -9282.369533         2398.732893                
O              235                                                      
    -7.793386008        -2.929499173         3.695625803                
     3.182727679         6.044822485         2.511786232                
     4423.045080        -10872.40411        -17564.15095                
O              236                                                      
     2.478015547        -7.063456090         3.226404744                
    -6.486573322         6.228984418        0.9044018403                
     27792.58974         697.1503497        -10618.07736                
O              237                                                      
     5.153259712        -3.194004043         3.237931861                
     1.995157240         8.688706101        -1.893561823                
    -11071.84297        -7785.866150        -87.40318571                
O              238                                                      
    -5.204938443        -6.942740354         3.313506723                
     1.847651441        -6.736573127        -1.807559432                
    -21511.78430         8114.226536         9404.608273                
O              239                                                      
    -5.185442253        -3.107517715         3.343121871                
    -14.37174876        0.2564286122        -8.617190176                
     11377.84857        -2073.795165        -22665.83897                
O              240                                                      
     5.023092493        -6.932835095         3.634565377                
     1.594601255         7.231086982        -14.02984450                
    -5803.028014        -10119.73417        -25278.76335                
O              241                                                      
     6.294132975        -1.102974698         4.117153928                
     2.359315295         5.751969643         10.05486605                
    -776.4761226         3019.815759         15310.21877                
O              242                                                      
    -3.889995507        -8.848896623         2.315214906                
    -3.326143423        -8.377589301       -0.2386929669E-01            
    -81.87643355        -20111.35193         15833.15684                
O              243                                                      
    -3.817447868        -1.053964713         2.473077247                
    -2.428443896         13.06112390         4.601185111                
    -2078.017061        -16172.81594        -24999.84891                
O              244                                                      
     6.316431093        -9.131432556         4.338420925                
    -13.08604759        -5.368386625        -9.363019174                
    -19313.06304        -7983.284246        -1533.555959                
O              245                                                      
     1.713000446       -0.9448880818         4.149986684                
    -11.95161792        -1.813398351        -3.933544362                
    -10207.85088        -6523.283171        -2505.659909                
O              246                                                      
    -8.765111967        -9.299497507         2.677270070                
    -1.259917971        -2.148053040         4.309886409                
    -3197.689551        -685.5266044         5669.667231                
O              247                                                      
    -8.744778441       -0.9800305772         2.417320213                
    -5.625500789        0.7122070297         11.39649102                
    -2353.471972         9091.237185        -7236.018848                
O              248                                                      
     1.427673548        -9.162398807         4.379433105                
    0.7360171283        -8.655007748        -3.587261576                
     11603.30037         5823.770570        -7971.404860                
O              249                                                      
     8.223605861         2.247215959         1.145520464                
    -1.250019480         12.93463730        -9.694246058                
     14541.43975         7014.135280         2967.396465                
O              250                                                      
    -1.945255927         7.782762082         5.511779786                
    -1.163010618       -0.6120190380        -11.93093993                
    -6899.080666        -9806.132038         3587.274444                
O              251                                                      
    -1.746944834         2.529453515         5.263534291                
    -1.348059227         3.604138965       -0.1544432638                
    -87.40102990        -8629.293437        -2605.107574                
O              252                                                      
     8.428272047         7.322067619         1.441883908                
     2.770486561        -9.998736842       -0.7058888621                
    -4172.313722        -6538.164473         10055.65845                
O              253                                                      
     8.173969182       -0.2632715945         1.059704284                
     12.31316416        -4.398250182        -2.930173212                
     10651.04181         10529.18370         12399.26897                
O              254                                                      
    -2.161888987        -9.837288758         5.429401453                
    -10.93107804         7.241733187        -4.519596065                
     318.3375146        -5993.869548         14236.91076                
O              255                                                      
    -1.988387337       -0.4566960648E-01     5.402518897                
     6.716665838         4.733420415         13.60418243                
    -4928.862579         102.8357117         12487.35091                
O              256                                                      
     8.264383660         9.685357697         1.277824353                
     12.36653685        -9.774468799        -1.843830673                
     2851.051396         29431.33825        -11064.03098                
O              257                                                      
     8.247220824        -2.772816666        0.9252096674                
    -9.541345625       -0.3287630876         4.002075110                
    -2966.134463        -15443.02687        -10855.41941                
O              258                                                      
    -2.039207323        -7.333696565         5.694610419                
     2.724986516         12.55949227         12.74950486                
     1018.548616        -26606.79269         18168.49671                
O              259                                                      
    -2.041857243        -2.541651713         5.566003282                
    -1.563545346        -11.04572134        -2.260113826                
     7511.717865        -236.1692062        -8979.916694                
O              260                                                      
     8.263920806        -7.864383440         1.043801830                
     6.146944189        0.9156496253E-01     1.753310078                
    -6681.526360        -3407.508033         7679.411422                
O              261                                                      
     3.950474574         2.357039322         1.189483686                
    -1.186069552        -1.829950888        -2.982712847                
    -612.7142019         18966.95410         15438.70396                
O              262                                                      
    -5.991038077         7.811431747         5.375936430                
     12.87844746         2.025503149         2.306744468                
     2664.263280        -2178.961064         8531.529259                
O              263                                                      
    -6.129360981         2.479119722         5.265568134                
   -0.3806534856        -1.696845268         2.574500244                
    -17706.07510        -6340.469454        -18495.67280                
O              264                                                      
     3.918106546         7.536631351         1.404723892                
     3.844205155        -5.194115784         1.619465038                
    -7634.497551         19550.49705         20252.48780                
O              265                                                      
     3.950230151       -0.8176880846E-01     1.089517628                
     2.612390845         3.416171248        -1.425380085                
    -5557.935715         4219.996120         28174.47745                
O              266                                                      
    -5.911991635        -9.722939425         5.373596552                
    -3.774813988        -3.614718915        0.4133610179                
    -5568.903287         12157.87396         33653.30890                
O              267                                                      
    -6.260331095        0.2845889048E-01     5.542097649                
   -0.8638487196        -7.233115547        0.4005189084                
    -1336.848994         5575.449254        -12871.59052                
O              268                                                      
     3.987900195         10.06848088         1.511802652                
     9.494164914        -1.161435242        -2.272664167                
    -8108.028404         12612.55348        -11347.93845                
O              269                                                      
     3.896214669        -2.605836089         1.155381372                
    0.3090969134         1.329627787         4.152329839                
    -1505.968660        -11154.71539        -3089.724046                
O              270                                                      
    -6.330849299        -7.370496998         5.646303115                
    -7.696389377         3.142860473        -4.423508825                
     4996.306761         3967.872717        -8074.465594                
O              271                                                      
    -6.088261837        -2.525985365         5.518469674                
     3.305540155        -10.06842394        -1.018221389                
    -2024.900239         6634.806140         3558.142722                
O              272                                                      
     4.259417726        -7.649140748         1.303479607                
     1.320960328         8.048513169       -0.6207582890                
    -4809.441330         9449.546850         13716.63700                
O              273                                                      
   -0.1200432999        0.8778916704         3.966252592                
    -3.355098525       -0.6949682757        -8.189402051                
     5708.519698         10378.06088         5511.289752                
O              274                                                      
    -10.06373934         8.764788019         2.630366140                
    -3.945967987        0.8425874008        -3.668255761                
    -10145.67644        -23.35125661         14824.89714                
O              275                                                      
     10.11195226        0.9892017802         2.505049309                
     5.895355544        0.4977549300       -0.8717597799                
    -6177.278304         4071.284700        -7622.532664                
O              276                                                      
   -0.1405776187E-01     9.022700022         4.545195439                
    0.5609535872E-01     3.137135261         6.949298546                
    -8849.651370        -602.9944836        -882.7118243                
O              277                                                      
    0.3664772871E-01    -2.859497570         4.165109114                
    -3.892010593        -5.138013245        -7.200949358                
     7111.162861        -2499.292745        -3513.627171                
O              278                                                      
     10.02623897        -7.034561700         2.492304445                
    -1.327941226         1.549450623       -0.1177960964                
     9673.307497        -26756.90454         19497.45345                
O              279                                                      
     10.05825505        -3.192726378         2.566185296                
    -2.078035787         12.48950845        -7.465875160                
    -125.7341676        -3509.880107        -132.1294614                
O              280                                                      
   -0.4998782850E-02    -7.035741327         4.163206723                
    -5.528483968        -1.947904360        -9.372320088                
    -26729.38374         6982.745818         5421.534268                
O              281                                                      
     8.437866260        -5.252045600         1.992973730                
     2.403399225        0.9543234863         1.293971761                
    -10592.57302        -20620.45926        -2711.770083                
O              282                                                      
    -1.419869876        -4.929586291         4.447153584                
    -2.154994807         6.267651567        -1.064577766                
    -6651.119793        -6961.939239         4102.997540                
O              283                                                      
     3.880723220        -5.177066253         2.086256214                
    -4.237637504         3.898276670        -6.621944915                
     1340.139116         10590.10768         6913.464759                
O              284                                                      
    -6.521759164        -5.028527134         4.531270165                
   -0.9360562400       -0.6297763407E-01    -7.414867776                
     7118.169633        -2912.297690        -16490.26088                
O              285                                                      
     4.349959838         5.001898390        0.7189821538                
    -1.505299044       -0.4515466749        -4.555662965                
    -7172.524691         22651.09130         2201.844404                
O              286                                                      
    -5.928605778         5.089841542         6.075320740                
    -3.591102733         9.350814775        -9.338917608                
     3451.500321         924.3463820        -14965.92579                
O              287                                                      
     8.048585350         4.824232121        0.3026061567                
    -3.334760049        -2.850302046         2.114742477                
     1103.527782         25876.31410         11559.83721                
O              288                                                      
    -2.182812948         5.075223549         6.105860345                
    -4.028190316         2.760585882        -3.401167388                
     8755.522894        -4080.495030         8275.590063                
C              289                                                      
    0.6485985049         3.888370378       -0.9838931642E-01            
     2.356104687        -3.187806554         8.174956564                
     28.86760161         20.44629644        -3.841022684                
C              290                                                      
    0.5654368575         3.380144557         1.203418816                
    -2.537816515        0.4686667527         9.289811790                
    -56.15300898         42.93061731         24.12511010                
C              291                                                      
   -0.5240175265         3.713832791         2.016893650                
    -4.554078665         4.413228889         4.971448808                
    -18.05772351        -41.21217989         86.76683421                
C              292                                                      
    -1.530310264         4.555746845         1.528560352                
    -1.676419616         4.701317722       -0.4617694024                
    -72.52664340        -31.48849675        -21.94283921                
C              293                                                      
    -1.447148616         5.063972666        0.2267522182                
     3.217501592         1.044844408        -1.576624626                
    -174.3021205        -51.48139204        -212.3991907                
C              294                                                      
   -0.3576942321         4.730284433       -0.5867226154                
     5.233763741        -2.899717726         2.741738355                
    -168.7322461         39.10899539        -55.71359024                
H              295                                                      
     1.489034745         3.630953741       -0.7259270464                
     3.911506920        -6.230754492         11.50626515                
    -79.51334510        -5.904953071        -94.45724640                
H              296                                                      
     1.341727441         2.730656864         1.580147840                
    -4.757789028        0.2464545810         13.48120556                
    -738.8891438         797.2316726        -739.8960929                
H              297                                                      
   -0.5881631832         3.321761735         3.021160405                
    -8.329453415         7.233964657         5.831533994                
     173.7784800         696.1995219        -541.3498942                
H              298                                                      
    -2.370746503         4.813163483         2.156098082                
    -3.231821847         7.744265656        -3.793077989                
     30.07072647        -62.27628937         45.49161917                
H              299                                                      
    -2.223439199         5.713460359       -0.1499768049                
     5.437474101         1.267056584        -5.768018400                
     419.1622774        -115.8675081         687.1220348                
H              300                                                      
   -0.2935485761         5.122355489        -1.590989369                
     9.009138488        -5.720453490         1.881653167                
     63.74538487        -120.1659514        -304.6591225                
