Diffusion in Zeolites. ZSM5 (Silicate) Crystal Structure, Si(96)O(192) +
         2         2       300     30000   1.0000000E-03   3.0000000E+01
       20.3183600000        0.0000000000        0.0000000000            
        0.0000000000       20.1714600000        0.0000000000            
        0.0000000000        0.0000000000       13.5858629500            
Si               1                                                      
     1.730838174        -1.136499888        -4.736964447                
    -1.688720867        -2.055302855         4.003817443                
    -4195.597371         36363.59553         12335.62655                
Si               2                                                      
    -8.588377948        -8.816265457        -2.295636987                
     3.655136349         4.109107818         1.654231635                
    -16220.68498        -15952.22689        -3387.495806                
Si               3                                                      
    -8.439014322        -1.381125884        -2.286713451                
     2.082463794         3.896147284        -1.433674895                
     10150.47297         5464.292261         9475.822867                
Si               4                                                      
     1.585548229        -8.895745908        -4.519305591                
     2.839954973        -3.689142736         1.494238976                
     16811.88168        -17631.45784        -18961.83423                
Si               5                                                      
     4.027778053       -0.5486232893        -2.660440540                
     1.252060833        -1.678268783         3.702139388                
    -1916.688551        -30869.55986         1381.319886                
Si               6                                                      
    -6.436570186        -9.532868313        -4.403106057                
    0.9969410470        -3.830001826         2.076998787                
     4313.234589        -14256.89770         500.2377636                
Si               7                                                      
    -6.066233693       -0.7896326227        -4.183626603                
     4.699798933         1.835130529         6.034207345                
    -7404.523206         6086.897708         12421.40267                
Si               8                                                      
     3.897242939        -9.505676142        -2.537844421                
    -5.195099760         2.167607380        -1.238539867                
     11289.88750        -12821.12558        -1680.024143                
Si               9                                                      
     5.805597383         1.396697872        -6.514003401                
    -3.228613207       -0.7909936628        -2.183054995                
     16082.37790        -1875.740358         11640.38476                
Si              10                                                      
    -4.581847881         8.831494072       -0.6421641468                
    -3.990073660        -3.854492904         3.163232823                
    -6723.402241        -13606.31405        -7875.314395                
Si              11                                                      
    -4.426630596         1.200231021       -0.3952506147                
     3.143021016         3.571364357         1.707109833                
    -7044.545251        -2627.561430         9147.625570                
Si              12                                                      
     5.755777086         8.911987729        -6.299150893                
   -0.7758888358       -0.7687230905        -2.979235658                
    -9231.452644        -13261.84927         6568.027074                
Si              13                                                      
     2.613883441         1.352939124        -6.689202598                
     4.395891260       -0.9853142564         1.668108477                
    -6830.811766        -3851.915394         18091.92574                
Si              14                                                      
    -7.756125332         8.849932858       -0.5590397265                
    -5.118097367         1.089318855       -0.1134926943                
    -17914.42456        -12246.84593         10483.97603                
Si              15                                                      
    -7.607201000         1.239379220       -0.5835577283                
     4.846969702       -0.5528824356        -5.155272420                
     5129.075416        -19896.99211         30700.16698                
Si              16                                                      
     2.606086790         8.881395600        -6.414167513                
     1.484626965        0.3102253382         1.029641114                
     476.5884802         1574.287347        -10345.44920                
Si              17                                                      
     8.853402504       -0.6487467165        -2.576263045                
     6.734602015         2.307627533       -0.4154438419                
     27651.39680         30070.53156         6025.334355                
Si              18                                                      
    -1.456689109        -9.627046024        -4.372393372                
     2.305623181       -0.3277554227E-01     2.916013454                
     23746.21463        -5956.075810        -14069.41438                
Si              19                                                      
    -1.348941621       -0.5271552529        -4.319880326                
    -2.358226729         6.748345830         1.924085444                
     1738.953195        -11721.38102        -7457.611432                
Si              20                                                      
     8.721604847        -9.504584316        -2.428549124                
     1.447455677        -4.546410771         2.912259072                
    -4761.700003         1717.256607         14942.64205                
Si              21                                                      
     6.515208677        -1.092220238        -4.557066704                
     5.351160754        -4.914332329        0.4759236946                
    -21480.28659         10932.18032        -7743.203712                
Si              22                                                      
    -3.855532645        -8.942257587        -2.568868804                
   -0.2511508464       -0.8082585494         4.383245459                
    -13292.20570         71.94166918        -1743.136076                
Si              23                                                      
    -3.543083642        -1.238654312        -2.283575750                
     3.194590814       -0.2011926201E-01     8.504738812                
    -16745.99112         10640.77910         187.2431190                
Si              24                                                      
     6.377551982        -8.836794312        -4.357874171                
     1.223137098         2.693892626       -0.5356045432                
     2079.358946        -15693.03985        -839.6077600                
Si              25                                                      
     1.554391005         3.432523513        -4.631131223                
    -1.608295761         1.119992494       -0.3852965981                
     34060.92704         10619.28296         9150.290836                
Si              26                                                      
    -8.558023157         6.586462343        -2.488807785                
    -3.778526777        -6.808326645         3.147187290                
     6941.052121        -5460.911187         2822.399644                
Si              27                                                      
    -8.539253198         3.474353557        -2.464766430                
     4.138131961         2.470542173        -1.728932550                
    -1265.763373         8577.483612        -722.3319001                
Si              28                                                      
     1.718903109         6.567264858        -4.584120442                
    -2.646509682        -6.168825949         1.932647337                
    -11069.44144         2723.903950         3155.888014                
Si              29                                                      
     3.889312778         2.574867372        -2.685042539                
     1.536322303        -1.482461802        -2.559325820                
    -8012.499993         173.9557716        -4708.119834                
Si              30                                                      
    -6.193932407         7.394953618        -4.503274208                
    -3.310916115        -3.082408478        0.3799962843                
    -18493.98284         17687.13176         9268.955424                
Si              31                                                      
    -6.166676099         2.399479548        -4.204983795                
    -2.809995590        -1.620727592        -2.562110766                
     9061.019217         3426.417235         7604.675944                
Si              32                                                      
     3.861212784         7.466882710        -2.535377500                
     3.032460724        0.3296794415        0.8813664467                
     9769.244014        -2295.214128         8680.763045                
Si              33                                                      
     5.707030987        -3.537006642        -6.357872328                
    -1.605409176        -2.017657555        -3.158759478                
     16891.55791         16906.58802         10120.71999                
Si              34                                                      
    -4.261772228        -6.695862330       -0.5730857998                
    -2.126870551         4.589260193        -8.253157607                
    -29608.91632         4232.462049        -2682.041343                
Si              35                                                      
    -4.273983666        -3.589111083       -0.3993358066                
     5.130471798        -2.158744702       -0.2533811970                
     3384.093443         1937.061014         101.3877574                
Si              36                                                      
     5.792689204        -6.595792870        -6.384401820                
    0.7094066859         1.297283798         2.694898969                
    -12355.78823        -1749.462670        -3807.511853                
Si              37                                                      
     2.548966036        -3.512155567        -6.496192907                
     4.109083903         3.560673839        -3.269021275                
    -4815.185218         6878.976905        -365.3982148                
Si              38                                                      
    -7.453883762        -6.714073742       -0.3311719770                
    0.6101460085        -2.628192943        -1.405222305                
    -4146.966202         9329.466745        -11.43537837                
Si              39                                                      
    -7.410519529        -3.570820422       -0.2434081909                
    -5.248262125        -2.186487788         3.595737266                
    -15588.23933         7980.383816        -5415.692758                
Si              40                                                      
     2.560171273        -6.564642425        -6.383850722                
     4.888698980       -0.7267986724        -3.762959688                
     8635.202739        -10843.56750         1540.509143                
Si              41                                                      
     8.798363671         2.583493911        -2.595838529                
     2.606020188         6.144996373         1.906232616                
     11827.27173         868.3829932        -5280.354788                
Si              42                                                      
    -1.346728849         7.364621657        -4.335356981                
   -0.5439987038         1.249915455         2.596828837                
     11147.74592         6295.227619        -831.6339698                
Si              43                                                      
    -1.440869371         2.609754270        -4.378509448                
    -1.278701144       -0.4583479655        -4.463239494                
    -7227.441528         4984.565435         2404.806522                
Si              44                                                      
     8.828813804         7.531367754        -2.496477082                
    0.2391142401        0.4592368567         2.231015823                
    -6092.515986        -14257.22131         11141.25834                
Si              45                                                      
     6.420359646         3.537630998        -4.385989269                
     1.648944502        0.4494319700        -1.005943114                
    -10805.33226         7620.669545         3556.045364                
Si              46                                                      
    -3.793052263         6.508101505        -2.610918633                
     1.230940891       -0.8124109879E-01     4.098176278                
    -13491.55953         2356.373806         11801.26233                
Si              47                                                      
    -3.681157494         3.395839955        -2.392165138                
     6.496865518        -7.123634193        0.3042523523                
    -32822.27228         9545.123927         13394.28768                
Si              48                                                      
     6.397163697         6.677372929        -4.247572383                
    -4.441197509        -5.227338279        -2.029456508                
    -13496.07638        -17206.84878        -6094.780595                
Si              49                                                      
     8.655880329         1.166470697         2.124783775                
   -0.5610893029        -4.395308882        -1.023367150                
     12328.84388         7586.819820        -6703.150758                
Si              50                                                      
    -1.540574679         8.725035185         4.368573214                
    0.7039519497        -3.169293672         4.162729361                
    -19026.59410         7076.339513        -16277.59598                
Si              51                                                      
    -1.589802011         1.219384470         4.372387669                
    -5.251521714        -1.098363351        -2.430692896                
     6342.560682        -305.9838187         13734.57444                
Si              52                                                      
     8.507510880         8.756973295         2.329170766                
    0.6155285109        -1.805836126         5.606692000                
     11325.22005        -12966.35824        -16392.08932                
Si              53                                                      
     6.346998538        0.5544060029         4.131781323                
    -3.868417118         4.946128101         1.121349199                
    -282.0820009         3760.020055        -3979.545879                
Si              54                                                      
    -3.821276651         9.459791021         2.320716355                
    0.7382472812       -0.2670262380        -6.050448992                
    -4460.173415        -32669.97594         5726.198588                
Si              55                                                      
    -3.942957448        0.3972257431         2.576821609                
     1.978562120        -1.298059013        -2.646154276                
     5653.613391         1808.598145         7758.403036                
Si              56                                                      
     6.344726157         9.499243792         4.317834236                
    -4.362804168        -4.923763066         1.481256431                
     4345.981748         9698.954008        -26237.56283                
Si              57                                                      
     4.523611831        -1.370179549        0.3700837410                
     3.556151311         3.963206900         3.242454133                
     10246.36666         5972.333469        -25546.85128                
Si              58                                                      
    -5.673481227        -8.967340559         6.254736259                
    -2.942497098        0.1846506531       -0.2068678913E-01            
    -3347.341372        -20836.22036        -1518.297092                
Si              59                                                      
    -5.622246470        -1.380788550         6.415979775                
   -0.6434691045        -2.247943894         1.948416952                
     12664.85542        -12668.49854        -5120.505721                
Si              60                                                      
     4.435179902        -8.810555087        0.4532491119                
    -4.406291961        -5.256765019         3.500962187                
    -8246.224283        -15968.47570         2073.249445                
Si              61                                                      
     7.720588502        -1.229006905        0.2746569057                
    0.2936299655        -1.943601607        0.9909335348                
     7310.594667         985.1176209         7624.322700                
Si              62                                                      
    -2.548519621        -9.115052090         6.281551963                
     1.150708517        -2.664077593         4.153759948                
     9115.372663        -11378.78390         22520.10678                
Si              63                                                      
    -2.441942580        -1.170429306         6.354911530                
   -0.8144228888        -3.995045084       -0.5497125364                
    -22449.11880        -455.0958584        -14057.80046                
Si              64                                                      
     7.581821153        -8.965113427        0.4980604493                
   -0.9668881432         4.023594582        0.2300585646                
     5784.402090        -13950.52129        -5326.457043                
Si              65                                                      
     1.467783339        0.5192863803         4.108413330                
    -2.016142554         2.617912356         1.179495188                
    -18135.48463         18801.67391        -14607.50109                
Si              66                                                      
    -8.782236933         9.429136185         2.384788175                
    -3.539985194         2.466310010        -2.328911844                
    -3663.929536         7108.579352        -4266.441152                
Si              67                                                      
    -8.613306878        0.5847073037         2.365054900                
    0.3070987168        0.8323727883        -2.156394197                
    -5141.482630        -7755.062743         12331.64390                
Si              68                                                      
     1.489442323         9.359129365         4.236895425                
    -3.632456440         2.173254175        -5.005804031                
     15997.07611         4459.280188         7363.797527                
Si              69                                                      
     3.868872491         1.117254171         2.200779245                
    0.5393850564        -1.153812711        -5.266350570                
    -9094.404584        -5549.275549        -3229.138956                
Si              70                                                      
    -6.299820976         8.803206927         4.201922364                
     1.002155161        -7.331848316        -1.653861504                
    -7353.614695         9334.546685        -19624.87987                
Si              71                                                      
    -6.391156750        0.9842922263         4.527436132                
    -5.232136774        -2.601081505       -0.9737040554                
     11294.81112        -2329.409326        -3052.658431                
Si              72                                                      
     3.950859311         8.843713791         2.360777558                
   -0.4627775577E-01     2.280338894        -4.219306188                
     3637.737733         15165.62994         7770.327420                
Si              73                                                      
     8.688386632        -3.435499203         2.338695919                
    -2.685539597       -0.2137475846        -1.888254883                
     984.9096917        -6405.040419        -11607.13206                
Si              74                                                      
    -1.533184376        -6.772069516         4.476605721                
    -4.172374037         1.160924917        -5.258775141                
     4591.400211         21972.06583         1017.905580                
Si              75                                                      
    -1.495401492        -3.628771254         4.598675678                
    -2.748786024        -6.613621732        -1.019151106                
    -1781.619640         4945.069507        -20816.06887                
Si              76                                                      
     8.623757335        -6.590856373         2.326281510                
    0.2393838350        -1.716438815         1.733889260                
     17209.26871        -341.1032961        -2424.726172                
Si              77                                                      
     6.385067779        -2.599429547         4.336645129                
   -0.7492470340        -2.840715330       -0.4588136449                
    -9031.285618        -12657.88175        -23946.33334                
Si              78                                                      
    -3.807482976        -7.585011163         2.399609253                
     1.257703862        0.4431258487        -4.044165836                
     5261.223817         14144.65357        -1044.606592                
Si              79                                                      
    -3.711211744        -2.785949527         2.584068175                
    -5.880769914         2.762876331        -5.306160800                
     922.3554272         5947.702994         7575.072851                
Si              80                                                      
     6.420695379        -7.467085689         4.250609284                
    -3.303134897         3.733487240         3.357183285                
    -6615.025783        -10784.26798         1819.120341                
Si              81                                                      
     4.537374503         3.451470034        0.2089740078                
   -0.2710653877        -1.379574831         1.644344774                
     2335.196214        -77.48422827         8093.478606                
Si              82                                                      
    -5.682857915         6.485262808         6.099486000                
    0.4889029091        -6.586054133       -0.5935478680                
     6216.836057         4.664566798         12537.21328                
Si              83                                                      
    -5.727228776         3.385203466         6.428504338                
    0.7363233907         4.614451190        -1.052948053                
     6578.995056        -11899.66015         77.67517164                
Si              84                                                      
     4.633342706         6.577639016        0.3690762801                
     2.980922706         2.381278757         2.271710218                
     7869.569394        -22561.86311        -9648.672433                
Si              85                                                      
     7.704037687         3.412442004        0.2185878241                
    0.6489869816E-02   -0.5381333409E-01    -1.730746197                
     10831.23912         12669.48616         7471.466158                
Si              86                                                      
    -2.496132039         6.587201496         6.372934301                
    -4.273306703         2.998000434        -4.697852715                
    -4658.853681         4924.251812        -8750.443332                
Si              87                                                      
    -2.524600635         3.465657821         6.369177550                
     4.692095125         3.092844779        -2.338219066                
    -13032.11654        -5458.217374        -14196.06499                
Si              88                                                      
     7.815571638         6.513480969        0.3422665499                
     2.353200045        0.1219323087        -1.393905567                
    -5357.310313        -3952.917615        -12291.26463                
Si              89                                                      
     1.494628019        -2.608554697         4.272476403                
     5.043965156         6.321942051        -4.897911829                
    -17065.65017        -16899.05024        -8506.647064                
Si              90                                                      
    -8.726306779        -7.534368762         2.430397529                
   -0.4676393602         4.023224149         1.823816849                
     6734.194970        -24309.26044         10299.96566                
Si              91                                                      
    -8.628899535        -2.589517335         2.443991034                
    -2.368865727         1.985904461        0.2814771086                
     444.7353905         6542.711101         14465.42654                
Si              92                                                      
     1.510740359        -7.604445824         4.404204891                
   -0.9678481092         2.876835126        0.1098671904                
     9715.678645         5743.045883        -8391.677590                
Si              93                                                      
     3.898192005        -3.534677363         2.509245107                
    -3.835785712        -1.965527644       -0.2779355162                
     7694.204222        -20447.65792        -7288.029957                
Si              94                                                      
    -6.275590296        -6.759454710         4.197322144                
     2.862755570        -2.258713493         4.870953652                
     4437.177969         11085.29395        -445.8817175                
Si              95                                                      
    -6.289882485        -3.629387773         4.295835523                
    -3.121843798         1.172729252        -3.137872824                
     10601.49908         23020.38327        -1249.151517                
Si              96                                                      
     3.831837908        -6.648484452         2.532047826                
   -0.2793241970         4.217699820         4.604333707                
     14938.61797         1753.891597        -4197.116774                
O               97                                                      
     2.773559558        -1.008430136        -3.533531798                
    -6.108978691        -2.283337187        -8.335623210                
    -6758.720007        -826.9639792        -6461.283625                
O               98                                                      
    -7.710058664        -9.079954714        -3.578961351                
   -0.2157224058         2.204440380         2.480139727                
     10507.90610         5596.055036        -76.01414508                
O               99                                                      
    -7.382440427        -1.303458300        -3.450858408                
    -2.997814205         2.963680701         3.493205927                
     4965.624554        -3424.353897         750.1438290                
O              100                                                      
     2.659708952        -9.064518605        -3.400499353                
    -1.260090776         6.752777607       -0.5637697427                
    -4734.574202         549.3190734         17792.94352                
O              101                                                      
     4.154933116        -1.130383804        -1.178515623                
   -0.3514786755E-01   -0.6619757503       -0.7127161041                
    -7017.263691        -2832.783118         5665.600758                
O              102                                                      
    -6.365114746        -9.060432375        -5.908247686                
     2.486214069        -5.158582049        -6.601789797                
     9132.311047         3835.506579        -3728.517483                
O              103                                                      
    -5.951695855        -1.261646440        -5.646118412                
    -4.119531504         3.448856831         6.425864927                
    -8947.014177        -3274.285964        -6354.770053                
O              104                                                      
     3.941542287        -9.098763114       -0.9914255816                
    -1.529350802        -5.241818680       -0.6193827386                
    -4687.133073         6266.872217        -23289.38174                
O              105                                                      
     4.214662589         1.433380606        -6.546856587                
   -0.2013476205        -1.442828835       -0.9709997031                
    -6247.654535        -6225.833116        -15183.21234                
O              106                                                      
    -6.186705496         8.831435515       -0.6038154241                
    -4.287841232         2.346994080         2.028447981                
     10627.79132         6673.372558         3883.435228                
O              107                                                      
    -6.029698703         1.264762684       -0.4597294483                
     2.049781062       -0.6152964302         2.723519133                
     9391.222569        -11279.23101        -8480.856444                
O              108                                                      
     4.187569009         8.968200413        -6.273448577                
     7.350944336         10.06380765        0.8510054606                
    -12022.91666        -2641.126273        -7801.568986                
O              109                                                      
     8.331462597        -1.076946120        -1.166191905                
     6.679743267        -3.301713127       -0.7728007837                
    -4201.568258        -7427.977290        -85.52305569                
O              110                                                      
    -1.909924844        -9.275017745        -5.839569167                
     9.775270675         3.921188937       -0.7509316435                
    -4807.681464        -1615.204836        -9854.463813                
O              111                                                      
    -1.976214670       -0.9612571537        -5.771765044                
    -7.864906003         7.528724334         3.032540409                
     24333.66136         5916.550314         26533.08535                
O              112                                                      
     8.104655650        -9.169431177       -0.9655903038                
     1.837872221       -0.6679353267        -1.149742556                
     13641.99114         2024.301681        -14267.26678                
O              113                                                      
     7.771582882       -0.9371748339        -3.633857325                
     1.931845302         5.731334164        0.4296851697                
     1054.307226        -10102.44961        -15114.20001                
O              114                                                      
    -2.559153213        -9.113669577        -3.418083462                
     3.445048495        -3.547254028        0.1269008151                
    -88.93696641        -1011.571657         6953.317736                
O              115                                                      
    -2.243514198        -1.041891594        -3.108261346                
    -5.918829052         2.788608719         3.942709209                
     8507.262309        -1688.986380        -12135.27142                
O              116                                                      
     7.678468860        -9.029227593        -3.496376233                
     3.529490435         4.451138928        0.2054729466                
     442.4707432         2691.500044        -4690.637160                
O              117                                                      
     5.275753630        -1.025770428        -3.544081107                
   -0.4998449828E-01    -5.579582704       -0.4822185737                
     2951.292453         13403.27436        -474.7972656                
O              118                                                      
    -5.135250594        -9.043139371        -3.550207788                
    0.6529722315         1.654179109         2.769423339                
    -3779.831786        -4665.888389         483.9438232                
O              119                                                      
    -4.764043365        -1.078221741        -3.327210026                
    -5.411837903       -0.6544858365         7.352058133                
     2735.869507        -1066.542631         5044.197071                
O              120                                                      
     5.178624533        -8.988715786        -3.369669953                
    -8.230032004         6.032733012        0.6258409275                
    -13773.98103        -2019.303611         14132.80256                
O              121                                                      
     2.625021918         3.005924722        -3.479489635                
    0.7959886942       -0.5310859483         6.095004686                
    -20207.03357         3674.685657        -15985.38883                
O              122                                                      
    -7.472094784         6.995894243        -3.587495051                
     9.206641110         10.04641224        -4.001211630                
     4741.863050        -2876.499324        -5065.873683                
O              123                                                      
    -7.379018560         3.070687540        -3.474205267                
    -2.218557579         6.099106799         2.659211110                
    -13556.11071        -8910.317380         2362.756397                
O              124                                                      
     2.602465730         6.952802363        -3.342983412                
    0.4072825128        -1.153788472        -6.625342253                
     11944.27435         5894.906515        -225.5601202                
O              125                                                      
     3.978019033         3.101421660        -1.222667266                
    -2.181763995        -5.187532939         5.654831140                
     5678.992828         2604.653165         10711.72402                
O              126                                                      
    -6.139578867         6.914503538        -6.003039346                
   -0.4951893474       -0.3143967547E-01    -3.943213521                
     966.4448864        -2692.939044        -4670.022863                
O              127                                                      
    -6.082835848         2.997557307        -5.661923509                
     2.435849289         3.911486642       -0.5151962331                
    -484.7885095        -5037.786993        -5300.974264                
O              128                                                      
     4.043353459         7.040636028        -1.008438351                
     4.789699863        0.4529993361        -2.228357180                
    -5152.402332        -2711.830430        -11966.24010                
O              129                                                      
     4.135437804        -3.393866763        -6.406483653                
   -0.7230972590        0.2574127143         3.426664296                
    -3581.048602        -5364.605032         470.3884303                
O              130                                                      
    -5.913456792        -6.933601120       -0.5198447937                
     5.714266155        -6.307057467         8.358691076                
     22042.79408         9669.874105         1699.287601                
O              131                                                      
    -5.839389789        -3.396998407       -0.2020835214                
    -2.309585114         1.308896324        -1.065245081                
     1155.205403        -3785.291108        -5863.639945                
O              132                                                      
     4.157886376        -6.645923023        -6.414342475                
    -1.494244460        0.2751875138        -4.771791727                
     10231.05566         5444.465877         5607.782775                
O              133                                                      
     8.391413830         3.054859562        -1.147883792                
    -1.359336574       -0.5630464230        -3.301275827                
    -11270.82586        -4138.055971        -3594.989823                
O              134                                                      
    -1.918154539         6.902505467        -5.752073496                
   -0.4851614030        0.2367445769         5.017305602                
    -1978.963081         4516.338089        -9227.324717                
O              135                                                      
    -2.055767476         2.998648105        -5.800300768                
   -0.4189783067         4.087817826         8.060423631                
     12879.10036         3779.140120         12934.63163                
O              136                                                      
     8.444151908         7.040399731        -1.012044855                
     1.115810651        -3.759015299         6.336175718                
    -3464.466391        -1618.522236        -10880.76935                
O              137                                                      
     7.697300347         3.104878437        -3.605501484                
    0.9519702735E-01    -2.408618549        -4.776114606                
     6172.970551        -6056.318000         8308.431033                
O              138                                                      
    -2.406370243         6.830093436        -3.306433075                
    0.3127702096         4.961990098        -2.582990838                
    -1780.097669        -4316.733936         3132.938699                
O              139                                                      
    -2.400993542         3.174451777        -3.226040779                
     5.834727896        -1.403514411         5.072276562                
     15394.76809        -6114.933163        -11507.05526                
O              140                                                      
     7.654503452         7.065998998        -3.472088988                
     6.771971925        -2.725587494        -2.195777935                
     25167.56451         8424.413602         10720.72493                
O              141                                                      
     5.140453380         3.066855906        -3.492735003                
    -2.157270937         1.469446322         1.649099636                
     15859.64578         3340.239507        -10917.24239                
O              142                                                      
    -4.941713130         6.899363105        -3.663014923                
   -0.7788368949         1.174895665         3.872200229                
     3784.931497        -3936.905131        -5926.868267                
O              143                                                      
    -4.883064389         2.818432474        -3.326315469                
    -5.046000070         4.068301617        0.4083689848                
     5719.695639         3899.732388        -2768.679533                
O              144                                                      
     5.151313906         6.934057852        -3.329277966                
    -1.978039350       -0.2761837063E-01     3.404128751                
    -16972.36437         10536.25541         5050.388071                
O              145                                                      
     3.912187316        0.9925881311        -2.627284245                
    -5.053626292        -6.192086353         8.296542188                
     7775.260719         8228.777332         2395.290120                
O              146                                                      
    -6.300810924         9.024319720        -4.522629624                
   -0.3968587852         1.683282123        -4.162790005                
     4324.422098         2808.769799         5562.115523                
O              147                                                      
    -6.252864881        0.7998406259        -4.194626422                
    -2.047361329       -0.6803180231        0.5773616829                
     5970.983727         8972.927384        -3564.005371                
O              148                                                      
     3.919366144         9.044774349        -2.579490910                
     3.443868058       -0.2036703007       -0.9714157260E-01            
    -4853.034002         13650.53915         1718.448440                
O              149                                                      
     8.930787976         1.013704769        -2.609150825                
    -2.853892962         9.460428929         2.505891708                
    -5937.419811        -25406.95375        -1312.287205                
O              150                                                      
    -1.420964183         8.954585119        -4.244940595                
    -2.263488631         2.036377683        -1.197142675                
    -204.0377687         2355.750576        -826.6055400                
O              151                                                      
    -1.450703913         1.041500235        -4.247781652                
    -1.296976573        -4.175498672        -2.021383345                
     5374.993466         1039.616850        -1750.610855                
O              152                                                      
     8.832861157         9.080402242        -2.551085312                
     5.806118231        -4.277993050        -2.002429703                
     631.9212687         18702.81423        -487.9242243                
O              153                                                      
     1.930402148        -2.452652774        -5.505271503                
     6.229087242       -0.8078651405        -2.604568840                
     8477.384953        -7670.196791        -9677.982534                
O              154                                                      
    -8.137438596        -7.652804656        -1.386407175                
     4.132308399        -1.469266811        -10.41523934                
     2870.503112         13002.32604        -6263.227194                
O              155                                                      
    -8.043922341        -2.606489921        -1.350488509                
    -6.086393968         1.702455103        -8.529951917                
     1763.611982        -3538.588866        -3496.435851                
O              156                                                      
     2.002555301        -7.590288079        -5.282352619                
     2.216803535        -2.891309851         2.265658216                
    -4625.038782         16024.79357        -14606.93710                
O              157                                                      
     2.081224317        0.1432843819        -5.751372859                
     2.564069180       -0.1281341549        -4.324970648                
     5031.481766        -19329.93639         789.4594408                
O              158                                                      
    -8.280114551         10.04975519        -1.434837158                
    -3.744385322        -2.254418941        -9.359451146                
     6147.902147         1539.401691        -3884.142537                
O              159                                                      
    -8.040381013       -0.6509657291E-01    -1.409377741                
     3.218538769        0.8338626881         2.089297464                
    -4294.178949         1462.736830        -4144.490174                
O              160                                                      
     1.981023402         10.03150464        -5.522928869                
    0.8924986770       -0.2716808917         3.016989857                
    -2324.093953         9957.552701         1679.429406                
O              161                                                      
     2.022110583         2.567117396        -5.877263246                
    -1.877069038         3.426725937        -7.297810189                
    -2588.081954         7132.793014        -1089.870948                
O              162                                                      
    -8.254438042         7.480711178        -1.218549670                
   -0.8651372724        -2.289980684        -8.246987278                
     9665.034538         11840.14936        -5624.439377                
O              163                                                      
    -8.095798507         2.526372934        -1.255872722                
    -8.600145301         4.867773284       -0.8055052256                
    -13622.52470         7722.969771        -15995.59328                
O              164                                                      
     2.193069083         7.510506245        -5.781196856                
     3.281707789        0.3709478085E-01    -1.510112270                
    -4719.589767        -8229.381939         15853.02797                
O              165                                                      
     6.284894951        -2.436033521        -5.355545300                
     1.115149066         1.276526205        -1.269405920                
     2675.160173        -2941.865481        -3989.221514                
O              166                                                      
    -3.794054682        -7.643249076        -1.682136124                
     5.013077201        -1.317874486         2.216034226                
     2087.324383        -4084.905725        -10857.73972                
O              167                                                      
    -3.806496565        -2.564240200        -1.505668247                
     2.235365892        -4.550811115        -2.511203945                
     6503.343283        -8346.442429         10536.16302                
O              168                                                      
     6.253845003        -7.571416098        -5.253054329                
    -2.391259995       -0.6811247636       -0.3017366143                
     2399.498886         6689.244218        -5790.846943                
O              169                                                      
     6.303931349        0.1793813421        -5.590814812                
     1.899956466         2.549757776        0.3750055969                
    -2699.993252        -16369.17456         7105.026127                
O              170                                                      
    -4.085052848         10.07276434        -1.493606575                
    0.3831154278         1.847121677       -0.3841297110                
    -1222.556217         171.0005481        -8605.422173                
O              171                                                      
    -3.785664640       -0.6338662095E-01    -1.221433883                
   -0.2842215719       -0.4707239732        -3.667734369                
    -10660.53991         9678.197641         5935.710541                
O              172                                                      
     6.186714261        -10.07010183        -5.387206260                
     5.663995630        -5.965881853         1.186035435                
     13518.32635         10715.81130         5141.464989                
O              173                                                      
     6.309825702         2.654485875        -5.694122342                
    -6.419374976        0.4677855985E-01    -7.697061764                
    -8199.355670         3734.457732        -2435.397552                
O              174                                                      
    -4.162630921         7.532769097        -1.463106335                
    -2.365714149         2.543308280        0.2443918219                
     9264.100289         6835.683614         3274.617875                
O              175                                                      
    -3.923926689         2.474873897        -1.119339802                
     10.81701082       -0.7505400290        -2.730383981                
     14443.06837         6012.545575        -12230.47399                
O              176                                                      
     6.186422789         7.557795669        -5.527809402                
     8.398583683        -5.689992324        0.1209486015                
     1675.313213         19225.31485        -10891.07771                
O              177                                                      
    -9.946931847        -1.212656095        -2.674647717                
    -7.388856217         1.545533774        -3.104158353                
    -17644.48338         3071.967869         691.4865195                
O              178                                                      
    0.8169994118E-01    -9.119471199        -4.274741789                
    -1.327258326         2.660265226        -2.096164144                
    -23810.75875         2094.172787         11366.89123                
O              179                                                      
    0.1971730057       -0.9481534431        -4.349593609                
    0.9629042611        -6.025512154       -0.4967738884                
    -7153.705197         2841.868068        -2221.874986                
O              180                                                      
    -10.15101183        -8.881698147        -2.519732673                
   -0.4516338723         1.124626520        -1.031213935                
    -663.8535771        -1218.107072        -2341.462585                
O              181                                                      
    -10.06090569         3.139054291        -2.804005146                
    -5.270199453         3.377350819         1.382235343                
     13449.42962        -4360.378165         497.9478225                
O              182                                                      
    0.1975539212         6.964171503        -4.290407261                
     3.942258201        -6.837305274        -8.516948182                
    -9298.288347        -4081.369183        -5467.191880                
O              183                                                      
    0.6370637680E-01     3.128569980        -4.369465133                
   -0.6127446751       -0.5695976543         4.946259638                
    -17077.44359        -5403.180713         988.7010264                
O              184                                                      
    -10.05092723         6.970850001        -2.751540924                
     2.666008710        -6.093390876        0.4610078225                
    -3725.028272         2820.203360        -9584.577867                
O              185                                                      
     1.770317028         5.018157042        -4.739719942                
    -1.135266123       -0.6711061775E-01     4.663091295                
    -8165.470712        -13203.73837        -7600.838996                
O              186                                                      
    -8.499421044         5.023912058        -2.315026406                
   -0.5906508586        -6.187516007         6.489417674                
     3204.658775         3727.991540        -261.1026127                
O              187                                                      
     6.412832411         5.122552741        -4.442392776                
     4.898966912       -0.3467441067         3.628346969                
     1311.034067        -16107.11178        -11503.69457                
O              188                                                      
    -3.849033250         4.985175687        -2.193649744                
    -4.422905363        -11.71711299       -0.7519352131                
     7718.950303        -9295.911176        -12895.61617                
O              189                                                      
     6.086750779        -5.052847799        -6.170840633                
   -0.9921718067        -2.504927434        -7.814306017                
    -9468.871055        -3014.933096        -1765.090276                
O              190                                                      
    -4.066405363        -5.134544268       -0.7444073334                
     2.995182966       -0.3650640965         1.809702054                
    -327.8587560         3190.439664         9402.625884                
O              191                                                      
     2.262983468        -5.009010019        -6.244220277                
     3.927220520         4.701176951         1.029308311                
     1891.121248        -18456.74357         3924.129886                
O              192                                                      
    -7.586619977        -5.116716097       -0.4052743417                
   -0.1517630310        -2.201300734        0.5265712227                
     1987.663442        -11899.26452        -7706.555537                
O              193                                                      
     7.620942709        0.9807532783         3.274429344                
     2.845673573        -6.427684594         2.487795698                
    -13040.49339        -10893.64772         10897.63145                
O              194                                                      
    -2.533285753         8.930190797         3.140607200                
     6.650471529        -1.188496820       -0.7542506880                
    -5166.122326         10947.59103        -10230.98706                
O              195                                                      
    -2.634110638        0.9806367975         3.234147793                
   -0.1963127199         1.212183733        0.3436039836                
     3215.392315         3537.407526         2684.526292                
O              196                                                      
     7.563004348         8.818842992         3.550571186                
    0.2529956157E-01    0.5992650199         2.121696039                
    -6449.695302         12137.86444         11610.94674                
O              197                                                      
     6.298377479         1.150555649         5.581430005                
     5.461163959         3.804708727         3.034110421                
    -10547.21618         630.3885880         5016.264292                
O              198                                                      
    -4.037622078         8.971436622        0.8118786129                
     2.743604927        -1.694948992        -7.622834689                
     5383.491165         7362.646644         13549.01149                
O              199                                                      
    -4.146166468         1.050513196         1.159209531                
    -1.028076392        -2.533478287        -6.216488517                
     2793.680782        -18776.17779        -10338.97127                
O              200                                                      
     6.072749226         9.135427687         5.751950635                
    -5.190349687        -4.358803343         1.162805113                
     11456.07206        -8595.406210         35124.86976                
O              201                                                      
     6.133919011        -1.198456021        0.2479539087                
     4.681010814         2.004011005         5.168180492                
    -1569.946345        -7638.451271         11300.91934                
O              202                                                      
    -4.111646471        -9.149219556         6.455241002                
     7.100152886         2.987070890         5.845889008                
    -1639.099277         5330.105034        -5955.577402                
O              203                                                      
    -4.036091527        -1.336513681         6.503739049                
     1.515464388         3.739735310         3.219002719                
     7122.308495         9307.557641        -13731.49453                
O              204                                                      
     6.003199954        -8.897321981        0.3472008333                
     3.842932170        -4.876744253         3.658113668                
     5948.819647         12079.91910         13118.02891                
O              205                                                      
     2.030683872         1.114169111         5.432109836                
     1.788185978       -0.2269101375        0.4544513144                
     14408.90914         1079.544699         21750.80671                
O              206                                                      
    -8.355591274         9.095488401        0.8931541688                
     2.046093228         2.011755643        -3.130903476                
     10415.30204        -4364.448414         624.6297725                
O              207                                                      
    -8.144322062         1.021755344        0.9384820082                
     1.960617110        -3.016874269         2.124234300                
     5044.311030         3854.268788        -11105.70354                
O              208                                                      
     2.048920310         8.953752811         5.669792187                
   -0.8841420708        0.7198735024        0.9154994026                
    -1339.215170         7773.739598         5924.679122                
O              209                                                      
     2.495764922        0.9540094518         3.005450615                
     2.299820910         1.674807163        0.9169884038                
     9998.506376         4193.630568        -7003.773574                
O              210                                                      
    -7.672730701         8.945847719         3.377927907                
    -1.930716674        -2.219632863         2.103243378                
     11648.38479        -630.2540437         8521.152118                
O              211                                                      
    -7.638568282        0.9432908685         3.580121648                
    -2.530841724       -0.3334182539         4.998708193                
    -2756.056244         4116.436132        -7728.217780                
O              212                                                      
     2.625134486         8.904173969         3.221154987                
    -1.514088071        -6.314168766        -1.012492424                
    -14346.16250        -57.19901153        -8173.917878                
O              213                                                      
     5.036049863        0.9341311699         3.285306675                
    -1.983055672        -2.389823159        0.1872988853                
     3967.383926         309.6988828        -3669.029321                
O              214                                                      
    -5.111490160         8.967568822         3.148035067                
    -8.427484838         5.952470023         1.273641341                
     5594.454053         8995.086071         986.4945003                
O              215                                                      
    -5.136770547        0.7396333737         3.529697344                
     5.334169593        -6.873241620         3.411630957                
    -14210.31634         5823.001681         4682.574941                
O              216                                                      
     5.092232576         9.095085356         3.466857195                
     1.437520348         5.420056875         6.096903467                
    -6276.274138        -1927.629883        -18038.81279                
O              217                                                      
     7.650241054        -3.012647198         3.447497058                
    -2.548695045        -4.226317304       -0.2222676072                
    -1842.577177        -1711.629067         15588.04027                
O              218                                                      
    -2.519512346        -7.066958818         3.276526659                
   -0.6018851994         3.739436371         3.995799173                
    -15737.42904        -16574.03929        -9532.372086                
O              219                                                      
    -2.471411925        -3.305954937         3.381320625                
    -1.663854291        -7.275278257         5.594492201                
     801.7533395        -1826.613744         1068.816314                
O              220                                                      
     7.665082551        -6.900449607         3.536820499                
    0.7442378767        -4.107789348         1.446802295                
     6849.989127         7213.694997        -9210.782305                
O              221                                                      
     6.226790793        -3.081116818         5.806651683                
    -5.587296137        -1.367562882        -6.306983115                
     384.7664717        -6088.201378        -1310.908179                
O              222                                                      
    -3.884293702        -7.157896786        0.8562567210                
     1.376178141        -3.073205502        0.5047310130                
     11539.81533         6142.554886         22700.51349                
O              223                                                      
    -3.741353000        -3.229385230         1.059779120                
     2.295817885         2.868308748        0.5976860718                
    -3913.156400        -4889.442440        -4879.294804                
O              224                                                      
     6.253220362        -7.059123736         5.751785382                
     2.460039881         1.462390817        -7.451480889                
    -4151.468200         6407.435251         10962.20822                
O              225                                                      
     6.138577520         3.276028417        0.1500403885                
    -1.541851744        -6.460292386         4.026855708                
    -11507.49118         2654.517967        -3313.708551                
O              226                                                      
    -4.091248377         6.758928026         6.199293398                
   -0.3390492271E-01   -0.2983848655        0.6997975341                
     635.8087350        -11776.02911         3804.514763                
O              227                                                      
    -4.139322517         3.268753971         6.380720263                
    -4.652701844        0.6683303466E-01     6.190494000                
     14575.13378         7954.833982        -5136.878323                
O              228                                                      
     6.217392390         6.664757358        0.2812568399                
    -5.041675581        -1.741479168        -4.715795273                
    -1591.016895        -5596.557396         1091.771862                
O              229                                                      
     2.016241163        -3.146339941         5.653427580                
    -4.163037684         6.957537410        0.9194419266E-01            
     7587.842277         9040.650592         5993.157774                
O              230                                                      
    -8.114544273        -7.092389172         1.042965684                
     2.494663194         2.622444581         2.459881447                
     6857.434304        -2244.096988         6694.010528                
O              231                                                      
    -8.138618361        -3.144548888         1.082194876                
    -1.586649144         11.25220735        -2.668536938                
     12385.35615         1906.651731        -7934.590328                
O              232                                                      
     2.072129253        -7.055681920         5.773081543                
    -3.221079657        0.9179635873        0.7982207923                
    -8837.946311        -5123.415638         12639.64063                
O              233                                                      
     2.567414585        -3.088377254         3.213394627                
   -0.8591765618E-01    -1.375634932        0.4388018162                
    -2340.637793         1389.463258         3268.447471                
O              234                                                      
    -7.653722882        -7.119567823         3.560755905                
    -6.012056339         1.100801922        -2.830456399                
    -8201.144854        -5342.431345        -11681.21871                
O              235                                                      
    -7.571071855        -3.148956642         3.486266061                
     2.277348917       -0.5829928529        -6.382606551                
     1334.901023        -1578.114912         4489.201959                
O              236                                                      
     2.626368952        -7.092221718         3.388163156                
     4.299867142        0.6306809798         2.528709646                
    -16550.69257        -4925.246900         3539.177991                
O              237                                                      
     5.123613519        -3.199376864         3.469283147                
    -6.134976258        0.9677793985        0.6598018343                
     5367.715036         7824.579482         8232.202505                
O              238                                                      
    -5.109014454        -7.110081089         3.189216526                
    -1.093356427         6.672226601         5.666104311                
     10826.92745        -1616.876292        -8286.010162                
O              239                                                      
    -4.990317644        -3.251489011         3.417985120                
    -1.453621932        0.2643014898        0.6062771617E-01            
    -4871.916180        -8323.838010        -6060.774247                
O              240                                                      
     5.177210275        -6.934409417         3.379174803                
   -0.6308312244        -2.893042383        0.5928176237                
    -130.4010559        -12974.93788         2537.090577                
O              241                                                      
     6.289002295        -1.040193080         4.301577543                
    -1.471781374        0.1887244824        -2.254205839                
     5071.638363         14510.42761        -3430.443937                
O              242                                                      
    -3.830285596        -9.153101604         2.355917122                
    0.7604853888         1.889194684        -3.860538317                
     8363.101804         3366.707102         3753.141030                
O              243                                                      
    -3.761269819        -1.196925842         2.613940634                
    -4.166186095         8.321703375         7.103776433                
    -4340.554584         8132.359709        -14018.36107                
O              244                                                      
     6.553376442        -9.069169192         4.218711192                
    -3.182056761        -2.590115332        -5.654159205                
    -10626.80642        -2464.408252        -56.25645348                
O              245                                                      
     1.497414955        -1.029036360         4.191726118                
    -2.249669123        -2.018293874         3.342091361                
    -2710.710752        -16388.15822         3282.271499                
O              246                                                      
    -8.781016679        -9.159105750         2.491838828                
     3.930285676         4.361863198        -4.066527246                
     3365.930716         16126.69730        -1211.255441                
O              247                                                      
    -8.630751946        -1.000383756         2.450530254                
    -2.799281129       -0.2418462235E-01    -1.025243946                
     5750.859092        -7910.000105        -3622.180470                
O              248                                                      
     1.483922313        -9.190401677         4.270760941                
    -6.695966648        -2.058718323         4.626378827                
    -6957.523352        -4928.672782         535.7059067                
O              249                                                      
     8.238592168         2.462954920         1.327655245                
    0.4840077478         1.868607751        -3.057520825                
     6959.396505        -3599.588334         6663.460190                
O              250                                                      
    -1.877002403         7.524217529         5.231339935                
     1.263039264         5.033526621        -3.449675287                
    -2153.268166        -30084.87270         23708.75324                
O              251                                                      
    -1.858233218         2.529798752         5.266430218                
     4.665572565         5.807375216        -5.552499764                
    -4863.062149        -1722.541547        -5053.893457                
O              252                                                      
     8.259628622         7.439074722         1.473387353                
    -2.344117042        -4.894120790        0.3910666959                
     8478.809946         12635.79683         17904.70231                
O              253                                                      
     8.339174842        0.4793306147E-01     1.058185594                
     5.150547655         4.228582176        -6.461236241                
    -15195.66083        -21474.21569         1906.777502                
O              254                                                      
    -2.050038023         9.869064909         5.333172550                
     6.355719201        -9.005189063         1.788512163                
    -214.9864390         21820.12390         7252.558750                
O              255                                                      
    -1.963151833        0.5132528419E-01     5.410989401                
    -2.225029341        -3.665443203        -5.834665816                
    -4119.043928        -7191.444471         7898.137142                
O              256                                                      
     8.027195380         9.929888584         1.356348172                
     5.627023270        0.5178161876         2.287818362                
    -4093.419321         7940.658330         6075.328081                
O              257                                                      
     8.167088587        -2.525883896         1.141281019                
     3.671402343        0.2919386502         2.133813959                
     1357.191069         13587.20403        -7789.766048                
O              258                                                      
    -2.045770767        -7.787107017         5.614141052                
   -0.5065126295        -1.520989144        -5.703834987                
     4440.656235         5754.041788        -17701.69276                
O              259                                                      
    -1.985943626        -2.481477557         5.585185268                
     5.525364035       -0.6893215148        -2.203838133                
     11410.53304        -9043.541664         11149.32522                
O              260                                                      
     8.159731777        -7.708553323         1.289254775                
     7.114060956         4.456197760        -6.549745439                
    -12526.70106         8075.899427        -5519.173742                
O              261                                                      
     4.066318155         2.385148384         1.282974982                
    -2.973035002       -0.4631353161         2.467193681                
    -2079.523905         2222.034953         4994.231146                
O              262                                                      
    -6.172593010         7.474482542         4.971786061                
    -9.782017776        0.5961332074         1.918888447                
    -989.9732589        -18316.37801         15055.10355                
O              263                                                      
    -6.246002972         2.274347955         5.419255937                
    -6.668304464        -2.423189591        0.3824196294E-01            
    -3226.429861         8911.659981        -9.781385412                
O              264                                                      
     4.195917452         7.576999147         1.447750894                
    -10.91647761        -1.967745730         2.406520236                
    -9782.555221         11620.72283         19561.85019                
O              265                                                      
     4.007085898       -0.1305679824         1.195158083                
     3.344350381        0.6531758587E-01     6.474305851                
     3178.928944         470.4147504         11998.65432                
O              266                                                      
    -6.091500264         9.966456097         5.265833472                
     3.941882467         6.202161848        -1.205839225                
    -429.1989408         16521.42455         6558.171256                
O              267                                                      
    -6.167696307       -0.1940646818         5.555263793                
   -0.1632685377        -3.153464471        -3.289114173                
    -6481.874377         6658.855580         1256.314696                
O              268                                                      
     4.042299375        -10.02929116         1.401067211                
    -9.283462133        -9.282799744        0.9145419508                
    -657.5468313        -10074.02797         7378.025214                
O              269                                                      
     4.165443472        -2.669829640         1.221452301                
   -0.1491206905E-01    -3.240968785       -0.3750089854                
    -7.650850730         14112.87764        -6647.252052                
O              270                                                      
    -5.849593329        -7.647424828         5.418906893                
     5.416152291         1.694452940        -8.049990001                
    -13925.01043        -6596.259800         4706.740526                
O              271                                                      
    -6.059445852        -2.618529664         5.540490106                
    -4.119023851         9.307815565         2.327727508                
    -8275.093012        -21627.58236        -1450.248991                
O              272                                                      
     3.952198105        -7.536378947         1.234221764                
     9.078271367        0.3237477578        0.8846488216                
     6335.634090        -3234.136270         507.7172890                
O              273                                                      
   -0.7026249468E-01    0.9656464039         4.016216383                
     1.450501729         3.883515539        -2.123640982                
     6414.801484         2694.686189        -1728.687656                
O              274                                                      
     10.04836745         8.970097828         2.578604595                
     6.399056268         2.632149300        -2.124031391                
    -3586.964827        -2557.096147         3402.820997                
O              275                                                      
    -10.14024515        0.9614178381         2.495063762                
    -6.349335453        0.3053595598        -1.024655777                
    -3661.961765         12696.68184        -562.5844579                
O              276                                                      
   -0.3011720641E-01     8.916666941         4.108489435                
     3.496289885        0.8930426063         2.581181633                
     20497.82859         4730.217072        -6351.069133                
O              277                                                      
    0.1021352566E-01    -3.250907785         4.270616384                
    -1.951513816         5.053734178         7.669932453                
     11265.89153         11914.83850         1988.798349                
O              278                                                      
     10.14801989        -7.000499056         2.518846300                
   -0.2659082742       -0.6363214504        -11.10998266                
    -9004.952393         8604.639376         4561.087179                
O              279                                                      
    -10.09944043        -3.085521486         2.586662907                
    -6.304564888         1.872598635        0.5021102671E-01            
    -17118.82846         514.9980222         4571.922992                
O              280                                                      
    0.3550987120E-01    -7.031463584         4.274818381                
     9.535677493         1.502258919        -5.117028764                
    -8648.968379        -15372.51758         1459.231965                
O              281                                                      
     8.630205839        -5.015854100         2.110578142                
    0.8943075648       -0.2879962030E-01     4.371822139                
    -6910.790732        -2108.165438         2736.979612                
O              282                                                      
    -1.620269761        -5.195430581         4.725954558                
     6.687024939         5.400329178         6.414449227                
     1083.687336        -6462.514957         13660.32638                
O              283                                                      
     3.827369065        -5.129362092         2.266350265                
    -8.057461473         4.274506054       -0.8914176369                
    -2041.792655         26920.58805         5063.973704                
O              284                                                      
    -6.308037578        -5.202115799         4.387247282                
    -1.605043478         7.526968583         7.346513437                
     490.3548247         7579.823926         10635.58313                
O              285                                                      
     4.334617320         4.981673812        0.5364858207                
     1.956370171        -4.602958990       -0.6664628655                
     2807.281687         12762.98211        -3246.026413                
O              286                                                      
    -5.945837680         4.900970667         6.093103047                
    -4.314807008        -2.696880535        -5.760035500                
    -246.4872755         15630.44380        -5987.056585                
O              287                                                      
     7.989715666         4.956187757        0.4854758418                
     4.627701722         1.060903647         10.53116698                
    -3982.352213        -3782.890591        -4194.890391                
O              288                                                      
    -2.292736120         5.034898963         6.189290790                
     6.634504471         1.254342816       -0.6079266879                
    -3004.463319        -8854.442968         5631.385589                
C              289                                                      
    -1.562016890         3.989799623         2.223527343                
    -4.168767207         1.668753755         1.368629748                
     68.64915114        -84.31946207         142.0764744                
C              290                                                      
    -2.410872118         5.064437325         1.932817229                
    -3.908117770         2.144698024         2.366923255                
     29.45635729         59.28584293         121.8840532                
C              291                                                      
    -1.903404540         6.368861240         1.901915699                
    -3.212047203         1.859646318         1.765172530                
     269.5730873        -665.3331582        -225.3815320                
C              292                                                      
   -0.5470817346         6.598647455         2.161724283                
    -2.776626072         1.098650343        0.1651283001                
     5.614659062        -114.6562649        -13.06143786                
C              293                                                      
    0.3017734940         5.524009751         2.452434397                
    -3.037275509        0.6227060731       -0.8331652072                
     10.59540562         158.0351196         89.24429527                
C              294                                                      
   -0.2056940836         4.219585836         2.483335926                
    -3.733346077        0.9077577792       -0.2314144833                
    -20.57265266        -121.7531498         112.5230357                
H              295                                                      
    -1.953491879         2.983529744         2.247365666                
    -4.705735931         1.888650785         1.832837449                
     189.3460262         1712.781149        -1324.171868                
H              296                                                      
    -3.457196471         4.887180643         1.732388924                
    -4.244015512         2.731762265         3.601264522                
    -76.32536644        -98.28328178        -154.1367366                
H              297                                                      
    -2.558253906         7.197874438         1.677649071                
    -3.010976221         2.226813529         2.535306098                
     588.5893521        -3316.486546        -1925.726749                
H              298                                                      
   -0.1556067460         7.604917333         2.137885960                
    -2.239657348        0.8787533123       -0.2990794013                
     25.45864803        -973.4726465        -1594.210761                
H              299                                                      
     1.348097848         5.701266435         2.652862702                
    -2.701377766        0.3564183217E-01    -2.067506474                
     99.90046649        -23.22472605        -21.22802371                
H              300                                                      
    0.4491552827         3.390572641         2.707602555                
    -3.934417057        0.5405905679        -1.001548051                
     75.94778709        -32.41407921        -32.75356627                
