Diffusion in Zeolites. ZSM5 (Silicate) Crystal Structure, Si(96)O(192) +
         2         2       300    133340   1.0000000E-03   1.3334000E+02
       20.3183600000        0.0000000000        0.0000000000            
        0.0000000000       20.1714600000        0.0000000000            
        0.0000000000        0.0000000000       13.5858629500            
Si               1                                                      
     1.654484098        -1.134241274        -4.714721811                
    -6.870765880         1.626238609       -0.1896239108                
    -10178.65504         11185.42856        -9989.815892                
Si               2                                                      
    -8.537216679        -8.936348845        -2.223116376                
   -0.4724868064        -3.825370380        -4.345098029                
    -42.88877745        -3742.329141        -9412.039446                
Si               3                                                      
    -8.486723366        -1.249055054        -2.454287047                
   -0.7836528718         2.572040640         3.792413337                
    -15449.49495        -1846.841834         3098.861257                
Si               4                                                      
     1.574688737        -8.913115055        -4.608541227                
   -0.7858589091         3.350539033         1.981088565                
    -7847.458370         3769.792479         7916.482723                
Si               5                                                      
     3.904896979       -0.5884980109        -2.716603163                
    0.8092004029        -6.507827164         2.458006721                
    -2534.650853        -235.3882083        -10429.80277                
Si               6                                                      
    -6.107648949        -9.654561583        -4.105702472                
     1.932629498        -4.038607906        -1.500139381                
    -2888.209621         8630.461255         7330.548598                
Si               7                                                      
    -6.165213743       -0.6283987884        -4.373455088                
     1.418985710       -0.1998470348        -2.961868321                
    -12115.52929         8805.939435        -9435.393348                
Si               8                                                      
     3.934271900        -9.446785567        -2.639892050                
   -0.9698976093        0.4375776792        0.5208767316                
    -5958.873929         17762.10481        -8013.756200                
Si               9                                                      
     5.887012965         1.195976511        -6.468913567                
     1.546765086         1.763631528         1.267386428                
     16713.54088         8025.855968         2753.181747                
Si              10                                                      
    -4.606026813         8.793700137       -0.3025194657                
     2.284474121       -0.7284878762        -5.852237427                
    -6062.597711         4844.197944        -5724.403047                
Si              11                                                      
    -4.409940608         1.068957563       -0.5072716196                
    -5.236292378       -0.8485263839        0.5861285167                
     7325.867660        -5443.840705        -21998.64474                
Si              12                                                      
     5.649295246         8.888378308        -6.405937443                
   -0.3356905656        -1.007046775        -6.145535318                
    -30061.98534         99.79454498        -21426.00945                
Si              13                                                      
     2.676331584         1.248950276        -6.637676561                
    -3.333224733        -1.536608465       -0.5387226910                
     4486.081160         11941.31320         33770.15755                
Si              14                                                      
    -7.784735582         8.873170171       -0.2531871746                
    -2.137042897         1.292413039         4.117593760                
     7027.044086        -8746.007216         6713.015052                
Si              15                                                      
    -7.571102308         1.096867729       -0.4801415365                
     5.847043464        0.8380427267        -3.852034618                
    -14913.56858        -15857.48545        -11979.90577                
Si              16                                                      
     2.452926191         8.868429264        -6.488021858                
     4.979537812        0.2707054599        -2.995941155                
    -6730.219041        -15566.23343        -5135.986112                
Si              17                                                      
     8.806255177       -0.6067411839        -2.647464013                
    0.7932043060         1.746642306         2.931675442                
    -17661.24925        -4530.528807        -9792.470642                
Si              18                                                      
    -1.395571978        -9.604111136        -4.039845729                
    -3.120854477       -0.2640359126E-01    -1.429226640                
     1350.439173         11085.99838        -27520.83692                
Si              19                                                      
    -1.434668257       -0.5735875128        -4.437863442                
     2.876527026         3.532168865         1.870593452                
     18543.50355        -16234.73786         3395.884528                
Si              20                                                      
     8.765148960        -9.498669991        -2.676219755                
    -3.191301216        -1.388343257         2.641517007                
     9362.504664         13033.34793         30955.43212                
Si              21                                                      
     6.429073362        -1.260145520        -4.550954173                
    -5.304512799        -2.224257174        -1.629362566                
    -6252.816628        -8350.389305        -801.7809365                
Si              22                                                      
    -3.703720584        -8.937802350        -2.141406700                
    -1.488129537        0.4302656048        -1.461758665                
    -7788.518789        -6088.764837        -5706.757906                
Si              23                                                      
    -3.725787175        -1.377640202        -2.487804336                
    -5.007941338       -0.6786429678        0.5596981396                
     4257.875961         5208.681007         14234.43632                
Si              24                                                      
     6.375836245        -8.865878627        -4.532092768                
    -2.945505181        0.1936711953         2.719361986                
    -14142.49681         5542.029133         2211.547055                
Si              25                                                      
     1.687443016         3.413450863        -4.523780547                
    -3.736063730        0.2057160840        0.7820110923                
    -9279.673719        -1889.219136        -13425.28330                
Si              26                                                      
    -8.561361332         6.509241947        -2.196426099                
     2.450658207        -2.280144799        -3.363556840                
     26402.26679         1141.565481         11158.10302                
Si              27                                                      
    -8.401645400         3.387088995        -2.405286748                
    -3.437319508         3.016747701         1.933373283                
    -16301.43098        -5616.367205         12503.90428                
Si              28                                                      
     1.572576083         6.588610885        -4.436818581                
   -0.6360330921       -0.4917398123        -2.813056284                
    -13943.92054         11294.61136        -2012.821017                
Si              29                                                      
     4.064543960         2.575893395        -2.633249257                
    -2.342825154        -1.022532223       -0.2789321358                
     8778.535293        -3932.694109        -11582.34546                
Si              30                                                      
    -6.180777248         7.346721324        -4.119955619                
     3.982526334        -1.621875130        0.7704408349                
    -352.4043905         1766.443133        -8579.360052                
Si              31                                                      
    -6.073265897         2.536164256        -4.282819976                
    -1.095218632       -0.1251819994       -0.4242641488                
    -10295.67486         15815.12736        -10827.31633                
Si              32                                                      
     3.992913954         7.568731543        -2.662883720                
     4.995534927        -1.367983653        -5.284645724                
     574.9911863        -4858.512722        -5692.601504                
Si              33                                                      
     5.774854091        -3.523163613        -6.580405718                
     5.047625829         2.205748385        -7.905867704                
     18537.02157        -15185.92015        -4731.021605                
Si              34                                                      
    -4.400159544        -6.613377362       -0.1737555222                
   -0.5108371479        -4.068179832         3.576350321                
     8403.949684        -23647.80005         13267.27575                
Si              35                                                      
    -4.301561646        -3.605909990       -0.4707585191                
     3.775839674        -2.409151275        -1.822601962                
     5918.755348        -2605.804989         9068.521260                
Si              36                                                      
     5.730714767        -6.677618848        -6.591837478                
   -0.9689331285        -2.596592586        0.4663050254                
    -4337.192386         31440.06790        -2459.629717                
Si              37                                                      
     2.623800301        -3.527519866        -6.482679414                
    -4.492844421         1.459164830        0.7175972318                
    -9845.267463        -28437.67696         2743.548140                
Si              38                                                      
    -7.592458376        -6.655925709       -0.3473570797                
     3.578717894        -1.537505467       -0.9232518380                
     10553.63072         24293.40484        -6688.337312                
Si              39                                                      
    -7.499308523        -3.561613494       -0.6038325099                
    -3.501757462        -2.851174305         8.014455378                
    -505.1955244         3038.638942         4225.921518                
Si              40                                                      
     2.520640733        -6.643243163        -6.465000544                
    -2.667705923        -5.742594833       -0.6494345546                
    -3698.389896        -5048.115552        -3316.696642                
Si              41                                                      
     8.855771602         2.582119970        -2.633104796                
     3.427025852       -0.2412972603       -0.3602707690                
     11312.06719        -3714.754340        -21753.12051                
Si              42                                                      
    -1.491595894         7.399848075        -3.978090663                
     3.648058452       -0.7814468990E-01     4.047052499                
     28419.15936         7350.282281        -11811.52762                
Si              43                                                      
    -1.328605333         2.549441779        -4.351825676                
     1.528859370       -0.6641017351         8.285290368                
    -18461.89965         11835.60185        -9696.491909                
Si              44                                                      
     8.854851972         7.505321585        -2.636894039                
    0.4266523496        -1.123439407         3.744372376                
    -9915.866442        -2555.618037         4832.912058                
Si              45                                                      
     6.498847362         3.548686887        -4.546813655                
    0.9991341580         1.148241008        0.9245511959                
    -2894.957648        -11781.33017         14870.51851                
Si              46                                                      
    -3.812506723         6.452054445        -2.197469637                
    -3.330153989         7.376431816        -4.750451999                
    -17985.21231         4149.902687        -2307.820816                
Si              47                                                      
    -3.672767763         3.412815252        -2.380733300                
    -3.294991459         7.110751673         3.165652238                
     11991.81317         3731.824467        -18681.03101                
Si              48                                                      
     6.504569950         6.660174391        -4.526381711                
    -1.940825089        -5.819158589        -2.003195799                
    -21549.04995        -15617.17761         22621.87531                
Si              49                                                      
     8.674137652         1.176638380         2.056911873                
    0.6222787314        -3.681363613         2.397285520                
    -16395.85541        -22035.09716        -2917.841297                
Si              50                                                      
    -1.706557901         8.816535651         4.635880388                
    -4.510821299        0.6851768642       -0.1712115635                
     17771.13637        -1668.781205         15783.61991                
Si              51                                                      
    -1.515057173         1.273872248         4.416670525                
    -1.811067606       -0.6313997359       -0.9332848013                
    -797.9271371        -1339.042460        -7326.108289                
Si              52                                                      
     8.567846282         8.865959670         2.306622735                
    -1.696832741         3.648234970       -0.4835120959                
     826.8856529         5725.615376        -7158.348784                
Si              53                                                      
     6.388802993        0.6753887890         4.068187283                
    -1.189278382        0.1431372728         2.101266766                
    -9122.908385        -19267.88734        -34.24398254                
Si              54                                                      
    -3.958993670         9.454460811         2.649930259                
    -1.715021209         1.214838076        -1.790017941                
     1742.624841         1207.596672        -2457.331007                
Si              55                                                      
    -3.872426432        0.4914572298         2.491365757                
     2.408572345        -2.676566390        -3.876441810                
     9764.683908         10988.62067         27196.58042                
Si              56                                                      
     6.109596188         9.511908611         4.116297713                
    -7.679081385       -0.9685868933        0.2208624354                
    -19574.49514        -15783.66571        -7843.353433                
Si              57                                                      
     4.434182973        -1.419116622        0.2110670171                
    0.7069313347        -4.056441881         4.650205346                
     24982.18622         15852.81426         11853.05350                
Si              58                                                      
    -5.596833390        -8.857632923         6.509827240                
   -0.8737378268        -1.334574757         3.538359888                
    -4352.043430        -1752.559117        -1254.085533                
Si              59                                                      
    -5.618444136        -1.338328040         6.196533846                
    0.9499034917        -1.224828414        0.9693099383                
    -10888.08878         20805.58021         274.1276991                
Si              60                                                      
     4.567912275        -8.911877571        0.3564620926                
    -3.495027140         2.949815607       -0.6129958699                
     9711.115991        -3977.766944         21023.26921                
Si              61                                                      
     7.633360558        -1.227768493        0.2225295753                
    -2.293950459         4.810845831         1.508773073                
    -1649.292255        -6454.460829        -11221.99279                
Si              62                                                      
    -2.468611856        -8.974210907         6.601539639                
     6.611121810        -2.791341289        -2.056310378                
     19078.57380         10408.23516        -5409.335378                
Si              63                                                      
    -2.420566192        -1.167939538         6.223002200                
     11.90161948         1.818720879         1.131632976                
     4740.839859        -2742.264928        -11789.86221                
Si              64                                                      
     7.815700862        -8.907123348        0.3416292575                
    -1.184607760       -0.1980137449         2.183197906                
    -9197.006070         6225.285182         12739.51225                
Si              65                                                      
     1.491011348        0.6070704541         4.089499194                
     2.251132078       -0.2081424857        -3.862706754                
     22060.25069        -22909.10193         8819.892400                
Si              66                                                      
    -8.794539962         9.647640153         2.672225309                
    -3.440199502         1.355949747        -3.303362619                
     884.2576789        -7165.624253        -6154.829129                
Si              67                                                      
    -8.649257378        0.3877139948         2.421913539                
     1.334202492        -1.428035950         5.566854336                
    -12472.59536         5675.880504        -12575.27995                
Si              68                                                      
     1.337918016         9.369403888         4.166015544                
   -0.9615582441       -0.5410068339       -0.1771222458                
     22456.38563        -25880.12400         3425.658586                
Si              69                                                      
     3.905952557         1.062034754         2.103832504                
     7.024610643        -1.164712251        0.6606700197                
    -10147.32334        -6119.170886         11097.80726                
Si              70                                                      
    -6.414979909         8.913619041         4.582698304                
    -2.320536537         3.506484107       -0.9179281864                
    -14925.84631         9877.012430        -3515.198907                
Si              71                                                      
    -6.398143792         1.163567367         4.367430125                
     5.351292758         2.149696340        -2.725067700                
     16911.23309        -7278.207936         17477.07763                
Si              72                                                      
     3.683540072         8.814410919         2.231837239                
     2.098673026        -1.876975346        0.5085600315                
     8952.428005        -16006.60392         673.9940290                
Si              73                                                      
     8.689692301        -3.393721451         2.186347959                
     2.338149750       -0.1499445380         2.840250142                
    -12462.91751        -21033.63932        -21860.93966                
Si              74                                                      
    -1.479810396        -6.684643885         4.614626200                
     1.350457834         1.464493503        -2.509392131                
     6336.306316         3464.701062        -15605.32283                
Si              75                                                      
    -1.418026236        -3.526595876         4.375026490                
    -2.140482883         1.259428440         2.923168010                
     15571.23437        -13602.31631         3831.615229                
Si              76                                                      
     8.618739046        -6.520701771         2.190908917                
     2.225897280       -0.4598184968        -2.236506798                
     12002.19569         16172.69028        -9418.890611                
Si              77                                                      
     6.364333404        -2.492513975         4.053759248                
    -3.004235568        -1.120134007         1.427235976                
     943.6463491        -9234.208479        -2599.508370                
Si              78                                                      
    -3.814250833        -7.597729038         2.771516667                
    -2.304618952        -4.187984015         1.762759847                
    -15275.89094         14067.56854        -4454.197046                
Si              79                                                      
    -3.775491744        -2.699101656         2.482021267                
   -0.2229549691        -2.699684521        -3.663307076                
    -6292.745252        -11320.00278         2670.195898                
Si              80                                                      
     6.257044902        -7.490922777         3.974398707                
     1.867875744       -0.4613823217         1.546991703                
     4079.374841        -423.8017534         8637.738353                
Si              81                                                      
     4.652167239         3.504449897        0.3409898762                
     4.961010595         5.358807269        -3.056430633                
    -1918.098637         3121.265153        -9187.187441                
Si              82                                                      
    -5.683301158         6.534809282         6.495486038                
     2.095306697        -3.275543099         3.759795917                
    -1902.860374         11039.66296         4513.309397                
Si              83                                                      
    -5.646246886         3.487326017         6.355989280                
     3.067713316         1.934549826       -0.7684801101                
     18747.14946        -5248.810248        -10923.91358                
Si              84                                                      
     4.622570140         6.584130643        0.2458782008                
    -1.740406292         2.435548265        -2.708216339                
    -5616.703963        -600.7197652         32663.56013                
Si              85                                                      
     7.848410875         3.516309613        0.1715994229                
    -1.763974629         1.964378125        -1.157482026                
    -20472.81142         9989.308310         2478.577791                
Si              86                                                      
    -2.515867167         6.585838422         6.671033898                
    0.5261225462        -2.853022833         3.792759591                
     18621.52911        -4150.109671         10370.29649                
Si              87                                                      
    -2.442117069         3.491016592         6.359370798                
    -4.771525879        0.7518879502       -0.7823912231                
     6061.410745         6346.069675         14161.15785                
Si              88                                                      
     7.791537057         6.686048416        0.1826713114                
    -3.272178729        -2.147754060         4.753600655                
    -24545.16877         2467.680004         26955.13292                
Si              89                                                      
     1.583762752        -2.611848045         4.276327325                
    0.6146291219        -1.035541624        -2.104998747                
     94.00960161         6339.854150         4839.831898                
Si              90                                                      
    -8.643683533        -7.372090531         2.475563466                
    0.2086698218        -4.569269715       -0.7976161572                
    -39782.05172        -1872.809463         6506.025774                
Si              91                                                      
    -8.592957295        -2.745967836         2.312604690                
    0.1623733742        -5.867822206        -2.180592195                
    -1739.002130        -1789.378235        -1836.028595                
Si              92                                                      
     1.484924907        -7.700834469         4.215219896                
     7.991254485         4.080560205         2.782362361                
    -1275.500229         30770.17419         577.4915077                
Si              93                                                      
     3.876685345        -3.562456266         2.342794204                
    -3.124258606        -6.649220712        0.7445686631                
     8384.523254         13476.43307         3217.604893                
Si              94                                                      
    -6.382612873        -6.707720040         4.454437157                
    -1.823504572         2.832437099        -2.226307494                
     19363.43296        -4742.472970         17855.66958                
Si              95                                                      
    -6.280352956        -3.615661017         4.253309180                
    0.8141837945E-01    -1.470185460         1.654382602                
     5461.980858         913.9293152        -20187.95895                
Si              96                                                      
     3.756114221        -6.665260337         2.304687591                
     1.329011407        -4.803084112         2.752217303                
    -13350.27580        -7623.663414         1344.141864                
O               97                                                      
     2.551772404       -0.9674067461        -3.465140327                
     1.080462740         4.030363410        0.5850316243E-01            
     15157.59817        -873.6904546         7069.706177                
O               98                                                      
    -7.427100405        -9.186101967        -3.298368562                
    -5.025053261         2.908371492        0.1198721429                
     10477.65867        -2304.214923        -14551.53736                
O               99                                                      
    -7.545738083       -0.9855858553        -3.659999204                
     4.855025657         7.475310295        -3.568062654                
     20545.71323        -5150.232047        -5207.103576                
O              100                                                      
     2.603193440        -9.080513201        -3.448666042                
     2.015288297         2.362197167        0.2146102282                
     14512.89438        -2154.086569         12558.93506                
O              101                                                      
     3.978231861        -1.091161944        -1.243159285                
    -1.763374529         8.150680291        -6.373004488                
     2924.555064        -14899.92720         1286.026301                
O              102                                                      
    -5.930308428        -9.180151422        -5.578552889                
    0.9853447573         1.641026928         4.010290990                
    -9726.925962         11750.35380        -2712.330328                
O              103                                                      
    -6.016513899        -1.168529555        -5.876472007                
     1.325277914         8.259590455       -0.1889285313                
     1851.427061         3790.080270         16847.25618                
O              104                                                      
     4.161673927        -9.019618879        -1.130538644                
   -0.1283466648         2.412964450       -0.7840171312                
    -6075.924268        -4761.661985        -12508.59275                
O              105                                                      
     4.306741022         1.228241184        -6.491529567                
     4.977593811         1.280525101        -2.284819655                
    -13698.38480        -4097.947210        -17439.19308                
O              106                                                      
    -6.180311779         8.856879682       -0.3307824445                
     1.732718673        -3.565352767         3.064212744                
    -11852.48798         1241.686450         6173.817063                
O              107                                                      
    -6.000857905         1.103966311       -0.5598440367                
    -1.118220644        0.6891034204         2.982263948                
     12053.49572        -1477.162932         8206.735749                
O              108                                                      
     4.029394401         8.867691482        -6.466632701                
     1.062283608       -0.4101669570         2.011694414                
     11839.01841        -2043.322175         8617.466166                
O              109                                                      
     8.098698428        -1.007702944        -1.276865296                
    0.2527431107        -3.968757126        -6.477753226                
     13775.66059         4621.543501        -381.5188303                
O              110                                                      
    -1.943793843        -9.193196079        -5.540641531                
    -3.490875382        -1.137170970        -6.516472845                
     3717.832674        -1654.741618         21584.73727                
O              111                                                      
    -1.879661313       -0.9912867260        -5.899829150                
     3.506036167         8.038080310        0.8217264918                
    -14797.47499        -689.4069331         4860.770295                
O              112                                                      
     8.254609373        -9.081823525        -1.150262908                
    -2.541374149         1.333280302       -0.6976658148                
     7613.022697        -14183.18107        -21362.49370                
O              113                                                      
     7.741744544        -1.121381365        -3.732329796                
     2.661586285       -0.1983317404        -3.115249081                
     9636.105494         5562.635432         9267.078517                
O              114                                                      
    -2.352438887        -9.054660980        -2.949562557                
    -4.769856072       -0.5233869966       -0.8274433016                
    -9142.923015        -4038.066952         8924.219877                
O              115                                                      
    -2.454921206        -1.137665807        -3.352412571                
     8.563845729         1.816278055         3.689511728                
     7959.291933        -1514.476796        -11130.37493                
O              116                                                      
     7.672200870        -9.077936641        -3.698663151                
    -1.356189038        -3.377769910         1.604268614                
     9927.711663         312.1328695        -1530.592554                
O              117                                                      
     5.117283318        -1.099617670        -3.637136999                
     7.532332159        0.5181923628         1.525235776                
     1390.730320         1383.326729         6951.624297                
O              118                                                      
    -4.844691950        -9.170066739        -3.268359377                
    -1.047130162        0.2326693358        -1.944251646                
     2143.755029        -298.3671006         10713.73651                
O              119                                                      
    -4.944835424        -1.039408488        -3.422163706                
    -2.241158327       -0.4498785331        -5.782377361                
    -12945.70660        -12424.54776        -17271.93145                
O              120                                                      
     5.171132539        -8.915969152        -3.512120473                
    0.1733123520         4.624024610        0.8144284310                
    -4625.860172        -3700.518015         5557.042831                
O              121                                                      
     2.722843786         3.000718607        -3.431921644                
   -0.5974015885        -2.617556973        -2.569607652                
     16485.87802         3874.639737         16077.74650                
O              122                                                      
    -7.434449881         6.893509839        -3.292316435                
     3.904143131        -7.396947718        0.8259126237                
    -13787.13080        -1182.048603         11885.89833                
O              123                                                      
    -7.380890711         3.040618193        -3.534931730                
    -5.484574179        -2.609551088         4.761762218                
     8621.429601         1921.947986         4278.499385                
O              124                                                      
     2.714688830         6.993894549        -3.440502807                
    -4.408599963        0.7635204697E-01    -3.745070287                
     11676.04134         3261.474227         14521.56898                
O              125                                                      
     4.239435088         3.089493379        -1.135607612                
    -14.52689807         2.558548844        -3.255183905                
    -2928.861193        -922.2762962        -14122.99004                
O              126                                                      
    -6.131681163         6.802034089        -5.596960180                
    -2.437359665         3.300021356         6.870048853                
    -2214.416870         10102.77333        -5788.199869                
O              127                                                      
    -5.980281203         3.091520084        -5.776075900                
    0.4901930464       -0.5379137990         6.313247236                
     1200.634507        -7325.248169         16885.84736                
O              128                                                      
     4.232114198         6.991236352        -1.195765502                
    0.9919551416       -0.4112592654        -6.769662258                
    -12141.20430         8094.481817        -14920.85872                
O              129                                                      
     4.200664218        -3.567981672        -6.522914711                
    -3.676163341         1.209461614        -4.004363235                
    -3076.479087         10887.58140         3056.105272                
O              130                                                      
    -5.995100263        -6.744043295       -0.1427261001                
   -0.7801711524E-01    -3.438282253         4.343895003                
    -2007.769528        -1119.941059        -18536.77465                
O              131                                                      
    -5.873564080        -3.464162855       -0.5411912206                
    -6.492597315         7.930309037        0.1922218319                
    -17361.82234         2712.615295        -8456.912870                
O              132                                                      
     4.123063442        -6.749012944        -6.420425575                
    -3.073691927        -6.591700677        -2.289812865                
     4962.948667        -3587.939051        -7185.269455                
O              133                                                      
     8.402698350         3.103611418        -1.249297587                
    -2.866225855        -4.952075261        0.6934254708                
    -3988.773432         1518.085839         20459.67139                
O              134                                                      
    -2.019257267         6.945443780        -5.437570244                
     7.504144482        -1.744781678        -4.741441313                
    -50.44435588         3870.469194         8949.286606                
O              135                                                      
    -1.848016864         3.077449046        -5.802982576                
   -0.2528535120       -0.3167762555       -0.6564259979                
    -2483.335915        -18080.16546         8042.094385                
O              136                                                      
     8.178287051         7.128215248        -1.231593927                
     4.213507531        -3.805989511         1.476494471                
     20794.01112         11001.32355        -16403.95572                
O              137                                                      
     7.787112892         3.203067108        -3.639068220                
    -7.966906626         6.480371551        -2.650969288                
     6730.532494         2663.287467        -12665.89399                
O              138                                                      
    -2.434815534         6.834015460        -2.840343762                
    -3.013114222         3.207366669         4.468759801                
     2300.804400         3024.334743        -10155.63860                
O              139                                                      
    -2.342179081         3.146800056        -3.266213304                
    -5.859419729        -7.262366623        0.9306410933                
    -6325.712730        -779.7257555         5405.738604                
O              140                                                      
     7.863712476         6.883857003        -3.691012621                
    -3.925259120         1.954844360         2.572099480                
    -10407.32578         9417.863394        -17143.59682                
O              141                                                      
     5.339458681         3.065965806        -3.561521183                
     1.517218452        -2.988670105        -4.735341918                
    -22671.15655        -1211.259458         10335.51791                
O              142                                                      
    -4.913740677         6.827128861        -3.344193101                
    -7.859250710        -2.448505573         1.951225767                
     10162.68310        -758.3369140         15700.96456                
O              143                                                      
    -4.872952145         3.083350288        -3.380814734                
    -6.214511531        -3.871637987       -0.9756401675                
    -2510.169908        -11594.68709        -2135.856472                
O              144                                                      
     5.270047237         7.165773126        -3.510042158                
   -0.6390459722        -3.684259539         6.006053670                
     19448.12243        -7246.150696        -18952.74286                
O              145                                                      
     4.035532665        0.9723604891        -2.635036480                
     4.903204797         6.481352091        -1.002056965                
     1163.983289         14620.96518        -109.9508183                
O              146                                                      
    -6.169739948         8.957105089        -4.199284587                
    -5.177839759         2.088651210         2.021134692                
     1870.904493        -17796.25140         8056.155315                
O              147                                                      
    -6.159438448        0.9768756295        -4.407187351                
    -1.922757001        0.3987352738         6.030302589                
     12927.18670        -10977.93907         3649.582589                
O              148                                                      
     3.917457809         9.165056672        -2.629182064                
    0.9695185892         7.731782591         5.668412933                
     4001.634559        -16210.46817         3518.102489                
O              149                                                      
     8.823266081        0.9968700714        -2.725291214                
     3.112647940        0.8472894512       -0.7198153404                
     380.7906063        -7585.407318         3105.612478                
O              150                                                      
    -1.474543046         9.013106398        -3.937756504                
    0.4591155983        0.3109128183         6.786545283                
    -7544.255301        -18169.81581         4539.263356                
O              151                                                      
    -1.460548082        0.9620949022        -4.279781655                
     12.93772927         2.205814468        0.8894199997                
    -4484.345683         18844.87535        -2727.659497                
O              152                                                      
     8.914029427         9.101342669        -2.759612718                
     5.805704551        -5.130671782         2.257159862                
    -6180.385906        -10193.58168        -1513.537020                
O              153                                                      
     2.045511773        -2.461131442        -5.482775227                
     1.534101589         3.817503725        -8.567903673                
     1734.592631        -2254.258638         553.6747814                
O              154                                                      
    -8.151957872        -7.655571111        -1.437183235                
   -0.9553338886        -2.259518609         2.757759806                
     5514.597954         12118.64219         17246.48862                
O              155                                                      
    -8.057179805        -2.586671762        -1.729440270                
    -1.962756913        -2.168245323       -0.4062585306E-01            
     6754.924182        -1830.605797         7409.834117                
O              156                                                      
     1.918947234        -7.565431849        -5.320872440                
     4.892878330         1.979440092        -2.457958501                
    -286.6384143         2482.377186        -15040.71409                
O              157                                                      
     2.129518543        0.5934378330E-01    -5.697297965                
   -0.8284918776       -0.8978373157        -1.757274894                
     1189.136692        -3031.560407        -7401.265067                
O              158                                                      
    -8.282005379         10.04520432        -1.204517088                
    0.9911735245        -4.599505201        -2.201594304                
    -3193.712421        -6341.358602         6777.816930                
O              159                                                      
    -8.135608133       -0.9499872499E-01    -1.406116893                
     6.941351566       -0.5314625308         2.559457059                
     5840.135435        -599.0802301        -3059.831235                
O              160                                                      
     1.922677340        -10.03209222        -5.682575517                
    0.1056922274         2.396499328        -2.190899666                
     1277.771441        -4202.459257        -1301.242449                
O              161                                                      
     2.216094916         2.554434107        -5.771718826                
   -0.2321075133E-01     3.176115407        -5.885851580                
    -3860.557087        -4176.364272        -8415.983751                
O              162                                                      
    -8.211343467         7.488724443       -0.9456903864                
     3.265610855       -0.2582277765        0.5393238103E-01            
    -6551.416474         1897.279920        -10100.61313                
O              163                                                      
    -7.995382665         2.403257912        -1.192083065                
    -6.170892486         12.44426155        0.8808841137                
    -2611.295777         17767.19037        -11478.63711                
O              164                                                      
     1.937945683         7.597171684        -5.629661694                
    -1.921596192        -1.243464731        -1.546704516                
     1074.069713         357.5762164        -4257.055928                
O              165                                                      
     6.267976799        -2.562265876        -5.433715580                
    -2.431487768         2.536080126         2.129995064                
    -2063.209650        -888.5465620        -3085.932210                
O              166                                                      
    -3.847500827        -7.663803934        -1.286363601                
     7.006606168         1.188790285        -2.250910656                
    -12397.80410         20073.65659         16607.32813                
O              167                                                      
    -3.741405794        -2.736828223        -1.649854837                
    -2.837696574         3.182912189         5.365753794                
    -6937.454710         12845.68549        -3634.197346                
O              168                                                      
     6.337092269        -7.636180543        -5.512044446                
    -5.826594695        0.9556720674        -5.091262064                
    -991.6247706        -4032.019739         33.53724659                
O              169                                                      
     6.328281854       -0.5803857679E-01    -5.562442888                
    -2.416773130         5.401676271         2.618697472                
    -6365.400528         16649.73876        -12055.20951                
O              170                                                      
    -4.085071237         10.06256548        -1.106270481                
   -0.3984585187E-01    -5.022595568        -1.365858403                
     9788.036583        -4681.138936        -9910.175454                
O              171                                                      
    -3.969772820       -0.2328337695        -1.407868506                
   -0.2192501643       -0.5536231191        -5.179132605                
     555.3947815         15392.10898         19061.49576                
O              172                                                      
     6.042204917         10.05036742        -5.437488886                
     1.821532335        -2.188545081        0.9741885383                
     12943.27042         2369.553424        -3812.499023                
O              173                                                      
     6.387397436         2.565145515        -5.764831027                
    -3.301040032        -1.200301736         2.331391188                
    -3239.004656        -13959.09912        -3301.329962                
O              174                                                      
    -4.208154854         7.469752527        -1.070498699                
    -1.668004695        -1.860731433         2.015567334                
     8223.514553         2561.887129         2684.097422                
O              175                                                      
    -3.807285257         2.365259945        -1.262965746                
    0.6245350357         2.021400691         5.996993367                
    -12209.59682        -23696.78871         14789.29013                
O              176                                                      
     6.257565698         7.598060562        -5.750061529                
    -3.286203047        -6.323290660         1.158587071                
     6352.061972         2007.285929         4670.980224                
O              177                                                      
    -10.03821220        -1.159183314        -2.752301947                
   -0.1045545995       -0.5987766223        -3.937303705                
    -203.7401970         7329.603218         6731.181559                
O              178                                                      
    0.8255720108E-01    -9.121474632        -4.122143741                
   -0.1421784100        -4.023480504        0.2994085355                
     8205.474128         513.9523061        -954.4413413                
O              179                                                      
    0.1196379538       -0.9454787109        -4.429192877                
     4.816256447        -4.801161770        -3.175861917                
    -8172.098665        -6209.551992         3111.362064                
O              180                                                      
    -10.04170103        -8.984655659        -2.662432777                
    -4.108179837         3.697459578         2.373908866                
    -10071.32608        -4314.946361        -6468.844211                
O              181                                                      
    -9.892402474         2.952463799        -2.732376409                
     2.555501589        -1.635491503        -1.380626158                
    -10419.32140         7690.013616        -1196.179069                
O              182                                                      
    0.8333388919E-01     7.017788512        -3.964312721                
    0.1367964642         1.290773202        -2.531979224                
    -7032.948841        -10000.00529        -5317.168910                
O              183                                                      
    0.1545585121         2.960137677        -4.296689373                
    -1.728607527         4.380985848         4.450949977                
     20636.13158         4737.009474         4487.099593                
O              184                                                      
    -10.01576622         6.905599647        -2.569709302                
     1.143758208         8.146922397        -3.647301436                
    -5357.113998         5031.436498        -3862.001098                
O              185                                                      
     1.620356334         5.011505507        -4.607181680                
    -2.063439210        -3.867139377        0.2039157441                
     2501.880990        -2605.120222        -2775.415974                
O              186                                                      
    -8.455439185         4.939177459        -2.037219888                
    0.6181434909         4.050177233        -3.660926128                
     1881.579198        -1158.898640        -7590.803866                
O              187                                                      
     6.321997554         5.086929780        -4.805726542                
    -2.593544295       -0.7736670889        0.9290316454                
     15679.93236         16550.04239         5468.882163                
O              188                                                      
    -3.852808060         4.908422779        -1.943838072                
    -4.088053019        -1.307139436        -2.535461265                
     8136.590220         2621.525283        -3795.356874                
O              189                                                      
     6.095299220        -5.096749739        -6.479094755                
     4.540139083         6.216880706       -0.9210239942                
    -5791.673824        -4863.162532        -9.623491100                
O              190                                                      
    -4.032144244        -5.140562970       -0.4626316274                
    0.2921690602        -4.912713065        -1.179852508                
    -4310.308903        -1263.569373        -10289.40528                
O              191                                                      
     2.231286038        -5.115648263        -6.287990724                
     1.312251383        -2.936735688        -1.151804514                
     7606.152492         21282.30398        -4752.822717                
O              192                                                      
    -7.788849230        -5.093396628       -0.7070512361                
     6.169507638        -5.985141849        0.1446837059                
     5487.591739        -16368.50727        -2422.927549                
O              193                                                      
     7.656569880         1.117791429         3.295985758                
    -3.620910884        0.3396208640       -0.4055595735                
     11473.30121         7090.972062        -15274.85791                
O              194                                                      
    -2.689460287         8.947941923         3.422667929                
    0.9223775387         3.393841901        -1.335423582                
    -3155.524437        -6514.096125         9188.187193                
O              195                                                      
    -2.544187732        0.9796983150         3.245180879                
    -1.329486122         2.221634928        -1.393520003                
    -4149.332707         3746.414513        -5376.101340                
O              196                                                      
     7.365176335         8.960014501         3.329844512                
     2.266592563        -4.742220091        -5.179442893                
     10816.48115        -3771.862799         6189.739438                
O              197                                                      
     6.383443026         1.081104349         5.585928571                
    -10.74984509        -3.395992215         3.443697101                
    -17592.88423         51.25497035         10358.51377                
O              198                                                      
    -4.161779788         8.960187210         1.186657187                
     9.066312328        -2.300933538         4.734097692                
     961.7631652        -3409.979590        -146.7474249                
O              199                                                      
    -4.062150671        0.9560374916         1.017008887                
    -2.753431908       -0.9200312376        -1.840644854                
     704.2407190        -5301.347979        -9696.510094                
O              200                                                      
     5.971324943         9.162714321         5.655503827                
    0.1403012334         3.960324681        -1.541987057                
     15334.91790         1800.541075         1884.490383                
O              201                                                      
     6.077022580        -1.366850795        0.2390969311                
   -0.5321080076        -6.201195670       -0.5281441318                
    -22297.99397        -2198.806424        -4930.657412                
O              202                                                      
    -4.013006821        -8.921591359         6.525249761                
     2.185331374         2.836033585        -4.677852993                
    -14237.49164         8345.773005        -2678.990478                
O              203                                                      
    -4.055910607        -1.308281252         6.204588705                
    -5.691507760       -0.2810345081         7.606710497                
     33330.83121         6492.231453         1672.153401                
O              204                                                      
     6.195575686        -8.874707275        0.3917006844                
     3.614591389        0.8397947870         1.616776440                
    -4035.835798        -3937.971458        -1597.729939                
O              205                                                      
     2.084589322         1.108362643         5.502645364                
    -5.308457294         6.099605054        -1.682627380                
     7545.559858        -636.3544510        -2759.836444                
O              206                                                      
    -8.270886778         9.160803491         1.246825884                
    -1.673872265        -2.106320973        -4.002458334                
     3245.725525        -2965.906489        -14918.36147                
O              207                                                      
    -8.170191947        0.7775867308        0.9182521537                
    -3.135351470        -3.972028692         6.732786031                
     10115.10304         1939.110303         26480.72432                
O              208                                                      
     1.939612642         8.891390111         5.589305501                
    -8.523418701         5.825244781         2.741921246                
    -5756.525603         10303.30813        -477.9788763                
O              209                                                      
     2.533974108        0.9010965752         2.945803378                
     5.656434266        -7.426524852        -2.840094102                
     4951.426957         9862.127712        -4923.969380                
O              210                                                      
    -7.777075447         9.183055366         3.756745977                
     1.493931664        -4.800138904         2.325952718                
     16182.23981        -8995.070120         15367.63886                
O              211                                                      
    -7.710270134        0.9892507147         3.523660742                
    -3.254207293         6.569220872         4.974711382                
     5724.868544         7885.510497        -5729.674318                
O              212                                                      
     2.310197938         8.867250006         2.976790374                
     6.554773796         1.524479503        -1.506147873                
    -14793.46946         10320.25824         8916.390386                
O              213                                                      
     5.059758840        0.9430871858         3.201963067                
    -4.018519695         5.086602382         1.547481040                
     6843.750834         13898.97292         2550.723229                
O              214                                                      
    -5.257320851         9.093783465         3.502074775                
     6.831151552        0.6525256530        -3.727661759                
     5247.715740        -3324.814248         5865.882316                
O              215                                                      
    -5.136978182        0.9921714537         3.364288048                
    -5.303206914       -0.8363346689       -0.3091968194                
    -5013.763958        -3655.282820        -4679.409065                
O              216                                                      
     4.788316851         8.977506347         3.353099243                
     1.527559723        -5.564746245        -6.407392222                
     13900.59753         11486.98126         6485.519656                
O              217                                                      
     7.670984490        -2.994885329         3.278706801                
    -5.207681877        0.9276618572        -3.554147504                
    -10613.37695         9522.948217         12794.15696                
O              218                                                      
    -2.627173785        -6.991698955         3.522875108                
    -9.033554645        -4.002342148        0.8730481562                
     20849.33635         537.3155125         21968.56522                
O              219                                                      
    -2.518213607        -3.243147079         3.268423704                
     3.971101665        0.2772341368        -3.979375560                
     4404.084482         6725.793486         1873.411352                
O              220                                                      
     7.499937366        -6.849242384         3.226209353                
     3.480026857        -2.555458274        -2.308605822                
    -4824.326486        -17140.74036         13632.85432                
O              221                                                      
     6.244495873        -2.935143196         5.578543938                
     2.512129878         5.941537133        -1.698115574                
    -8744.182738        -7756.581911         3080.669641                
O              222                                                      
    -3.984416645        -7.009306834         1.327369920                
    -1.077095906        -5.343765368         3.234535891                
    -3130.535174        -2611.388085        -17306.63822                
O              223                                                      
    -3.910589974        -3.168061238        0.9940841565                
    0.8834722646         7.533035185         9.079562481                
     5722.431565         13359.71046        -6875.500504                
O              224                                                      
     6.088753020        -7.074855515         5.506516587                
     5.384861386       -0.4973904947         1.330848846                
     2916.289297        -7705.877664        -1604.526431                
O              225                                                      
     6.241131579         3.428880306        0.3342221353                
     4.959093582        -4.314684486         3.525383024                
     8520.012247        -3176.690388        -533.7836141                
O              226                                                      
    -4.080685323         6.691563477         6.591914387                
    -5.386884091        -2.910782354        -8.388989200                
    -14942.02173         409.3367826        -8969.955171                
O              227                                                      
    -4.002106504         3.345975598         6.254347520                
    0.8781457401         5.703269572        0.1400225595                
    -26213.77963         7107.763162         5421.088735                
O              228                                                      
     6.184756287         6.837206632        0.3290701523                
    -1.804604490        -1.797387804        -8.692148369                
     10201.86306        -6521.313113        -1652.322842                
O              229                                                      
     2.144969672        -3.126250028         5.671470161                
    -7.155008869         1.335516170       -0.3135710836                
    -3751.354974         7578.047816        -3182.005678                
O              230                                                      
    -8.138893222        -6.900439879         1.090941259                
     1.188829259        -2.431753349         1.895585045                
    -2013.236500        -9687.279251        -9486.858117                
O              231                                                      
    -8.123490931        -3.141577457        0.8044195914                
    -3.406933056         4.350106149        -2.523755261                
     1926.661754         10309.95397         13635.89304                
O              232                                                      
     1.971851369        -7.197780696         5.677791787                
    -3.122747141         1.243069528         3.339998011                
     2877.733447         3398.261630         5215.742287                
O              233                                                      
     2.651265123        -3.046370509         3.210239206                
     7.878816238       -0.4907254284         2.115029771                
    -2420.730332        -10042.54455        -9494.184535                
O              234                                                      
    -7.627054476        -6.990724612         3.564662872                
    0.7970139278       -0.9060555977        -1.713525756                
     1619.046422         5516.790780         10542.13320                
O              235                                                      
    -7.555983491        -3.255300310         3.375228906                
    -2.420800592       -0.8293521943        -11.34253011                
     471.4244712        -9988.143922         2017.009233                
O              236                                                      
     2.473258632        -7.102715341         3.120989680                
     1.363199003        -1.431962419        -3.315638565                
    -2926.350614         992.6481586         6676.242198                
O              237                                                      
     5.133972082        -3.069578115         3.194102752                
    -4.324855683        0.9668216506E-01    -4.736389438                
     3891.959073        -3537.694440         6013.136860                
O              238                                                      
    -5.120016859        -7.256569675         3.662305718                
    0.9278184568        -9.132366106        -4.676700412                
     2731.578051         514.7323838        -7769.591712                
O              239                                                      
    -5.060446151        -3.304248524         3.232271142                
    -4.129205530        -8.849680549        0.6236796714                
     2004.635092         10048.19294         11313.36830                
O              240                                                      
     4.989683611        -7.026699402         3.201696687                
    -5.865287298       -0.6764882666         2.615379229                
     1567.897061        -2136.294438        -3.224723410                
O              241                                                      
     6.373609707       -0.9363650485         4.019209763                
    -4.146159002         8.964602779        -2.844277149                
     2235.092483         12485.51114         5858.410010                
O              242                                                      
    -3.720995664        -9.152409845         2.662912526                
    -1.480092562        -3.028548971         3.219839615                
    -8971.100445        -8764.106349         497.4081250                
O              243                                                      
    -3.750923774        -1.087969405         2.509753774                
    -5.450442715        -1.125872715        -1.344553433                
    -10060.78862        -9763.661256        -2360.187156                
O              244                                                      
     6.257927340        -9.103053857         3.946677288                
     2.767511967         1.633042757        -5.583036064                
     1424.248644         14661.61693         6541.017869                
O              245                                                      
     1.502162490        -1.020077625         4.222644665                
     2.493936591         2.196861677         1.672734764                
    -3859.777806         8784.036156        -3169.294602                
O              246                                                      
    -8.741028007        -8.958889620         2.613191315                
    -9.483118852         5.552981862        -4.137639082                
    -2171.151057         9609.277445        -3170.827007                
O              247                                                      
    -8.547793954        -1.161144490         2.572890188                
     2.343275275        -4.729116591        -7.715912691                
    -4339.071853        -9521.308198        -15297.19152                
O              248                                                      
     1.539903985        -9.238296389         4.138975703                
    -2.405886570         10.05521932        -2.277619306                
    -10108.40322        -12727.39889        -6.180156424                
O              249                                                      
     8.405295563         2.442702273         1.210558375                
     2.367882569         4.690502284         5.319918709                
     2136.888999         23786.63078        -6545.964855                
O              250                                                      
    -1.941448752         7.570895348         5.574968241                
     4.654677008         2.630658633        0.6591198577                
    -7049.623991        -6443.813762        -4944.611733                
O              251                                                      
    -1.916253972         2.556077632         5.231906740                
     3.742805615        -4.894716611        -2.966193128                
     14018.22619         13.20581663        -5648.391966                
O              252                                                      
     8.438441101         7.654652774         1.313913047                
     1.792606508         5.334187043         1.185939835                
    -8511.844492        -18174.32618        -9647.225630                
O              253                                                      
     8.165043230       -0.3353033704E-01     1.084072371                
     3.027246406         4.610292433        0.5759517299E-01            
     3712.842626         16528.51669         13113.13284                
O              254                                                      
    -2.055507051         9.966099286         5.708056963                
     1.174331843        -5.939117361         3.978502808                
     3510.627323         78.13270462        -18304.16090                
O              255                                                      
    -1.896255999        0.1122754299         5.413784797                
     3.751172842         3.976431788        -2.696610838                
    -9354.749796        -12047.66000         6669.927782                
O              256                                                      
     8.358602971        -10.04946446         1.346409111                
     7.298339615         1.440407559        0.2712580456                
    -10394.32882         4280.070487        -13966.86821                
O              257                                                      
     8.284905314        -2.466481404        0.9365481567                
     4.514005840        0.3746089259        -3.141279274                
     3846.753644        -5518.099813         12526.49681                
O              258                                                      
    -1.885580182        -7.651977894         5.818289012                
     4.901534101         1.680824810         1.297507024                
    -2617.683478        -5148.512488         110.0612052                
O              259                                                      
    -1.790708678        -2.413128805         5.434835007                
     3.646042813       -0.1390125755        -2.041175760                
    -17565.33882         1739.680249         8179.750300                
O              260                                                      
     8.316719468        -7.580996030         1.056729415                
     2.546926772         3.176695857        -1.727126155                
    -2445.262074        -825.7435952        -4071.925115                
O              261                                                      
     4.087864759         2.412840933         1.295144556                
    -1.919313252        -1.261723719        -1.211636247                
    -1229.243356        -4889.224021         11753.66981                
O              262                                                      
    -6.269301764         7.557521072         5.411417279                
    -1.566623352        0.2955865990         4.759039937                
     8129.596553         6621.172916         3728.097940                
O              263                                                      
    -6.207653983         2.431163247         5.330191503                
    -1.892542915         3.046931150         6.332398545                
    -5439.316138        -1028.940178        -12836.99768                
O              264                                                      
     3.972845091         7.516776942         1.375665506                
    -5.032741092        -1.882434212       -0.8453941706                
    -1224.501932        -264.4210036        -13919.77132                
O              265                                                      
     4.078701904       -0.1280542402         1.098391063                
    -4.366180700        -1.264177803       -0.5990470456                
    -4780.980906        -8682.775067        -2122.404213                
O              266                                                      
    -6.150512570        -10.04583337         5.611129495                
     2.583645063        0.9622402058         2.350306676                
     865.4304063        -10812.43859        -7300.965090                
O              267                                                      
    -6.183996768       -0.1186117869         5.314659606                
     5.243368851         3.980829224         3.491250952                
     4122.460141         5367.453182         2461.949808                
O              268                                                      
     4.071727022         9.996545379         1.249416447                
    -8.730793570         2.018714862        -4.954478459                
    -1892.550142         12937.32213        -12194.59203                
O              269                                                      
     4.027937007        -2.699631040         1.011483856                
    0.5823920714        -1.365497148         11.42074450                
    -8420.374435        -2627.340437         134.1155805                
O              270                                                      
    -6.166480768        -7.553994066         5.799745292                
    0.8788339922         2.764546961       -0.9623741980                
    -2997.318319        -2556.623194        -3368.285498                
O              271                                                      
    -6.032394914        -2.581809984         5.401602590                
     3.340590756         2.592684772         2.793783713                
    -7091.827163        -19098.06382        -2106.595138                
O              272                                                      
     3.939796217        -7.657215964         1.106128484                
    0.9522922150         3.222393534       -0.5612909484                
     9770.553131        -1090.809377        -7594.054925                
O              273                                                      
    0.4028736447E-01     1.102865966         4.079801481                
     2.593015901        -9.318759008        0.4636232149                
    -23075.97557         7479.425179        -5995.873433                
O              274                                                      
     10.05542781         9.091935695         2.766525393                
     2.433899013        0.7401010000         5.075271325                
    -2691.634936        -1016.453733         9697.395518                
O              275                                                      
     10.15622692        0.8612502730         2.360217623                
     2.563543762        -1.418662910       -0.7457681422E-01            
     11793.06631         1632.405620         11656.74085                
O              276                                                      
   -0.1736932826         8.963001407         4.235950224                
    -2.581407899        -1.284601405         2.538693439                
    -6951.246526         6905.933515        -5590.460506                
O              277                                                      
    0.1268340615        -3.211765613         4.164995143                
    -6.252172806         8.533437804        0.4215827819                
    -3742.762950         5019.010916        -10959.83090                
O              278                                                      
     10.15150813        -6.791499531         2.534846484                
     8.253148199       -0.6560920299         4.556633343                
     10561.25427        -9594.321704         4391.159499                
O              279                                                      
    -10.12006374        -3.200555807         2.456828324                
     9.969529995        0.1068146381        -2.598368643                
     23541.95311         11489.13678        -541.8874912                
O              280                                                      
   -0.3908881538E-01    -7.198051249         4.086485409                
     6.170987929        -2.431089103         2.551454919                
    -32.47570754        -1321.752597         17468.41082                
O              281                                                      
     8.490196033        -4.961556687         1.959370456                
     7.791321034         1.672795216        -5.785965789                
     6509.042202         803.4451211        -863.8198666                
O              282                                                      
    -1.435685452        -5.092567911         4.714149027                
    -3.465608859         3.641223920         4.724699847                
    -6907.911938        -1375.303092         4237.768040                
O              283                                                      
     3.821406482        -5.118706753         2.163224509                
    0.6089558889         2.584186666         1.156534990                
    -5571.121334         8950.521608        -5805.427661                
O              284                                                      
    -6.300175764        -5.144861867         4.607560798                
    -1.794092896         6.877859419         2.629716584                
    -3306.502133         2985.318415         223.6992679                
O              285                                                      
     4.300958178         5.032928134        0.5054500085                
     1.675325564        -3.948167227        -2.116604362                
     10942.54170         5051.270014        -4334.442842                
O              286                                                      
    -5.940151073         5.037484267         6.223440279                
     2.321533677         9.526284473        -1.772916581                
     2647.766106        -15999.40654        -10984.30431                
O              287                                                      
     7.962567368         5.118076423        0.2819316103                
    -1.297590191       -0.7386330307        -5.630826261                
     17190.62843        -9619.918690         6344.237342                
O              288                                                      
    -2.189588425         5.046039763         6.406845802                
     2.619803694        -4.026996677         2.886314709                
    -7394.596226         10833.24439        -9275.161513                
C              289                                                      
    0.2727966297         4.364313257         2.230024886                
     3.025459717        -1.837983693         4.538341174                
    -123.4615482        -65.99118639        -5.660722894                
C              290                                                      
   -0.4343774795         5.243717875         3.058557357                
     2.194676137        -2.567434189         4.603484665                
    -51.31154550        -90.58835404        -156.9583053                
C              291                                                      
    -1.798300628         5.469397996         2.837690600                
     2.344360117        -2.615180957         3.630350704                
    -67.00560318        -127.3751327        -242.0238776                
C              292                                                      
    -2.455049669         4.815673500         1.788291373                
     3.324827676        -1.933477229         2.592073253                
    -15.49494324         17.11762585         46.24699137                
C              293                                                      
    -1.747875559         3.936268882        0.9597589014                
     4.155611257        -1.204026732         2.526929763                
     171.9279001         145.6013771         141.1456073                
C              294                                                      
   -0.3839524099         3.710588760         1.180625658                
     4.005927277        -1.156279964         3.500063723                
    -64.96262424        -22.25917434         11.79763069                
H              295                                                      
     1.324965917         4.190217162         2.400407812                
     2.909989218        -1.801150471         5.289044516                
     130.7616813         168.1645840        -62.98187627                
H              296                                                      
    0.7225707889E-01     5.748032274         3.868109394                
     1.438300508        -3.093331562         5.404450657                
     101.6985092        -11.86065744         88.10677647                
H              297                                                      
    -2.343835358         6.147808491         3.476859712                
     1.703454986        -3.177911552         3.680613355                
     20.18659890        -805.0751092        -753.9202722                
H              298                                                      
    -3.507218956         4.989769594         1.617908447                
     3.440298175        -1.970310450         1.841369912                
     35.67888895        -22.59262636        -72.93969856                
H              299                                                      
    -2.254510118         3.431954482        0.1502068648                
     4.911986885       -0.6781293594         1.725963770                
     1664.182161         975.4415863         1774.640098                
H              300                                                      
    0.1615823177         3.032178265        0.5414565464                
     4.646832408       -0.5935493694         3.449801071                
     70.47744838         34.51653998        -17.01451365                
