Diffusion in Zeolites. ZSM5 (Silicate) Crystal Structure, Si(96)O(192) +
         2         2       300    133340   1.0000000E-03   1.3334000E+02
       20.3183600000        0.0000000000        0.0000000000            
        0.0000000000       20.1714600000        0.0000000000            
        0.0000000000        0.0000000000       13.5858629500            
Si               1                                                      
     1.781642742        -1.236686118        -4.632036528                
    -1.231670729        0.7760142185        -1.437249528                
     5358.875855         5708.839993         3435.376261                
Si               2                                                      
    -8.460935570        -8.925826641        -2.432996240                
   -0.8691280281         5.051158293        0.5056004644                
    -13622.16297        -2151.725466         5236.832449                
Si               3                                                      
    -8.425738770        -1.137978226        -2.224621255                
   -0.9104295801        -2.514927705       -0.9733131944                
    -11573.73036        -6475.226379         3691.433728                
Si               4                                                      
     1.650500413        -8.898864286        -4.525538521                
     6.141817563         3.273626789         2.346914485                
    -16016.95972         3781.343361        -9291.391970                
Si               5                                                      
     4.199447749       -0.7222025552        -2.731790137                
     1.894783730       -0.3671143230        0.8870258421                
    -4221.146889         13798.78173        -6307.895076                
Si               6                                                      
    -6.047340806        -9.619160915        -4.265930297                
   -0.2703724469        -1.456700245        -1.648084381                
    -25133.11679        -11843.59330         1709.943808                
Si               7                                                      
    -6.108210457       -0.6165317503        -4.224913746                
    -2.202018871        0.3924955744        0.6488459713                
    -1985.370450        -10714.99416        -6185.318611                
Si               8                                                      
     3.971453530        -9.496832601        -2.524845669                
    -1.902008561        0.5071499523E-01   -0.8414801083                
    -8500.795059         15370.79416         7475.861044                
Si               9                                                      
     5.808785219         1.282562519        -6.458955930                
    -1.826086895       -0.7629006191         2.061657650                
    -15696.49011         8914.808592         1773.245389                
Si              10                                                      
    -4.483404358         8.788990518       -0.3658583294                
   -0.2075230224        -3.228626531       -0.4125374406                
    -13932.27324        -11178.65474         2676.035269                
Si              11                                                      
    -4.398597952         1.060614257       -0.3978564489                
    -3.156655137        0.1801167038        -4.064967728                
     6877.155290         5134.998733        -8978.477902                
Si              12                                                      
     5.570865149         8.858699786        -6.499079960                
     4.731180501         2.987032379        -2.620727168                
    -3160.469521        -12332.61908         16165.32289                
Si              13                                                      
     2.643127315         1.238193567        -6.490494323                
    -3.823414884        -2.376228765         1.436731328                
    -9079.557950        -12356.41498        -1718.211459                
Si              14                                                      
    -7.641080419         8.865823003       -0.4350289872                
     2.866936728        -2.172897216        -5.398487240                
    -16601.08349         2172.057183         2490.665635                
Si              15                                                      
    -7.564895852         1.234640045       -0.2027140752                
     4.414746010         1.283909396         1.039416100                
    -28858.67772         5648.590618        -23735.74340                
Si              16                                                      
     2.335921348         8.867984863        -6.453025518                
     5.235307465        -4.702136471        -3.048066829                
     5166.343961        -20208.17142        -2854.779000                
Si              17                                                      
     8.870442373       -0.6250843168        -2.692093936                
   -0.1177305386        0.7088877092         3.300064043                
    -13885.03594        -9449.716071        -18456.20828                
Si              18                                                      
    -1.369744721        -9.418747048        -4.190448241                
    -4.823300271        -5.852679921         6.273669122                
    -2637.465461         5729.725962         3442.782789                
Si              19                                                      
    -1.291016365       -0.6556373122        -4.262131586                
    -2.563210907         2.573528377         4.539992346                
     19851.69166         7465.138640        -12179.42096                
Si              20                                                      
     8.815295927        -9.452188659        -2.564339669                
     2.387469952       -0.7799735904        -5.692710331                
    -14235.84680        -13494.45788        -2964.777778                
Si              21                                                      
     6.521061204        -1.318520919        -4.758675642                
    -1.586523065        -1.860282616        -5.755390750                
     14737.69339         2823.957890         18439.64102                
Si              22                                                      
    -3.725931657        -9.001456444        -2.218303318                
   -0.9606624595E-01    0.6463661499        -1.085514326                
     18731.51176        -7482.010077        -4167.908986                
Si              23                                                      
    -3.653140792        -1.301042084        -2.426813961                
   -0.4963407545        -3.203930116         4.901353154                
    -8854.354055        -4122.915699         18887.99442                
Si              24                                                      
     6.383532065        -8.984302062        -4.461419348                
    -1.026018777         4.871109912         1.851196777                
     1701.665501         8086.744281        -3263.044923                
Si              25                                                      
     1.638332495         3.469890172        -4.553509548                
    -3.724311501         2.947883195        -1.618000806                
     28512.88704        -7265.311351         203.6173509                
Si              26                                                      
    -8.585477688         6.558967096        -2.370806661                
    -2.400512602        0.1031037550E-01    0.7789142001                
     856.0356724        -6434.701496         48034.73999                
Si              27                                                      
    -8.550552500         3.437934823        -2.249155696                
    -6.493451900        0.7556925193        -3.438720486                
     21354.32756         12404.66733         21056.02153                
Si              28                                                      
     1.478096075         6.578687681        -4.412542154                
     9.628088211         6.482475834        -1.134947011                
     19478.75063         20009.50745        -14716.34391                
Si              29                                                      
     4.066661516         2.491974408        -2.709487259                
     3.355292753        0.6382364193         1.872474463                
    -21567.97486        -1532.817813         4688.055858                
Si              30                                                      
    -6.231551535         7.373093844        -4.254934357                
    -1.854510720        -4.153537547         3.839085260                
     4699.701576        -7981.375182         15211.25996                
Si              31                                                      
    -6.201801759         2.564295914        -4.164736704                
    -1.204289885        -1.203630082       -0.5749863058                
     13646.95899         16054.58496         13695.16582                
Si              32                                                      
     3.869227186         7.549338067        -2.646647707                
    -3.485604251         1.013395758       -0.6879875248                
    -1372.368047         4396.170400         5547.835642                
Si              33                                                      
     5.809272258        -3.608826492        -6.686967160                
     2.388944763        -1.298153677         2.120699196                
    -8458.499037         7289.873862         10585.58996                
Si              34                                                      
    -4.575014884        -6.691946956       -0.4395701401                
     1.994064437         1.246470505         1.932246858                
    -12710.50079         180.2631388         35070.56473                
Si              35                                                      
    -4.408242075        -3.589688180       -0.4783957368                
     3.406048194        -4.333851055         1.678598927                
    -9358.250183        -3618.876606         5873.288206                
Si              36                                                      
     5.753303996        -6.671294252        -6.488332572                
    -1.505247880       -0.7618475560E-01    -6.803875496                
    -12043.87289        -15832.23922         12178.09534                
Si              37                                                      
     2.613437571        -3.572739556        -6.462224065                
    0.4240247701        -3.915695472        -2.158990655                
     27062.58259        -23741.12993        -5126.280765                
Si              38                                                      
    -7.751638172        -6.638487749       -0.3976132133                
   -0.5015123136         2.172214773         3.192029454                
     3651.508220         7836.685188        -3735.171375                
Si              39                                                      
    -7.556596033        -3.470790179       -0.2759323147                
     1.539227675        -3.997211624        -3.464513712                
    -1326.885753        -6296.248631        -14122.08397                
Si              40                                                      
     2.617578000        -6.725953301        -6.564178708                
    -1.178073627        -2.203238104        -2.717379779                
     10496.26559        -3665.500936         6684.908205                
Si              41                                                      
     8.796392905         2.550396022        -2.653833003                
     5.008760545        -1.084062022         1.874005134                
     12744.94971        -9684.128780         4177.640474                
Si              42                                                      
    -1.468061513         7.571357767        -4.257078560                
    -6.407765521        0.6348871958        -1.028704891                
     5855.424173         15239.16905         6168.105906                
Si              43                                                      
    -1.300138154         2.474459611        -4.325677861                
     1.968415202        -2.769474729       -0.2121234454                
    -3942.053714         17803.76901        -6748.469077                
Si              44                                                      
     8.792965976         7.544980020        -2.593989010                
    -1.020846719        -2.447721792       -0.1274651488                
     8002.262969         2901.162263        -10367.74373                
Si              45                                                      
     6.447089440         3.549150086        -4.472861025                
     3.976806465       -0.5818777806        -3.677821743                
    -7951.318340         9980.987166         4765.969316                
Si              46                                                      
    -3.734562983         6.583585165        -2.365597885                
    -2.315666692        -5.176146599       -0.1419594155                
    -29323.94653        -12549.09212        -24097.66967                
Si              47                                                      
    -3.611258854         3.409967966        -2.379409056                
     1.975775636         5.076378424        -1.102712694                
    -11881.61546        -14801.21917        -3578.726429                
Si              48                                                      
     6.357987873         6.699457050        -4.433351093                
     1.928916828       -0.2890296842        0.1372674271                
    -4516.722973         745.7693248         18833.44687                
Si              49                                                      
     8.551166785         1.129199045         2.127938048                
     4.875111148        -4.700632413         1.323101563                
     15751.63791         22607.01843        -15909.39357                
Si              50                                                      
    -1.549910179         8.795746649         4.574720414                
     4.224776752         3.436832880       -0.1443318881                
    -20010.98535        -7934.145608         14353.95448                
Si              51                                                      
    -1.534114618         1.097428118         4.559341475                
   -0.5206105736       -0.6170382082         1.474570931                
     22338.46692         27850.15023         19019.02214                
Si              52                                                      
     8.564471630         8.764071853         2.120040935                
     1.853239983         1.572205246        -3.596888288                
     15232.30516         272.7557201         24166.33019                
Si              53                                                      
     6.278965227        0.6764235508         4.078326354                
    -1.881156367        -3.495657894       -0.8141725902E-01            
    -6919.360011         10569.99152         15799.05501                
Si              54                                                      
    -3.854045917         9.382462789         2.558315866                
   -0.9789220868        0.7314624366        -1.430089919                
    -9724.208994        -14753.31330         17272.83489                
Si              55                                                      
    -3.815832621        0.4031361249         2.611495501                
   -0.1920440945       -0.3879174105        0.1089001107                
    -13006.31070        -10837.47053        -11967.90111                
Si              56                                                      
     6.258028113         9.464952507         4.112747366                
    0.6160961827         2.307614085        -1.098035998                
     13675.24464        -17835.68558        -21254.57508                
Si              57                                                      
     4.557366258        -1.247797589        0.3059206169                
    -1.960760854        -3.715836134       -0.1046454396                
     7552.463978        -8644.071186        -20074.78200                
Si              58                                                      
    -5.510494173        -8.867149746         6.365542595                
    -2.401445732       -0.9233451514        0.9173737155                
    -2669.923638        -10291.21090        -20611.20976                
Si              59                                                      
    -5.525304335        -1.391562185         6.424637385                
    -3.379868178         2.495798600        -1.210613046                
    -32526.26882        -1060.080305        -12720.64485                
Si              60                                                      
     4.457580575        -8.819790738        0.4612583145                
    -1.000592084         3.619589174        -4.804285146                
     5988.241239         13193.16355        -3447.884465                
Si              61                                                      
     7.744806236        -1.282968997        0.1909713876                
    -4.859870467        -2.545954032         2.319043397                
    -2091.439154         5852.685506         2543.086450                
Si              62                                                      
    -2.297667163        -8.866445453         6.438553384                
     2.715340260        -2.546218686         1.845287909                
    -13239.99728        -16072.35569         818.7841782                
Si              63                                                      
    -2.368882951        -1.309259913         6.428743464                
     1.907391839         3.223675250        -1.019642561                
    -13106.51385         3564.745710         3918.722468                
Si              64                                                      
     7.642780957        -8.978386933        0.3526255565                
     6.777504051        0.6836573787E-01     7.142588870                
    -4059.674513         2214.808682         2033.406774                
Si              65                                                      
     1.510056928        0.5459924098         4.198654151                
   -0.7447862166E-01     3.906129910         3.635426672                
    -3899.081397         11011.19460         25019.45331                
Si              66                                                      
    -8.730162709         9.499423862         2.497414287                
   -0.3971570364        -6.856083716         3.850358207                
     2272.554463        -13892.77470         6143.552257                
Si              67                                                      
    -8.741297257        0.5362056549         2.594110280                
    -2.893373757         4.574053963        0.6456938123E-01            
     12118.86070        -7478.770225         28465.82932                
Si              68                                                      
     1.434157819         9.494751912         4.156902504                
    -9.855884063        -5.306902415        -2.082635728                
    -3670.676977        -23056.91183        -3060.165617                
Si              69                                                      
     3.775536599         1.161419484         2.165330257                
     1.297394077         2.588047180        -1.157581759                
    -10296.95674        -6281.875519         22401.67746                
Si              70                                                      
    -6.351109410         8.840544035         4.434904248                
     6.453401506       -0.1088455593E-01    -3.298386747                
     3840.081358         8935.275366        -6623.758638                
Si              71                                                      
    -6.296312740         1.046442643         4.535365968                
   -0.2376955860        -2.412465718        -1.368078777                
    -6188.681506         9121.167238        -20395.32986                
Si              72                                                      
     3.782998439         8.867959143         2.219431599                
   -0.1117446828         1.055072380        -2.688199528                
    -13791.11523        -2932.824399        -1830.283949                
Si              73                                                      
     8.593795939        -3.524229391         2.203408243                
     1.907746971         1.165248391        -1.615584477                
     14859.95316         22908.93398         4229.667886                
Si              74                                                      
    -1.537687332        -6.701616502         4.339014190                
     2.689173275        0.1078322038        -4.389659676                
     27838.09279        -6641.640598         19548.26454                
Si              75                                                      
    -1.594873337        -3.570641743         4.449516486                
   -0.9536527354        -7.104614259        -2.746170082                
     632.1194841        -18430.94316        -11306.28678                
Si              76                                                      
     8.624415322        -6.614129117         2.248191702                
   -0.6775459225         3.890564633        -1.569716255                
    -6733.597189        -10122.55926        -6239.421792                
Si              77                                                      
     6.280191324        -2.449570465         4.035566192                
    -4.064408916       -0.8379740977         1.163470160                
    -6155.458205        -11703.86211        -10455.98315                
Si              78                                                      
    -3.939301736        -7.602555424         2.554816537                
   -0.2663203140        -2.633880907         5.987582526                
    -4945.407440        -13109.52040        -5266.464757                
Si              79                                                      
    -3.915658130        -2.765485992         2.500527200                
    -2.281317967         4.749705333         5.316983995                
    -78.14522568        -11293.63907         5513.998217                
Si              80                                                      
     6.426793996        -7.569930820         4.182807550                
    -7.037555624       -0.1698610794       -0.4038375177                
    -17784.09100         6296.637080         4530.767981                
Si              81                                                      
     4.472260543         3.411351410        0.2784167292                
    -2.780244074        0.2035229255       -0.9463555830E-01            
    -7164.837228        -12571.01916        -13182.15731                
Si              82                                                      
    -5.680793781         6.475861975         6.377470071                
    -2.686076886         4.504586983        0.8274883849                
    -18835.06119         3537.567235        -3569.507442                
Si              83                                                      
    -5.679839052         3.446596050         6.438805551                
     3.060698999        -2.606341796         3.786876530                
    -3416.318626         8489.207186         3042.364850                
Si              84                                                      
     4.422998260         6.529446850        0.2712940212                
    -4.057686177       -0.5346969936       -0.8350370702                
    -2161.183921        -17763.21485        -11388.76103                
Si              85                                                      
     7.660599956         3.430364057        0.1846663330                
    0.6918734663        -2.581363524       -0.2984021150                
     1062.749606         1286.694773         1034.372325                
Si              86                                                      
    -2.517142889         6.547346689         6.540150756                
    0.8504473621       -0.7741976827         1.335243570                
     870.4468131        -13949.36564        -12309.96291                
Si              87                                                      
    -2.493855325         3.412928009         6.426382736                
    -1.887934115         1.074115060        0.8347060538                
    -5410.624254         19686.19535         7928.671873                
Si              88                                                      
     7.566263029         6.605976254        0.1504709569                
   -0.1593850824        0.5994316739        0.3607228832E-01            
     6673.456588        -33183.72167         16536.94847                
Si              89                                                      
     1.400526718        -2.668134638         4.342848797                
     4.072469446        -2.402801493        -2.480440582                
     6747.577660         214.9208273        -10558.24760                
Si              90                                                      
    -8.731584413        -7.511820251         2.419210109                
    -5.420651678       -0.3608213134       -0.6757918259                
     5297.109780        -12448.59529         41590.25434                
Si              91                                                      
    -8.715099763        -2.661402087         2.549245675                
    -5.542833512        -1.069085688        -1.621339067                
     5372.609328         4845.757926         22696.09092                
Si              92                                                      
     1.521749406        -7.540840212         4.206085090                
     4.550104599        -3.535416876         2.481763029                
    -12281.30504         265.0089309        -19303.04348                
Si              93                                                      
     3.744565759        -3.392223917         2.379672485                
    -1.277355451        -1.199360913        -1.526264020                
     8108.585073        -8193.682260        -23060.59963                
Si              94                                                      
    -6.359967972        -6.683669863         4.375327139                
    0.1046599846        -3.360063900        -1.152432704                
    -19039.70306         11358.62339         7056.104778                
Si              95                                                      
    -6.358819140        -3.570551807         4.367557525                
    -3.255986734         2.015812855        -2.617360476                
    -10554.81842        -9618.087545         8577.537885                
Si              96                                                      
     3.930189942        -6.521533237         2.460581934                
    -3.520465511       -0.3457236743         3.473385734                
     6563.401672         426.8957177        -7483.389746                
O               97                                                      
     2.936274988        -1.138801856        -3.546474467                
     4.980206871         1.412386978        -3.959701494                
    -21380.37296        -376.5040601        -1059.103030                
O               98                                                      
    -7.411797085        -9.168777680        -3.558335857                
    -2.005038854         7.319421612        0.1023038633E-01            
     10098.31963         12074.66038        -2227.101636                
O               99                                                      
    -7.392622118       -0.9706808213        -3.394185744                
    -3.969103950        -3.130345639         3.579393814                
     3521.221740        -1207.830907         3844.108331                
O              100                                                      
     2.722197495        -9.034998026        -3.412291818                
     1.141708758        0.6032401016         1.624894190                
     5875.847611        -4805.161300         8516.176266                
O              101                                                      
     4.222421672        -1.176912244        -1.254408535                
     4.408830173        0.1920081839        -4.979621972                
    -777.2406109         898.2566922         15806.79717                
O              102                                                      
    -5.964446910        -9.068186746        -5.732639248                
    0.3658812269         2.352341017        -1.235223790                
     12706.13207        -1503.989494         1481.956266                
O              103                                                      
    -6.039028030        -1.217071424        -5.700113495                
     3.294455471        -3.838425776         1.099724882                
     2243.829340         13276.94813         11753.96977                
O              104                                                      
     4.081943863        -8.941687324        -1.050133960                
    0.1839940369         2.542008761         6.284597259                
    -4540.534213        -4375.281013        -5910.648672                
O              105                                                      
     4.195206724         1.338262362        -6.503574638                
    -3.454337547         8.160834291         2.756226149                
     19779.10362        -9329.619717         322.3159596                
O              106                                                      
    -6.099317558         8.911638850       -0.4031953545                
     1.388935429        -1.778130866        -5.415795296                
     29457.57922        -1812.608191         3869.959046                
O              107                                                      
    -6.035967209         1.104649873       -0.2310121453                
    0.3056143812       -0.7512649885        0.1130609255                
     38541.24828         4510.594278        -6395.783082                
O              108                                                      
     3.968432586         8.845434384        -6.511682956                
    -5.824582973         1.932812376         5.430880343                
    -4945.030781         9021.133242         4366.978499                
O              109                                                      
     8.339824294        -1.060511449        -1.245156252                
    -2.189985247         3.804775611         1.130045998                
    -2103.569567         475.6598312        -8390.363880                
O              110                                                      
    -1.808679107        -8.934877196        -5.665615989                
    -9.528140900        -1.289485783         4.316459440                
    -2745.831299        -9898.820464         15604.23448                
O              111                                                      
    -1.829218077        -1.032866156        -5.711392131                
    -4.116705434        -3.081808376         1.076535211                
     5494.582729        -8326.257180         1138.100905                
O              112                                                      
     8.118143915        -9.150642435        -1.145826048                
     1.793974609         9.553079227         3.497120068                
     18563.66336         3649.566616        -1501.760104                
O              113                                                      
     7.847152934        -1.157383391        -3.882104768                
    -1.541555368         1.192757963         2.013293723                
     10175.17588         12000.01260         15252.86730                
O              114                                                      
    -2.349555091        -9.005124129        -2.997288644                
    -3.607345965         4.464560762        -10.17470451                
    -4062.365980        -2325.726728        -13770.68018                
O              115                                                      
    -2.322098173        -1.185637259        -3.244351443                
     4.054292937        -4.170984075         1.597193169                
    -2318.392084         29.69473029         11017.19031                
O              116                                                      
     7.712805697        -9.092340710        -3.618724367                
     3.180462821       -0.5428518113        -1.455331172                
     301.8409187         3018.011493        -9964.779530                
O              117                                                      
     5.372207640        -1.172083406        -3.671604055                
   -0.9886797668E-01    -4.915654618         5.477885541                
     6690.494041        -3576.365462         1609.650843                
O              118                                                      
    -4.840834705        -9.250411303        -3.313610870                
    -1.266980912        -4.196003290         4.497068416                
    -2776.108132         4930.104259        -6454.881283                
O              119                                                      
    -4.832697012        -1.155989600        -3.425420714                
     5.429503479         2.707413528         1.479038243                
    -11158.07160         13581.57148        -12007.90904                
O              120                                                      
     5.241284672        -9.198918599        -3.387482077                
     1.616178127        -1.970404376         3.868088982                
     884.9484997         3268.575001        -7442.615653                
O              121                                                      
     2.808406910         3.092997690        -3.530687617                
     5.593429975        -3.220963354        -2.982709704                
    -2636.565099        -6713.978716         6776.576572                
O              122                                                      
    -7.473795952         6.871072846        -3.356251213                
    -5.739912727        -5.136570798        -2.030696587                
     14197.01611         13239.72530        -30298.03213                
O              123                                                      
    -7.437677320         3.133995589        -3.342424543                
     1.406468660        -1.125556028         6.854164944                
    -4409.525518        -13406.90793        -7699.248687                
O              124                                                      
     2.609636852         7.046586265        -3.401816896                
     2.821404701         4.921863654         3.887030011                
    -13398.45869        -5740.596930        -2198.881990                
O              125                                                      
     4.067796810         2.930493898        -1.197450347                
     2.035700237        -1.504362512        -1.909585520                
     669.5594678         9875.734856         7439.706218                
O              126                                                      
    -6.158552256         6.776311683        -5.702498513                
     2.315192389         2.116699300         1.187808513                
     3380.018680         4832.504681        -12099.86318                
O              127                                                      
    -6.082636753         3.099775562        -5.643145208                
    -1.775359000       -0.7533473719        -3.812348014                
    -3403.336310        -3952.068486        -4922.664347                
O              128                                                      
     4.004796332         6.945151081        -1.220034975                
     2.478817878        0.2446375237        -2.455006795                
     999.0272146        -10805.54188         21361.10328                
O              129                                                      
     4.225522577        -3.442870229        -6.573639176                
     7.136724615         3.831825177       -0.7684714366                
    -8348.352008         4952.429364         3039.014128                
O              130                                                      
    -6.171844465        -6.802493488       -0.4515154791                
    0.3082241706E-01   -0.7776707019E-01    -4.202712969                
     3330.070436         2144.466674        -2543.193102                
O              131                                                      
    -5.981912870        -3.377183482       -0.4544293409                
    -4.736182619         3.389515998       -0.8520056372                
    -3817.967892        -3266.952949         7238.846852                
O              132                                                      
     4.190218678        -6.975929798        -6.576593571                
     3.504691577        -4.464140329         3.398934729                
    -3444.234106         10208.68521         4793.707252                
O              133                                                      
     8.263847950         2.992179677        -1.229619437                
    -2.040076646        -1.387560785         5.970635512                
    -7848.544066         2920.729793         546.2609207                
O              134                                                      
    -1.996260459         7.030181306        -5.643800498                
     2.524172172        0.2564798554         2.480753959                
     6023.690271        -1021.493854         3187.883287                
O              135                                                      
    -1.904926061         2.876433089        -5.791928403                
     7.409082925         3.702064010         1.675142555                
     7010.644240         4209.083026         20120.25429                
O              136                                                      
     8.175963123         7.062880106        -1.212052516                
    -2.210576404        -4.930000319         6.247367179                
    -399.2731023         5442.250728        -3183.446423                
O              137                                                      
     7.791679953         3.084294181        -3.749709091                
     2.682524201         1.705762237       -0.8638644951                
    -1329.797735         4782.974751        -469.5992037                
O              138                                                      
    -2.537869898         7.101442513        -3.218508647                
    -3.075396837         1.781532468         6.166809765                
     14805.27833        -6927.183152         9311.170314                
O              139                                                      
    -2.316720073         3.005590687        -3.240883535                
     2.907526309         6.674141828         10.33034448                
    -9508.761343         8466.790765         3091.129339                
O              140                                                      
     7.695808341         7.161136018        -3.641510049                
    -2.783339870         5.746650751         4.878799612                
    -14100.42963        -11240.71181        -11664.10823                
O              141                                                      
     5.281217768         3.056126565        -3.492505509                
    0.9829186141        -4.565897293        -3.218083112                
     16873.45549         4505.902960        -6645.609411                
O              142                                                      
    -4.959694474         6.935146085        -3.402884646                
    0.5592594730E-01    -4.092693706       -0.9101254026                
     4290.820742        -5131.623004         8354.484119                
O              143                                                      
    -4.936632161         3.008511488        -3.263172737                
     4.485564240         1.456836916        -4.468797627                
     12053.65312         927.9238457         1644.231083                
O              144                                                      
     5.097794627         7.125179704        -3.512364645                
     10.34618549         3.087164043         6.021164978                
     16352.87301        -2545.034013        -2903.660631                
O              145                                                      
     4.136401226        0.9042960941        -2.669869914                
    -5.846988751         6.463039822        0.4114732703                
     1940.532527        -7842.605848        -6859.418276                
O              146                                                      
    -6.180483909         8.958903693        -4.349949433                
    -4.454095322        -1.992178006         5.138814347                
     4903.352713         2760.709360        -774.2947287                
O              147                                                      
    -6.097043452        0.9793229955        -4.241590922                
     2.292974864        -1.117817572        -1.121277217                
    -4052.745139        -4866.019674        -2235.935436                
O              148                                                      
     3.844301127         9.130652141        -2.426689392                
   -0.4790275938         3.455215898         1.096397677                
     1497.454942        -13595.62568        -7651.258634                
O              149                                                      
     8.861988422        0.9601706625        -2.715724581                
    -1.403001445        -3.624955716       -0.1070476451                
    -9216.491555         353.9937746        -4507.097343                
O              150                                                      
    -1.438614944         9.170909187        -4.192244449                
    -5.028802356         3.916658483         7.305993371                
    -1053.414912        -6457.500362        -5455.964676                
O              151                                                      
    -1.283050685        0.9442563987        -4.182638737                
     1.292031792         10.27537199        -2.584733199                
     845.6863008        -24251.04079        -639.1108578                
O              152                                                      
     8.971091828         9.110163214        -2.658726224                
     5.427995981         5.123350664       -0.5666183641                
    -3849.323696         9179.523377         9459.946963                
O              153                                                      
     2.071985831        -2.571801963        -5.424051270                
    -1.788706283         1.661748798        -4.140596121                
    -9382.288331         2060.673086         4948.051788                
O              154                                                      
    -8.259499007        -7.649059155        -1.496519417                
    -2.627681662        -1.940031251        -5.988185563                
     1569.637533         4681.241949        -7093.482017                
O              155                                                      
    -8.153692970        -2.487787305        -1.369821025                
     1.344302204         7.572057910        -1.956259739                
    -1363.162271         14199.20722         123.9125095                
O              156                                                      
     2.040145776        -7.674491430        -5.441443178                
     5.201841147       -0.3942056072        -1.362784816                
    -5015.503562         4462.603682        -2091.914116                
O              157                                                      
     2.145593386       -0.4524274832E-01    -5.631431783                
    -6.882783296        -3.377823308         1.279600457                
    -120.5369546         551.3173664        -1066.433506                
O              158                                                      
    -8.097422939         10.01914555        -1.480914931                
     3.242942914         3.206172364       -0.1888553508                
    -6789.550609        -128.2254484         11909.49361                
O              159                                                      
    -8.135849945        0.8666039916E-01    -1.219576656                
     5.027850724         2.044598551        -3.321770260                
     4827.308489        -5838.017326         4009.493713                
O              160                                                      
     1.781879720         10.04189753        -5.552913642                
     1.733223808         3.968070064        -1.761427845                
     12817.65069         3148.447350         3953.544061                
O              161                                                      
     2.054847300         2.428429725        -5.702308891                
    -1.497949460       -0.5150599289        0.9009119323                
    -9724.833531         22355.57846         5914.733132                
O              162                                                      
    -8.186914040         7.562526707        -1.115688218                
    -4.517541095        -2.454697263        0.2144301179                
    -9172.039169        -7698.732754        -17786.70807                
O              163                                                      
    -8.062156543         2.554954706        -1.003447443                
     8.096880175         3.688115422         5.814316418                
     1410.051479        -11350.18460         2739.425958                
O              164                                                      
     1.831375876         7.566546397        -5.643754485                
     3.374412859         1.868271653       -0.4823184164                
     1596.598200         3522.098719        -5242.572465                
O              165                                                      
     6.461846537        -2.628360579        -5.620254702                
    -6.766112258         1.565241709       -0.2497964645                
    -8575.188689         4098.669622        -6657.027533                
O              166                                                      
    -3.975225331        -7.699102057        -1.409234214                
     4.770454379         4.537252744         5.064235911                
     1177.886311        -3374.832846        -13302.17424                
O              167                                                      
    -3.911372586        -2.599921777        -1.571358895                
    -1.190786334        -1.747249841         1.546267511                
     17533.23789        -5208.538861        -225.6093036                
O              168                                                      
     6.205789198        -7.626825270        -5.294482623                
     2.908081264        -4.737669611         1.738745738                
     7186.183280        -2264.549989        -2582.067365                
O              169                                                      
     6.221307037       -0.1100195064E-01    -5.617475000                
     1.389826080        -5.897383290        -5.219479054                
     5726.396601         5037.387148        -8895.757540                
O              170                                                      
    -3.918365862         9.973414511        -1.216168226                
    -4.044388326         1.228075243         1.688225252                
   -0.5269777195         4900.021389         356.7534303                
O              171                                                      
    -3.929398280       -0.1336316031        -1.350442379                
   -0.9022980392       -0.2744792896        -2.464054470                
    -1400.318827         2816.575910        -5469.165889                
O              172                                                      
     6.137468692         10.04850281        -5.559272260                
    -3.397641903         5.522502366         6.284852174                
    -5859.647270        -5726.668316        -4747.793810                
O              173                                                      
     6.163471108         2.662987073        -5.730463791                
     7.163201874         7.940730302         3.915803739                
     12969.34059        -15488.71280        -2806.527016                
O              174                                                      
    -4.081821016         7.495426499        -1.161372754                
     4.147835093        0.1880019455         3.048589819                
     6747.592013        -1904.123521         6094.224340                
O              175                                                      
    -3.782107511         2.377683777        -1.143340942                
    0.8036388869         1.264463552        0.7462522037                
    -14344.74261        -1230.723388        -889.7645821                
O              176                                                      
     6.023013842         7.534431636        -5.677535293                
    -2.927385910        -3.866462693         2.005446475                
     4639.645997         21872.12369        -21479.77509                
O              177                                                      
    -9.941293366        -1.045883511        -2.735310016                
     1.803045452         5.926975318         6.571780208                
     9922.589293        -1594.889554         8220.622376                
O              178                                                      
    0.1127131071        -8.968784993        -4.111953271                
    -4.673758182        -4.238128801       -0.2809015055                
     16210.16596         3347.801757         3791.222434                
O              179                                                      
    0.2443431321        -1.095454931        -4.225074093                
     6.175645108         7.166063639        -1.742057719                
     745.5536944        -152.9613150        -675.0289782                
O              180                                                      
    -10.05054597        -8.928495359        -2.742629230                
   -0.8071282806        0.8209793427        -9.272318029                
     16806.44996        -1288.604680         7416.617968                
O              181                                                      
    -9.994659245         3.014023190        -2.653139132                
    -5.963174306        0.7444882350         9.138944576                
    -11174.84544         3787.545433        -5316.392215                
O              182                                                      
    0.3189271626E-01     7.040356592        -4.037837353                
    -2.945174850       -0.3587335048        -1.244575654                
    -17671.90459        -7268.989153        -3889.589855                
O              183                                                      
    0.1856666390         3.058498535        -4.202492984                
     6.885746546        -4.255619525         5.492895739                
    -19178.78865        -2262.008856        -3019.299770                
O              184                                                      
    -10.07853245         6.897800569        -2.748498641                
     5.062430993         3.590806051        0.1415774743E-01            
    -3484.176173         2862.881037         3006.981023                
O              185                                                      
     1.631373524         5.045364378        -4.712767966                
     4.474752786        0.4959436109        -4.422936536                
    -8706.501957        -3944.480959         4490.518406                
O              186                                                      
    -8.496824762         5.018133850        -1.978231397                
     4.431839092        -3.427292081        -10.76033028                
    -11471.12988        -5153.916484        -16619.87561                
O              187                                                      
     6.380510589         5.136720965        -4.580152514                
     4.213631107         2.498740654        0.6519678191E-01            
     9067.859175        -10298.59687        -944.5847673                
O              188                                                      
    -3.636739799         4.982294894        -2.188922603                
    -1.145909004        -2.115549976       -0.8948134390                
     4400.098272         6503.609522         4077.837205                
O              189                                                      
     5.981284985        -5.126485287        -6.463684176                
     7.808862372       -0.1900585067         1.921556085                
     7319.542879        -6105.101589         7108.982462                
O              190                                                      
    -4.280012292        -5.176766540       -0.5851589691                
   -0.3037872980         4.817965745        -4.330817633                
     7797.372056         14857.35483        -7739.153992                
O              191                                                      
     2.510899734        -5.171397333        -6.311447901                
     1.968889729       -0.8228675223        -3.575144205                
    -11022.52350         9440.446575        -244.1515920                
O              192                                                      
    -7.883759730        -5.030183628       -0.4536348439                
   -0.2135547699        -2.211540143         3.754534496                
    -1879.764834        -7530.029480         547.3922811                
O              193                                                      
     7.554611913         1.114852045         3.301373466                
    -6.356433019        -3.437330764        -5.619427253                
    -8475.212455        -1604.954171         4089.926110                
O              194                                                      
    -2.571835155         8.961894778         3.381264310                
     5.701763364         4.620588284       -0.8168884150                
     26.62085825         1197.235921         577.1042116                
O              195                                                      
    -2.508580941        0.7774211204         3.404303193                
     6.722782830        -9.297453114         1.666927234                
    -9990.456595         9804.779062        -9485.213562                
O              196                                                      
     7.600001048         9.047821233         3.334842538                
     1.919129626        0.4101366909        -6.082716958                
    -15250.33223        -12641.50119         6479.291779                
O              197                                                      
     6.259958348         1.070919063         5.640772530                
     1.304562840         4.517540463        0.6985045448                
    -4270.784868        -1267.141649        -14420.02705                
O              198                                                      
    -3.979616071         8.828659889         1.116122243                
    -9.546050596        -3.687390051        -2.742317948                
    -608.4591652         6584.620371        -12231.72031                
O              199                                                      
    -3.904418303        0.7949362290         1.065934897                
     2.067806472        -3.504603997        -4.069855252                
    -2186.199049         8080.349395         12893.09367                
O              200                                                      
     6.060072394         8.999590664         5.601058115                
    -6.997161337        -1.091443656        -5.022023814                
    -2101.050553         3247.191877         742.2555451                
O              201                                                      
     6.154465518        -1.348801898        0.1717154823                
    0.3824083175       -0.7099622902         2.316681660                
     838.2867241         4632.059580         8120.246362                
O              202                                                      
    -3.893603660        -8.782710909         6.425632056                
     3.430412060        -3.917038896       -0.9597948416                
    -16917.24193        -2647.041193         2957.005918                
O              203                                                      
    -3.983355711        -1.319164808         6.519493445                
     3.480771235        0.1521914292E-01    -2.018480238                
     22802.46330         2828.860240        -7773.198982                
O              204                                                      
     6.078412506        -8.937032761        0.4084351917                
    -1.453723548        -5.534223108         4.411186237                
    -19319.22962        -4704.459928         4423.029114                
O              205                                                      
     2.138543494         1.045192122         5.623645542                
    -4.837691361         5.875528382        -2.123364989                
    -4576.332843        -10630.89747        -19687.40778                
O              206                                                      
    -8.169139335         9.082761012         1.067025429                
    -4.860720228        0.7230634481        -2.848445005                
    -4063.853425         1744.864712        -9690.065632                
O              207                                                      
    -8.148959815        0.9689745007         1.226661686                
    -2.903058519         9.290320100        0.1686849549                
     910.8735283         2429.543213        -11347.83964                
O              208                                                      
     1.904147756         9.071616922         5.615471512                
     8.096971921        0.7354939757         7.060702809                
     2284.900711         1854.268594         6851.406962                
O              209                                                      
     2.427463134        0.9562006374         3.007698119                
    0.8887221715        -1.766525333        -6.090321273                
     12508.71879        -6974.193415        -2401.179756                
O              210                                                      
    -7.691319899         9.057810723         3.623904232                
    0.3609323550        -1.004318630        -3.920237248                
    -2552.644179        -2377.531939        -1762.650376                
O              211                                                      
    -7.643377741         1.025285025         3.678828736                
    -1.932719726        -3.545528035       -0.8373918108                
    -6335.264678        -5986.968367         1003.284126                
O              212                                                      
     2.434055374         8.921202154         3.062507122                
    -3.078777786         1.053241100         2.510692119                
     7447.252054         4446.883040         6469.905638                
O              213                                                      
     4.981324308         1.110134134         3.240333781                
    -2.826782837        -8.077586723         6.739003723                
     1516.331072        -6211.886157         76.20197810                
O              214                                                      
    -5.156572968         8.897491968         3.357463374                
    -1.946177115        -5.171220882        -4.060571195                
     1027.179641         2627.539678         7461.421407                
O              215                                                      
    -5.086162378        0.8870897535         3.464456761                
     2.228904929         2.843617896        0.1687095139E-01            
     7487.581750        -57.25547674         3718.875057                
O              216                                                      
     5.046627114         9.033700763         3.165052584                
    -1.854050972         1.685717860        -2.297631095                
    -4493.945514        -6710.492898         6490.932283                
O              217                                                      
     7.520619806        -2.995313807         3.248367257                
    -2.793375157        -4.228831866         2.164726212                
     5357.348632        -8472.107492        -4070.733298                
O              218                                                      
    -2.607117835        -7.133202491         3.276698055                
    -3.062120353         5.277800236        -1.795111198                
    -997.3899991         2186.917929        -1534.713710                
O              219                                                      
    -2.671263206        -3.304430182         3.334350379                
     3.932707745        -2.531667079        -6.622756494                
    -1783.156553         8052.286621        -2830.725170                
O              220                                                      
     7.668131687        -6.996054173         3.431794890                
     5.897174377         2.049398767         1.412642683                
     1874.934518        -2688.066403         3858.383472                
O              221                                                      
     6.153665471        -3.086506242         5.474192465                
     1.821411420         1.567100556        -3.413323624                
     4802.100176         5926.525460        -9250.198869                
O              222                                                      
    -4.172157844        -7.173837121         1.054634433                
   -0.9208596026E-01     7.185971537        -4.804032310                
     2100.290295         9447.711918        -1854.968536                
O              223                                                      
    -3.951786669        -3.205595043        0.9990166907                
    0.9512977580       -0.4052491456       -0.9800115472                
     10.51242242        -1196.100985        -7681.238041                
O              224                                                      
     6.230404676        -7.102512988         5.693365854                
     9.014350958         4.746488910         2.453958116                
     20318.88281        -15744.58004        -15437.84334                
O              225                                                      
     6.049920463         3.257688915        0.2096041487                
    -5.129458715         2.525792804         1.462834331                
     11069.18237        -1746.348581         7779.646238                
O              226                                                      
    -4.099939969         6.582019709         6.443347667                
    0.2878436741        -5.840618644         4.315482297                
    -5613.570706         2773.920672         710.6072762                
O              227                                                      
    -4.105603562         3.379273866         6.438142787                
     4.493031429       -0.4854163118        -2.766882817                
     15281.73712        -1838.369348        -169.9511998                
O              228                                                      
     5.987713029         6.702580753        0.2757575265                
     1.184266568        -5.961011960         7.901106189                
     9462.196949         2090.572920        -5106.039585                
O              229                                                      
     1.958385053        -3.193362191         5.748637696                
     1.045988194         3.160200267        0.3497388939                
    -11385.46008         8170.417110        -12092.05384                
O              230                                                      
    -8.322069055        -7.108182311         1.006236040                
     2.512199700       -0.5270335623         1.120889980                
     12660.45168         11468.70166        -20699.94971                
O              231                                                      
    -8.059769874        -3.045404738         1.161880270                
     3.120849889         2.378778083       -0.4421113103                
    -4299.542245        -1252.440614        -6404.331031                
O              232                                                      
     2.039292710        -7.099670728         5.600263078                
    0.6298838259E-01    -2.662475905        -4.456827149                
     1365.031218         1950.737424         12871.99605                
O              233                                                      
     2.479307187        -3.173965521         3.248371493                
     8.705969684        -2.039358137        0.2676054210                
    -18725.49721         9618.517823         11313.84081                
O              234                                                      
    -7.676890107        -7.022815761         3.563023477                
    -2.115393484        -6.213418171       -0.7968880974                
    -4345.224385        -4206.056196        -22125.63284                
O              235                                                      
    -7.703227489        -3.163246727         3.657314411                
    0.2815239653        -3.844303738         3.418601592                
     2894.045535        -3377.267101        -6531.272713                
O              236                                                      
     2.597557600        -6.981161669         3.178093919                
    -1.990373425        -3.669566971         1.644014452                
     1444.754734         2709.645739         6444.973792                
O              237                                                      
     4.975766731        -2.832197723         3.169882883                
    -2.256739111        -3.059831061        -5.265225341                
     11908.71421        -3913.770374         17371.24779                
O              238                                                      
    -5.088972752        -7.030540014         3.506122916                
    -1.555126645        -1.305595872        -9.087819436                
     4358.986284        -3719.807705        -14218.38013                
O              239                                                      
    -5.179767787        -3.322081142         3.316341957                
    -1.519482143        -2.044692573         5.894166131                
     2359.540383         6747.710486         953.2867850                
O              240                                                      
     5.199325402        -6.902659044         3.423953941                
    -4.255545694        -2.957738273        0.2814694220                
    -16731.57185        -348.1037465        -16853.62060                
O              241                                                      
     6.332408198       -0.9015329305         4.026475622                
   -0.2134273011E-01   -0.6950276537        -1.435238009                
    -4217.126239         9797.112065         8282.220127                
O              242                                                      
    -3.962399679        -9.222846683         2.519058393                
     5.699758251         5.134153500        0.2262213209                
     5803.853073         18568.44048         1892.363525                
O              243                                                      
    -3.878777233        -1.197457140         2.573090671                
    -8.160730670       -0.9590302645        -1.178774601                
    -524.1108518         7001.660211         3945.682137                
O              244                                                      
     6.281152474        -9.170386087         4.048996123                
    -5.508510762         2.953155115        -8.665836104                
     3878.645366         32094.57280         14027.39630                
O              245                                                      
     1.448169173        -1.057712951         4.268021843                
    0.1881307266         3.374802820         2.236739696                
    -1516.017401        -4981.199514        -1200.641616                
O              246                                                      
    -8.699576885        -9.110320561         2.503850680                
    -3.849372579         1.774922320       -0.7511742475                
    -7520.243396         15023.65247        -188.7221557                
O              247                                                      
    -8.700917444        -1.082584842         2.708028958                
    -5.963983026         5.163503637         2.216310728                
    -9622.653819         13841.09682        -11225.78839                
O              248                                                      
     1.478840028        -9.125032996         4.081473112                
     2.470408827        -3.870036513         6.081654817                
     2521.066650         7759.229397         1856.183688                
O              249                                                      
     8.292356465         2.469657058         1.275763126                
    0.4811350258E-01    0.9524656385         9.145675816                
    -5680.197195        -5103.373512        -630.8270571                
O              250                                                      
    -1.901496038         7.504341822         5.483810452                
    -1.706901182         4.011457044         1.793618896                
     6141.270095         15274.28139        -14658.44838                
O              251                                                      
    -1.902548417         2.458388771         5.384264905                
    -3.284168414        0.3447933344        -1.508432744                
    -1768.501097        -24278.18341        -26769.21095                
O              252                                                      
     8.226351705         7.459026174         1.293857014                
     6.146875134        0.1348161219       -0.2232686009                
    -3741.692166         10596.91277        -400.0186197                
O              253                                                      
     8.150836173       -0.3363133633E-01     1.125944235                
   -0.9399422003        -5.408280017         8.605622024                
    -243.0170655        -6179.418796        -563.2379594                
O              254                                                      
    -1.955738022         9.999680959         5.575785165                
     2.307826086         1.408929942        -5.070612162                
     8986.608678        -1390.628459        -158.7746091                
O              255                                                      
    -1.854944875       -0.8890203252E-01     5.532114630                
   -0.1062061094         8.235539738         2.363382506                
    -6338.918150        -16521.70459         6430.768330                
O              256                                                      
     8.209334483         9.962506234         1.178882982                
    -2.765049628         7.050551065         2.483235279                
    -3124.867414         1171.469462        -14728.54293                
O              257                                                      
     8.308612871        -2.521653663        0.9824282493                
    -3.704799075         2.199598806        -1.002967381                
     331.2475662        -10722.16988         4807.230205                
O              258                                                      
    -1.787135800        -7.696817094         5.609218520                
    -3.860000239        -1.121061198         6.644761273                
     1709.614267         29589.84583        -25186.61709                
O              259                                                      
    -2.015337270        -2.651571369         5.634626570                
   -0.1122335319         1.000898439        -6.557293822                
     3143.460672         17183.35735         12088.56150                
O              260                                                      
     8.120488096        -7.712907060         1.167944087                
     4.210822071        -3.622310234         2.029751154                
     10836.08151         17539.33758        -1607.810819                
O              261                                                      
     3.815741323         2.437034395         1.348074828                
     1.270793730         3.935410727         3.332262388                
     13455.12959         21328.74624        -13632.87682                
O              262                                                      
    -6.235516157         7.574177203         5.344827444                
   -0.5514370616         1.951371142        -7.545816957                
     7242.724131        -15866.81892         10145.95274                
O              263                                                      
    -6.101430074         2.367254287         5.414674847                
    -1.604575155        -1.139382572        0.3072702996                
    -8361.105967        -18510.50688        -6470.491093                
O              264                                                      
     3.919626509         7.594258618         1.275741378                
    -3.643854394        -1.660099237        -2.552266923                
    -4504.328949         5478.324177         12257.37057                
O              265                                                      
     4.116435815        0.2684214581E-01     1.128840426                
    -5.647914480       -0.4806076159       -0.6591179589                
     245.8817707        -7071.891630         2707.953356                
O              266                                                      
    -5.982412331         10.03657488         5.425800762                
     3.726599237         6.323065195        -6.509459746                
     5998.492885         14012.73019         11975.02943                
O              267                                                      
    -6.094857358       -0.1912065392         5.474063860                
     2.069846004       -0.4688019788        -2.128497378                
     12618.92849        -3150.546546         13975.27198                
O              268                                                      
     3.843129391        -9.995754971         1.332986058                
    -5.200202571        -1.573966393        -2.320175361                
     11823.79046        -337.6787039        -6084.331175                
O              269                                                      
     3.960485239        -2.448064669         1.110079774                
    -1.103872662        -1.528300468        -3.794468513                
    -9121.301940        -4341.794112         4104.313758                
O              270                                                      
    -6.122677803        -7.638920531         5.570240811                
    0.4466411895        0.7071378676       -0.7223362817                
     8860.824373        -9363.313032         14796.49204                
O              271                                                      
    -6.028629510        -2.635297905         5.593837855                
    -3.855525532         4.839203560         1.169416150                
     9689.180637        -2962.969523        -1435.476002                
O              272                                                      
     4.092813297        -7.462887051         1.186289343                
     4.302492565        0.1122003381         2.237280291                
     5881.685724        -3871.500218         10542.45377                
O              273                                                      
    0.1850141597E-01     1.087098582         4.270847514                
   -0.1385150776         2.433017175       -0.7477184886                
    -2163.127891        -12856.12126        -10826.58558                
O              274                                                      
     10.07400980         8.977121223         2.563175441                
   -0.6606272710        -3.384796923         6.276250276                
     8770.596893        -276.4156820        -8298.182740                
O              275                                                      
     10.05858970        0.9716805131         2.565761723                
     1.588761676         4.539227099         3.578508914                
     3525.465221        -6259.273001        -319.5089268                
O              276                                                      
   -0.7324859189E-01     8.982677362         4.176272554                
    -4.112347202        -8.620131766        0.1361553097                
     11614.62947         5292.017184        -4790.752131                
O              277                                                      
   -0.1099026760        -3.144291286         4.135762980                
    -1.174217308         2.493633889        -4.247041318                
     14026.27747         8149.794498         7985.916656                
O              278                                                      
     10.12246938        -6.949769310         2.516564246                
    -1.413893942        -2.812295280        -5.812376346                
     2274.367308        -2207.037344         70.58157176                
O              279                                                      
     10.13603784        -3.226590512         2.617934252                
     1.995082702        -5.944741413        -2.790603490                
    -12923.34645         2287.276781        -11811.57469                
O              280                                                      
    0.1542923871E-01    -7.056349527         4.088086515                
     4.139278081        -4.420520659        -1.790763012                
    -6792.271537         3751.079150        -7141.344513                
O              281                                                      
     8.510429979        -5.051473090         2.005374057                
    -1.966781924         1.597636329        -9.281346278                
    -3673.547174        -13656.25354        -3844.545486                
O              282                                                      
    -1.561714432        -5.136692545         4.613437483                
    0.3381384220        -2.908555181         6.343967138                
    -7142.525587        -9030.338920        -2026.595266                
O              283                                                      
     3.883085714        -4.967180532         2.149056087                
    -1.102067313         4.811544078        -2.675612613                
     77.91063092         2047.458030         11245.96785                
O              284                                                      
    -6.436004501        -5.133875044         4.669221025                
     5.260303980        -2.650168858         1.617596817                
     10457.87505         5651.108957        -6730.724147                
O              285                                                      
     4.233044166         4.920499586        0.5071594221                
     1.074068842         3.817505005        -4.593808664                
    -4462.695740         32405.97085        -4755.181071                
O              286                                                      
    -6.042796422         4.949037088         6.099059286                
    -4.070176469        0.8173404084         4.175389579                
     9484.806481         5493.431507         6543.857246                
O              287                                                      
     7.811203216         4.997920603        0.3116067058                
     3.631415405         1.910075177         1.529960551                
    -3241.817406         11915.25214        -5559.727319                
O              288                                                      
    -2.230652108         4.995474632         6.282671909                
    -2.758383146       -0.5285614695         3.095575393                
    -782.6645331        -6202.099656         11566.53659                
C              289                                                      
    0.8163520964         5.940377926         1.190832240                
   -0.2064317172        -3.253887715        -2.636720944                
     109.6365848         20.33104947        -131.5658632                
C              290                                                      
   -0.1703808713         5.823414486        0.2046317715                
    -3.742896684        0.1135789163        0.5022717783                
    -19.01048302         10.40061720        -156.3172389                
C              291                                                      
    -1.353911148         5.127201798        0.4776591954                
    -3.976821243         1.606474265         3.295089717                
    -76.31525612         9.652500772        -188.3291601                
C              292                                                      
    -1.550708458         4.547952548         1.736887087                
   -0.6742808380       -0.2680970132         2.948914937                
    -74.69863386        -97.01605968        -10.37272510                
C              293                                                      
   -0.5639754890         4.664915987         2.723087556                
     2.862184132        -3.635563647       -0.1900777895                
    -73.52435819        -63.06782251        -31.26172097                
C              294                                                      
    0.6195547876         5.361128676         2.450060132                
     3.096108691        -5.128458997        -2.982895729                
     24.72783974         44.69639023        -44.29638513                
H              295                                                      
     1.729361168         6.477456286        0.9802110843                
   -0.2597562783E-01    -4.405549843        -4.791180501                
    -1252.278567        -246.3957310         252.5365173                
H              296                                                      
   -0.1857231912E-01     6.270267721       -0.7667911229                
    -6.290627121         1.559719998        0.7693496413                
     68.36943095         63.10678159        -36.94377992                
H              297                                                      
    -2.115111668         5.036976672       -0.2831425452                
    -6.705007775         4.204277480         5.716627140                
     732.0554990        -20.66551332         1173.776350                
H              298                                                      
    -2.463717529         4.010874188         1.947508242                
   -0.8547369270        0.8835651142         5.103374491                
     27.74675975         76.20047262        -48.77163265                
H              299                                                      
   -0.7157840422         4.218062753         3.694510450                
     5.409914568        -5.081704727       -0.4571556499                
     115.1659321         172.2837319         185.5546452                
H              300                                                      
     1.380755306         5.451353801         3.210861873                
     5.824295221        -7.726262208        -5.404433146                
   -0.5383876109         11.86181004         16.08368642                
