Diffusion in Zeolites. ZSM5 (Silicate) Crystal Structure, Si(96)O(192) +
         2         2       300     13334   1.0000000E-03   1.3334000E+01
       20.3183600000        0.0000000000        0.0000000000            
        0.0000000000       20.1714600000        0.0000000000            
        0.0000000000        0.0000000000       13.5858629500            
Si               1                                                      
     1.511582781        -1.390218980        -4.526636617                
     2.867072654       -0.5510837534        -1.645938577                
     12798.54908         741.1275456        -13982.12453                
Si               2                                                      
    -8.588245689        -8.808969755        -2.259294171                
     4.573137957        -4.218186176        0.6750204584                
     19922.94709         14460.51012         33098.21093                
Si               3                                                      
    -8.307026596        -1.227677932        -2.167819920                
    -3.017187830         4.648507599        -7.621648393                
     2233.037597         10511.59405        -5997.775710                
Si               4                                                      
     1.526355445        -8.797363897        -4.563038145                
    -3.828723168        -2.847321827        -1.474728863                
     16880.40378         173.5062721        -23054.92600                
Si               5                                                      
     3.908764427       -0.7419149243        -2.654331898                
    -11.33649368        -6.122524976       -0.5373660891                
    -15047.65346         18004.00709         19566.98489                
Si               6                                                      
    -6.395878263        -9.698963617        -4.220107409                
    -2.719368261        -5.208124282        -4.087395517                
    -7489.777286         10386.95784         4534.398443                
Si               7                                                      
    -6.038004010       -0.6028223764        -4.235425584                
   -0.4569138099         7.482951503        -2.592653359                
    -2726.301679         4984.516733        -9923.402748                
Si               8                                                      
     3.890145943        -9.450120676        -2.694643096                
    -4.324170935        -2.186453475         1.290139801                
     2916.874482         12580.11151         9201.729471                
Si               9                                                      
     5.909271783         1.233603726        -6.292175581                
     8.539016561       -0.9091979181         2.691602263                
    -23204.24945         4368.902185        -8095.924530                
Si              10                                                      
    -4.538842113         8.544910092       -0.4272127569                
     1.111314015        -2.159064973        -1.764550110                
    -2000.461995        -18219.00491         12206.38309                
Si              11                                                      
    -4.386679139         1.293036490       -0.3938996508                
     1.570729387         4.268361645        -5.423620182                
    -7678.266727        -17800.78370        -20462.30056                
Si              12                                                      
     5.638344191         8.806341423        -6.548905818                
    -2.785773005       -0.1341368779        -6.708741656                
     10589.61653         13827.49352        -14977.45600                
Si              13                                                      
     2.737611551         1.083180525        -6.267179543                
     1.667846833         5.881437825       -0.3908162440                
    -15716.35296         15392.02768         17028.70608                
Si              14                                                      
    -7.712515887         8.729902637       -0.6644745000                
     3.914552065        -9.055118445        -1.977121724                
     14463.98164         14822.87909         8492.140459                
Si              15                                                      
    -7.630807086         1.263944008       -0.2037615706                
     1.214867031        0.4546224031         2.521119117                
     15834.57411         3732.166655        -53940.68323                
Si              16                                                      
     2.387105002         8.986647097        -6.585443724                
     7.189899684       -0.5966110264        -5.945379167                
     40263.21894         288.7848869         35941.28456                
Si              17                                                      
     8.990389477       -0.6184237719        -2.479254097                
    -1.298398237         1.542074960       -0.6329666952                
     5060.599695        -348.6747861         10082.48731                
Si              18                                                      
    -1.443620861        -9.558295554        -4.241794386                
    -7.854388829        -2.495631737         7.551437560                
    -21159.74882        -3863.183920        -17074.60411                
Si              19                                                      
    -1.410024098       -0.5802617702        -4.220457560                
    -6.740347813        -6.183904094        -5.836770338                
    -17525.54685        -6387.885153         6860.795689                
Si              20                                                      
     8.760464228        -9.464676667        -2.554885937                
    -7.662501054        -4.391495372       -0.1237248370                
     9709.193929        -29275.17116        -8958.241680                
Si              21                                                      
     6.525798292        -1.191544625        -4.406041603                
     2.557986409        0.3240593764         6.453111203                
     11531.95652        -14181.41040        -284.9478880                
Si              22                                                      
    -3.914101121        -9.181306265        -2.345748031                
     3.610600353        0.6085389615        -1.836032924                
     21589.80176        -19152.13519         2890.797105                
Si              23                                                      
    -3.656066634        -1.210958553        -2.231802594                
     2.559598449        0.1618009742        -3.236608443                
    -8506.756977        -20319.25819         18704.22562                
Si              24                                                      
     6.431225313        -9.022551903        -4.572813119                
     1.125788668        -4.746450174        -1.835623765                
    -11992.24807         4158.880160         9889.577124                
Si              25                                                      
     1.647287886         3.494956797        -4.495787312                
     4.480931078         4.293388661         3.040487239                
    -2912.327103        -1929.096947        -5874.090303                
Si              26                                                      
    -8.643966371         6.427441118        -2.566345808                
     2.754880455         4.609734824        -6.429198885                
    -2580.394593        -7096.628887        -29914.81349                
Si              27                                                      
    -8.490861005         3.307681992        -2.380214989                
     5.302325433         1.022372383        -3.855981527                
     197.6177341        -11597.75172        -16645.96585                
Si              28                                                      
     1.606528213         6.634623104        -4.680055561                
    -2.490000950        -8.017691794       -0.1033769465                
    -3043.718429        -2519.649136         23576.46651                
Si              29                                                      
     3.837060946         2.519725131        -2.620469730                
    -4.491883412        -2.424216890       -0.2966959706                
     10284.49546        -8971.527553        -18392.36306                
Si              30                                                      
    -6.178112110         7.333212070        -4.370589107                
   -0.6946088836        -4.237018495        -2.679364974                
    -35295.73122        -8925.209565        -1801.666266                
Si              31                                                      
    -6.180255751         2.477701099        -4.241443081                
    0.6545056769        -3.812139239         1.358379272                
     9212.217538         4681.487835        -21235.97414                
Si              32                                                      
     3.728608127         7.662790462        -2.561700699                
     10.39000241         2.171185605        -4.451536363                
     5891.378789        -33900.84098        -39538.48477                
Si              33                                                      
     5.662766812        -3.548509276        -6.226258954                
    -2.918483611        -6.886224311         3.680854168                
     3274.256965        -4278.116501        -15444.94347                
Si              34                                                      
    -4.540426452        -6.789751147       -0.5662684510                
     3.649333397         3.377800825         2.317128034                
    -1062.131572         12616.97876        -3983.407454                
Si              35                                                      
    -4.334056812        -3.694714030       -0.3196648259                
    0.8640675667         3.447522396        -5.298578423                
     704.6815817         16738.15509        -34241.88570                
Si              36                                                      
     5.793537529        -6.644774600        -6.477491832                
   -0.5408282951E-01    -10.07158582         3.574616553                
    -26047.52682        -13855.31878         31037.34072                
Si              37                                                      
     2.498791452        -3.644169049        -6.426170553                
     2.923595365         3.720496698        0.1605599333                
    -14394.83881        -5953.974843        -36506.27085                
Si              38                                                      
    -7.648462844        -6.590555735       -0.1574648284                
     1.127801718        -4.384613511       -0.3931845306                
     8595.913781        -23815.08390        -26643.15810                
Si              39                                                      
    -7.534329324        -3.516419969       -0.2312683378                
     3.404495244         9.690039843         5.947264336                
    -635.6101979         13227.75679        -4412.584902                
Si              40                                                      
     2.538205445        -6.749840166        -6.719755303                
     5.785682635       -0.3487163157         3.523125321                
     29196.02652        -719.7098803         28674.04028                
Si              41                                                      
     8.836823630         2.570859343        -2.561637581                
   -0.4814383847        -1.678104304       -0.2065793333                
    -1664.669141        -15299.95691        -10678.83405                
Si              42                                                      
    -1.468391802         7.441366557        -4.386024668                
    -5.615678820        -6.789144480        -4.827549197                
     31966.50877        -23620.60655        -14491.65223                
Si              43                                                      
    -1.361576528         2.545756686        -4.439978991                
    -5.943437538        -1.491077775         5.960029869                
     2927.952131         19257.36616         2416.722167                
Si              44                                                      
     8.662041743         7.521496513        -2.578779764                
    -4.070280809         4.738183537        -4.359743750                
     6370.712665        -15027.16906        -9075.585923                
Si              45                                                      
     6.388628272         3.521057554        -4.293248163                
     5.126454373         7.621492834         3.835761821                
    -23579.80524         14670.47735        -8564.574907                
Si              46                                                      
    -3.734557409         6.560081811        -2.571376955                
    -7.455485036        0.2116714647E-01     7.544084421                
    -12205.44622        -32220.26995         41499.11626                
Si              47                                                      
    -3.709137390         3.457031009        -2.514274470                
     3.585099867        -4.981976764         6.077172700                
     9211.319888        -18117.85705        -4630.733439                
Si              48                                                      
     6.123303545         6.732146435        -4.409460792                
     2.113352870        -4.038228947        -1.122013547                
     2161.928237        -38684.22482         21614.60730                
Si              49                                                      
     8.702149848         1.204550383         2.423697112                
   -0.5444586189         1.578456629       -0.2694925431                
     788.5509494        -22179.45378        -2020.315741                
Si              50                                                      
    -1.605728672         8.830744999         4.542762453                
   -0.2739652402        -1.030099379         9.756495097                
    -21101.34549         5575.889605         583.9081859                
Si              51                                                      
    -1.411806965         1.053823945         4.530037344                
     3.172947820         5.094190053        -5.921357096                
    -9427.014202         1836.476491        -534.4933885                
Si              52                                                      
     8.594489913         8.883467688         2.034626271                
     2.286082488        -1.024194269         3.983727579                
    -21325.35173        -4560.058456         4418.887528                
Si              53                                                      
     6.420977554        0.5318307005         4.375966913                
     8.533069627         1.217920041         4.855355876                
    -19942.59977        -23365.67062        -24605.14267                
Si              54                                                      
    -4.008996143         9.366361170         2.504885512                
    0.3558487972        0.6266700519        0.1530721090                
     34807.37516         13322.17492         18187.99843                
Si              55                                                      
    -3.839050645        0.5686657083         2.557997867                
    0.6007802927       -0.1328774572         8.568800961                
     30343.68936        -5133.758134         4990.088973                
Si              56                                                      
     6.208388526         9.439449785         4.001037541                
    -4.456968714         8.238066789         4.558096537                
     1305.467013        -3377.376181         15319.02338                
Si              57                                                      
     4.687130265        -1.232602062        0.4005608889                
     4.076644074         2.294707828         8.763006384                
     9539.969983        -14238.78438         3358.255993                
Si              58                                                      
    -5.716559244        -8.864291343         6.506724469                
   -0.3473621894        0.8200534516        0.7408176840                
     21762.86607        -19675.53561        -29031.50554                
Si              59                                                      
    -5.391721543        -1.337970543         6.462580194                
    -4.497945196        -3.859675112       -0.3551239426                
    -15121.54059         35926.94387        -39447.52547                
Si              60                                                      
     4.403146219        -8.695530657        0.3256096303                
     6.449054512        -2.245818152         2.301258407                
     20920.25681        -13540.27970         7318.050533                
Si              61                                                      
     7.919198537        -1.246812825        0.5509053253                
    -4.294558578        -3.490312950       -0.3262429800                
    -1757.868443         2052.374011        -23471.60978                
Si              62                                                      
    -2.506967599        -8.817596369         6.370069538                
     3.655150762        -2.430592222        -2.504517609                
    -3429.211075        -7147.065867         7683.956434                
Si              63                                                      
    -2.221104276        -1.317184750         6.478391261                
    -6.170020309         1.512700957        -5.567113401                
    -16615.66813        -9081.397729        -20292.85043                
Si              64                                                      
     7.637652866        -8.818122748        0.2615104896                
    -5.789204567       -0.5204506263         4.896206399                
    -27634.71039        -24447.15317         6331.575918                
Si              65                                                      
     1.715594425        0.6484285079         4.442582341                
    0.8066645111        0.5226040385        -2.939894475                
    -17837.38698        -6190.338656        -35035.94257                
Si              66                                                      
    -8.703989606         9.472254596         2.294747918                
     1.935502378        -5.122364153         4.881948456                
     32598.23515         36755.72101         7168.707640                
Si              67                                                      
    -8.622038036        0.4692759771         2.582866651                
    -6.621557237         3.735797819         1.694261589                
     16136.42280         5025.190407         23584.78653                
Si              68                                                      
     1.355909053         9.524237014         4.103951816                
    -1.573081162         5.582707802         2.766635544                
     16963.89440         20505.81902        -10223.05464                
Si              69                                                      
     4.086654819         1.147880947         2.311785144                
     8.838499322         1.192115330         4.704879021                
    -63071.22545        -10141.57351         8015.836133                
Si              70                                                      
    -6.467697761         8.924354799         4.464629987                
    0.5644507533        -2.079116956        -3.846672930                
     12947.46449         3645.622975         5915.049093                
Si              71                                                      
    -6.248454368         1.134746372         4.509703211                
    -6.039591015       -0.4141609697       -0.7656980018                
     11937.91139        -4748.178713         27248.60408                
Si              72                                                      
     3.726849669         8.895969150         2.142097672                
     2.229165735        -2.025511711        0.4661922266                
     13185.81985        -862.9615359        -2490.440728                
Si              73                                                      
     8.774426445        -3.597194953         2.392042310                
    0.2850350280        0.9011588185        -5.645588332                
     506.8932936        -9532.392322         19996.62592                
Si              74                                                      
    -1.677056645        -6.622862249         4.226951854                
   -0.1547539001        0.7806837418        -7.730774456                
    -12860.33214         4953.731622        -25767.48444                
Si              75                                                      
    -1.442216063        -3.579137381         4.469269501                
     4.928790879         7.057905201        -3.268219073                
    -8340.546570         35737.15057         20723.45536                
Si              76                                                      
     8.657553162        -6.713017864         2.268992155                
    -4.593208141        -3.722849060        -5.775774747                
     16555.78767        -1805.556372         7330.857475                
Si              77                                                      
     6.501670393        -2.654288655         4.402944518                
     2.142408451        -10.16328731        -1.574654512                
    -1715.855115         9148.894284         14395.69354                
Si              78                                                      
    -3.943973699        -7.600588093         2.341857143                
   -0.9585270237        -9.857179152        -9.476796450                
    -10174.86545        -25143.15739         22836.53082                
Si              79                                                      
    -3.745841927        -2.575623289         2.548144157                
    -4.423027485         4.079355690        -12.72299203                
     1262.346113        -14084.99745         12976.55410                
Si              80                                                      
     6.393153843        -7.593087768         4.242281995                
    -5.835982111        0.8631975147         1.353814691                
    -38594.59559        -3861.588068         1885.385685                
Si              81                                                      
     4.545294516         3.415022119        0.2732830992                
     2.849901534        0.6056581738         6.445599389                
     6435.194326         4010.003285         5702.356400                
Si              82                                                      
    -5.569085199         6.570003274         6.291525181                
    -2.854460681        -2.311486108       -0.8690768482E-01            
    -13447.68503        -2753.442036        -30812.65715                
Si              83                                                      
    -5.718400572         3.503879170         6.441258117                
    -6.439856072         2.316961575        -1.083493722                
    -24138.99894        -7731.130399        -2190.406485                
Si              84                                                      
     4.474501493         6.572408335        0.2063547021                
     1.343314123        -1.796845850        0.3529234251                
     3752.011497        -60567.22079        -13133.66741                
Si              85                                                      
     7.721858350         3.307742006        0.3275973353                
     2.049870352         1.738748485         4.169820658                
     6904.051113        -1207.098847        -1897.330111                
Si              86                                                      
    -2.438748200         6.420951376         6.375098661                
     2.015100521        -12.73560248        -2.483360898                
    -8055.426658         21232.98996        -3946.328865                
Si              87                                                      
    -2.636395387         3.334248567         6.332655675                
    -1.576496840        -7.327895416        -4.076326630                
     36504.91268        -5136.181931         23479.55875                
Si              88                                                      
     7.653038726         6.431084526        0.2649342094                
     5.543434380         3.101181079         4.929936813                
    -2600.300557         13241.77290        -31890.89303                
Si              89                                                      
     1.466397561        -2.503548562         4.308517756                
    -2.946879263         3.703152758        -4.755303885                
    -9381.211881        -6704.733310         25860.31167                
Si              90                                                      
    -8.595479943        -7.502864855         2.710200992                
    -8.908917005        -10.46008083        -4.295712474                
     4608.104096        -17671.85912        -10791.17006                
Si              91                                                      
    -8.574587361        -2.691836124         2.678372446                
     2.500000316        -2.758142077         5.839330453                
    -1456.700549         15107.24010        -55425.79138                
Si              92                                                      
     1.304576703        -7.442054623         4.007477253                
   -0.5427746858         4.545875877         7.476427891                
    -14803.90368         1428.333307         24954.05097                
Si              93                                                      
     3.941908706        -3.409172188         2.627077023                
    -6.515315049         5.720352437         4.490698721                
    -3364.354169         33832.04996        -10270.27926                
Si              94                                                      
    -6.190391034        -6.593755454         4.441361783                
    -2.915447860         3.534972808        0.4768197999                
    -5198.517264        -30438.62247        -5058.107425                
Si              95                                                      
    -6.179464293        -3.473974146         4.361150118                
    -1.605750210       -0.2112559423E-01     3.833864017                
     25317.30488        -10888.26893         20914.07023                
Si              96                                                      
     3.821468356        -6.575511084         2.526696470                
     9.334758338       -0.9622800451       -0.9506225047                
     8285.685703         32681.81081        -24076.05948                
O               97                                                      
     2.528368662        -1.298675166        -3.270924702                
     5.831185618        -6.156183389        -2.873926750                
     9331.358742        -69.16868457        -14968.41490                
O               98                                                      
    -7.638750820        -8.978587290        -3.462782424                
    -1.058279650         2.170842523        -1.885066582                
     21662.57117        -10680.42237        -16026.65282                
O               99                                                      
    -7.347417418        -1.079037844        -3.435446011                
    0.3835744413         3.756299614        -6.006562022                
     22036.30113         4556.086082         10433.02127                
O              100                                                      
     2.541313221        -8.966646520        -3.413087734                
     1.883194186        -9.656818397        0.2016257396                
     15467.63740        -660.9654554         16394.78171                
O              101                                                      
     4.266350808        -1.166728052        -1.109935618                
    -1.818718050         6.370235122         9.192154140                
    -6138.242442         5923.738452        -20484.44673                
O              102                                                      
    -6.174921772        -9.118855869        -5.670616498                
   -0.8756347583E-01    -6.133704676         1.919378253                
    -15382.49801        -2471.666159         28533.90096                
O              103                                                      
    -5.796089384        -1.209632124        -5.660325251                
     10.61847149        -3.988423712         9.223665022                
    -7573.290607        -9546.389273         15318.96756                
O              104                                                      
     4.117375703        -8.944250805        -1.180927188                
     10.62072933        -2.339393793         5.314035191                
    -20630.97005         5432.579628        -13694.30379                
O              105                                                      
     4.292386595         1.109930882        -6.329042272                
   -0.3349534517        0.9171048694        -1.676153927                
     15178.00310        -2002.984905         6268.112378                
O              106                                                      
    -6.068367952         8.674536024       -0.4925244818                
     6.741119160         2.920578855        -9.572844006                
    -50224.75103        -394.2474934        -5494.086895                
O              107                                                      
    -6.028720479         1.316829089       -0.3960372544                
    -4.824631726         4.378908417         8.031981287                
     11939.79259        -4361.479988         16275.74203                
O              108                                                      
     4.081607582         8.949795602        -6.593654452                
     1.812483569        -9.300884492         3.321912300                
    -32649.46685        -2118.397387        -7756.223039                
O              109                                                      
     8.413702626        -1.035478484       -0.9885266722                
    -10.70279167         3.440240454         8.799424079                
     12747.82713        -3708.953050        -3831.658529                
O              110                                                      
    -1.894696860        -9.004411102        -5.718148676                
    -8.714971028        0.4506595953        -8.837516330                
    -501.6910349        -575.3322575        -3183.335325                
O              111                                                      
    -1.894587626        -1.095693242        -5.631811589                
     8.510388242        -4.221137450         10.86172820                
     879.3262288         3258.810626         12773.75645                
O              112                                                      
     8.100030439        -9.206520823        -1.169959663                
    -8.790836479        0.1003414022        -8.303690151                
     6454.279210         24025.68414        -2226.176305                
O              113                                                      
     7.959967640        -1.040612504        -3.608183764                
     5.424749441       -0.4743790062         6.021611989                
    -28515.80845        -5375.347091         145.7010455                
O              114                                                      
    -2.516883510        -9.228854140        -3.120405019                
     3.899741570        -9.599370395         4.179610524                
    -1797.095223        -3422.832394        -7633.555960                
O              115                                                      
    -2.366798203        -1.032742674        -3.025094481                
     1.796306565         1.651159725         5.739414148                
     21765.06910         6698.419875        -20247.52539                
O              116                                                      
     7.780831724        -9.157743738        -3.743937120                
     7.495730707         7.695553435         7.975582853                
    -4760.400101         5347.359443         2561.521109                
O              117                                                      
     5.168819262       -0.9691692268        -3.546116893                
    -3.595053866         4.127245923         1.914831645                
     22555.76202        -17422.95502        -2655.876397                
O              118                                                      
    -5.094461696        -9.366170498        -3.363499983                
    -8.468270116         6.855450701        -2.957047981                
    -5250.431821        -476.7737241         3044.566770                
O              119                                                      
    -4.744636579       -0.8473869024        -3.336108269                
    -14.81253728         2.672958322         8.480140821                
    -18524.87573        -11938.28011         2797.204640                
O              120                                                      
     5.160025929        -9.172454683        -3.589181276                
     6.622683190        -7.313790031         2.004539228                
     4784.375915         601.5601457         1751.953208                
O              121                                                      
     2.605930442         3.165673506        -3.315337648                
     4.356986127         4.089873440         9.605710283                
    -2271.406445         740.6312602         13392.28474                
O              122                                                      
    -7.468314715         6.661819615        -3.693719225                
     2.108166727         2.433673876        -3.072343286                
    -4406.658182         5929.996849         17966.18023                
O              123                                                      
    -7.474281819         2.762672692        -3.478919077                
     16.88135541         4.511797440         4.680105450                
    -8252.529167         12385.10892         22688.63725                
O              124                                                      
     2.578466033         7.165119330        -3.475066032                
    -2.640677069        -2.215831611         1.667937610                
    -35137.25319        -13446.43045        -11167.72261                
O              125                                                      
     4.080353199         2.964083424        -1.148263339                
     2.364863360        0.1607029007E-02     2.653220274                
     5670.425504        -5838.992309         2219.342694                
O              126                                                      
    -6.089528502         6.904556514        -5.885706534                
     1.470137864         8.161983044         1.556831620                
     12750.63472         8725.156031         21903.74738                
O              127                                                      
    -6.115052992         3.178485365        -5.627396894                
     5.936996393        -5.328131347        0.5282664087                
     2088.547639         9093.224452        -24307.75582                
O              128                                                      
     3.997455786         6.973121146        -1.221191001                
     7.172120180         3.538147383         1.040310089                
    -7540.801456         6283.972353         16697.90766                
O              129                                                      
     4.078100615        -3.388238014        -6.211714037                
    -1.365693862        -9.102376090         1.107055367                
    -4885.913023        -6327.547096        -6398.277999                
O              130                                                      
    -6.112440609        -6.868137921       -0.5844899845                
   -0.9967711529         6.492791791         5.205260870                
    -2504.792539         10592.96379         10552.62529                
O              131                                                      
    -5.940958265        -3.467111743       -0.4442593583                
   -0.3365246008        -5.923468265        -2.062820542                
     5133.133904        -7579.877625         20561.46005                
O              132                                                      
     4.195023181        -6.928609669        -6.693963851                
     9.214851540         7.514873524       -0.3734696076E-01            
    -6801.286254         10441.04979        -2691.081194                
O              133                                                      
     8.302495464         2.939521047        -1.123015848                
     2.034870745        -6.263339632        -2.545008146                
    -3775.186983         13715.07222         10260.77533                
O              134                                                      
    -1.988342793         6.827406410        -5.768698554                
    -6.883373815        -7.271713434        -4.123244540                
     2385.200984         12544.73465         8250.962692                
O              135                                                      
    -1.999520335         2.918418095        -5.824755893                
     3.650472058         5.017855756       -0.3329082134                
    -4299.391928         4265.380425        -8704.606017                
O              136                                                      
     8.186893844         6.903376759        -1.233012552                
     8.420802161        -1.656627627         4.558803705                
    -4063.819010        -6525.502215         34578.62453                
O              137                                                      
     7.717712256         3.084313604        -3.620855498                
     7.355393759        -11.83279047         6.039312946                
     20803.15702        -5401.256606         21473.26529                
O              138                                                      
    -2.437075326         6.958661215        -3.292213131                
    -1.296041989         4.591327955       -0.1738400361                
    -3991.973162         1491.882986         9487.136376                
O              139                                                      
    -2.398170753         3.201410403        -3.383247176                
   -0.5947280981        -9.935451839         4.171028459                
     5572.649587        -21357.17912         650.9437286                
O              140                                                      
     7.427049554         7.102796076        -3.562475116                
     6.899709970        0.1163528882         4.715019951                
     15962.89326         13561.11754        -6503.775503                
O              141                                                      
     5.099941151         3.101779569        -3.471014483                
   -0.9595526967         10.85844346        -1.463325171                
    -2189.942877        -24067.62469         13438.51825                
O              142                                                      
    -4.879546650         7.019644232        -3.542074911                
    -3.480329234        -3.544614982        -1.312740771                
    -2282.577940        -5039.181962        -4981.022441                
O              143                                                      
    -4.942516864         2.956821064        -3.386416490                
    -5.200103285       -0.7933760317         3.595601787                
    -1047.217525         2406.574283         4563.142640                
O              144                                                      
     4.868489442         7.217264796        -3.592968917                
     5.209166984        0.3123805722       -0.7460030478                
     16374.02590         3743.149955         1963.321613                
O              145                                                      
     3.796489682        0.8787684688        -2.707275380                
     1.357536061         7.706975399        -1.609501509                
     1263.157010         7579.211674         8739.942320                
O              146                                                      
    -6.438751373         8.882903605        -4.259575564                
    -6.659521150        0.4373975398         4.541910351                
     2958.897209         14387.84783        -1218.113167                
O              147                                                      
    -6.087546223        0.9613169840        -4.547563250                
     1.175494302         3.367846600        -3.481821970                
    -490.2731789        -22080.18188         19848.06902                
O              148                                                      
     3.746109377         9.170779021        -2.496113383                
     1.811356195        -9.913450239        -6.215125718                
    -1497.624997         25014.82883         6630.253818                
O              149                                                      
     8.901212447        0.9822932951        -2.499900460                
   -0.7588259082E-01    -1.731807912        -1.928768870                
    -11.55073779        -11308.20305        -7466.539913                
O              150                                                      
    -1.499871738         8.985259526        -4.302702727                
    -9.946040779        0.5260603351E-01    -8.644817151                
     6116.958480         27897.31972        -2182.897710                
O              151                                                      
    -1.290611734        0.9786619529        -4.343989538                
    -5.232586765         2.089852309        -3.726961367                
    -10490.84727        -70.11875787         12657.84266                
O              152                                                      
     8.875421489         9.086818983        -2.524356918                
    0.5906006868        -5.283547693       -0.9037954001                
    -5772.736195         7311.199371        -11180.03316                
O              153                                                      
     1.796829470        -2.707718375        -5.462430059                
     1.579812092        0.2705148375        -12.72719708                
    -7582.616082         29057.34426         42354.56647                
O              154                                                      
    -8.288636026        -7.582482681        -1.211679516                
    0.9136279417        -4.578629031        -2.054765858                
    -12120.04328        -11787.62017        -13663.09094                
O              155                                                      
    -8.090432636        -2.469477524        -1.263580313                
    -2.576706983         11.48247137         6.596557522                
     7455.502564        -13144.52637        -4795.123158                
O              156                                                      
     1.976223496        -7.548685360        -5.461101161                
    -5.122308476         5.303787227        0.7629614872                
    -12704.69322        -12139.13228        -4863.461980                
O              157                                                      
     2.087214609       -0.1567735230        -5.492450665                
    -4.243669130         5.511768632         2.382558807                
    -2531.442754        -16096.11436         13604.68487                
O              158                                                      
    -8.193299017         9.986537490        -1.499988970                
    -1.471345119        -8.482557670        -7.069265496                
     4371.570653         4331.022831        -1628.554160                
O              159                                                      
    -8.053816083        0.1566476949E-02    -1.156779281                
    -5.160674128         1.330838152        -4.989487174                
     4104.536744         8666.019935         5323.177549                
O              160                                                      
     1.951863651        -10.00349320        -5.591504540                
     7.410810443        -8.588983597        -3.039864235                
    -8966.363063         2637.817959        -6923.495574                
O              161                                                      
     2.252177790         2.388821946        -5.436129031                
    -2.698021658       -0.5500919774        -3.775403831                
     2586.426782        -9050.067981        -19901.87314                
O              162                                                      
    -8.215754287         7.457908792        -1.472689497                
     4.547466909         12.06549993        0.3636080620                
     11642.04208         4096.490709         18929.75515                
O              163                                                      
    -8.112093066         2.539244848        -1.077396609                
    -1.530953798         5.703063488        -11.92171460                
     1904.624630        -11116.30195         17351.66504                
O              164                                                      
     1.913800230         7.676262214        -5.807643039                
     7.791605591         3.910092885        -2.219177116                
     3782.328140         1683.775528        -16556.32779                
O              165                                                      
     6.315207655        -2.640525290        -5.161477301                
    0.9792342400        -6.208576893         4.983435515                
     3094.752677         31085.30054         15900.10992                
O              166                                                      
    -3.984320533        -7.838314188        -1.559512213                
   -0.8349335246         9.031297030        -10.15540685                
    -5548.193880        -3274.967431        -1972.439788                
O              167                                                      
    -3.833160236        -2.607172260        -1.425717852                
    -12.09974087       -0.4052329618        -14.13693630                
    -1885.033425        -236.4342634         3422.635544                
O              168                                                      
     6.243764011        -7.611141122        -5.261283561                
     1.315691637         7.313761517         4.264427698                
     6285.165052        -2473.131828        -22330.43383                
O              169                                                      
     6.374555260       -0.2731429628E-01    -5.459537430                
     2.883009152         7.555662251        -8.921730483                
     8085.752998         3106.881478         4052.419682                
O              170                                                      
    -4.057807015         9.704852638        -1.321418577                
     3.500306582         2.388407286         5.692400486                
     12393.01191         30964.23794        -23242.00907                
O              171                                                      
    -3.869199891       -0.7002774417E-01    -1.203476787                
    -6.411042403         11.66293083        -2.464792295                
    -14201.93626         31463.25495         20301.11944                
O              172                                                      
     6.200527301         9.944140691        -5.565222508                
    -6.011569688        -1.008236976        -4.227153475                
     2883.195416         1982.179231        -7333.257200                
O              173                                                      
     6.277783408         2.598446294        -5.596161440                
     5.099041902         4.392619476        0.7523036703                
     3546.497617        -8685.587694         4088.906672                
O              174                                                      
    -4.172566618         7.217930899        -1.156960255                
    -11.81971699        -3.542452402        -7.899925510                
     20038.20437         2734.564458        -27529.92357                
O              175                                                      
    -3.898202955         2.519025212        -1.246713121                
     5.210930558         3.673089754        -6.100984894                
     3804.902578        -4724.125359         2518.183282                
O              176                                                      
     6.012866775         7.490451105        -5.783315676                
     11.71091643        -8.705692269         4.626779510                
     4014.903289        -4349.571865         3269.072545                
O              177                                                      
    -9.773379260        -1.136187306        -2.612572756                
    -7.769112519        -3.537221696         3.658471709                
    -44987.48343         13195.28626         5469.648641                
O              178                                                      
    0.2682527479E-01    -9.049380777        -4.209086882                
     3.968557655        -1.432250916         4.576185786                
     2645.029242         2455.430945         6779.860447                
O              179                                                      
   -0.5595109338E-02    -1.167479919        -4.168522283                
    -2.822237473        -6.537429971         10.29049649                
     35006.44144        -5410.017426         696.7649368                
O              180                                                      
    -10.07627006        -8.877125142        -2.562543130                
    -3.753056802         17.61113150        -7.390335635                
    -32772.30811        -1849.682840        -5068.980073                
O              181                                                      
    -9.952410766         2.930948352        -2.728299928                
    -5.138735890         7.359517414         2.155749541                
    -25645.77929         2053.734038         3122.896611                
O              182                                                      
    0.6037818995E-01     6.905928925        -4.343829543                
     9.783930476         1.788326238        -6.528577101                
    -3638.919755         9202.066514        -1173.421297                
O              183                                                      
    0.1452203344         3.057624465        -4.296165774                
    -1.695876385         9.286491212         7.786394162                
    -11300.04101         4965.520153        -3016.552107                
O              184                                                      
    -10.15389186         6.887465918        -2.773621488                
     3.634183365         8.070350146        -4.094490341                
    -10661.36107         1234.962467        -6911.259853                
O              185                                                      
     1.710584359         5.042964835        -4.847721143                
    -9.086992599       -0.6388777592        -1.383192902                
     1227.709197         9443.423807         1638.929299                
O              186                                                      
    -8.584819764         4.846265170        -2.364440922                
    -7.318385396         7.416010367         3.697612378                
     8184.598650         25548.25803         10381.09418                
O              187                                                      
     6.188903164         5.065178098        -4.368241106                
    -3.563004112         1.463052563        -2.333289755                
     10575.22069         31997.05389        -18730.84268                
O              188                                                      
    -3.740077951         4.952543205        -2.320187048                
     3.725131874         12.13217509         8.077014481                
    -6425.475656         41949.83230        -6882.239417                
O              189                                                      
     5.871893937        -5.117081484        -6.158329148                
    -5.699078054         5.592452339        -2.772547353                
     4570.184819         2375.297123        -5048.062516                
O              190                                                      
    -4.175098503        -5.249340907       -0.5941704102                
     1.329444236         2.917536392        -16.17364160                
    -1443.119167         6758.089508        -675.7151963                
O              191                                                      
     2.305836938        -5.224907886        -6.443541880                
   -0.3415788681        -7.967345978        -3.430804674                
     10888.51345         14625.41915         150.9027401                
O              192                                                      
    -7.845310707        -5.055563725       -0.3006723536                
    -17.22666171       -0.8848630783         1.250387650                
     49.26665655         4993.697235        -3633.771614                
O              193                                                      
     7.653705120         1.039623728         3.614997240                
     5.262435888        -10.03983659        -3.597591300                
     24425.15871         12477.53864        -18552.80806                
O              194                                                      
    -2.715027144         8.985085578         3.435157593                
     7.330540266        -3.462247316        -5.403771680                
    -4237.564527        -9258.917463        -17505.57634                
O              195                                                      
    -2.427472291        0.8653470135         3.249967630                
   -0.5503783723E-01    -6.642372635         2.366402254                
     2270.416550         8927.924804         23478.36124                
O              196                                                      
     7.437073528         8.997617901         3.156193032                
     11.24225414        -2.246740529        -1.376902213                
     21934.26677        -7531.605665        -4818.027907                
O              197                                                      
     6.237890180         1.047137693         5.763475948                
    -6.784793549         6.923581528       -0.4965794637                
     4735.347724         15748.96918         34129.20346                
O              198                                                      
    -4.139350495         8.703936963         1.064409313                
    -1.444307919         1.702449828        0.6481370351                
     5452.598315         12038.86494         20662.45150                
O              199                                                      
    -3.953772735         1.093480809         1.093469323                
    -13.09578591        0.6834635566         6.904865073                
    -9628.651137         5584.884495        -3482.113104                
O              200                                                      
     6.197831598         9.020472609         5.529242652                
     3.239862156         3.806866590        -1.075316207                
    -15243.48237        -13298.49821         11108.37885                
O              201                                                      
     6.341962780        -1.135963830        0.4440382575                
    0.1277219838         7.171372074       -0.2705251392                
    -18552.89720        -7053.434932         4272.155404                
O              202                                                      
    -4.084830899        -8.923728768         6.594142415                
    0.9046099076         8.872427012        -3.138077193                
    -4029.217634         10711.29176        -13327.30251                
O              203                                                      
    -3.846831400        -1.276349604         6.361940580                
     2.855595629       -0.8061742099        -6.073426200                
     18692.36916        -1926.379900         3307.675659                
O              204                                                      
     6.021968529        -8.708052166        0.2450189416                
     8.324951482         4.425446041         1.310689424                
     7295.825659         7985.211787         13872.56948                
O              205                                                      
     2.193651219         1.108448212         5.837698057                
    -3.859455665         2.608353429         8.752374746                
     5596.941979        -3579.265649         5690.794168                
O              206                                                      
    -8.235038430         9.089120171        0.8139611078                
     3.314330279        -6.195401019        -4.098042134                
    -2353.396171        -16258.75871         4389.027202                
O              207                                                      
    -8.132436565         1.099723583         1.225444135                
    -5.175725321         10.55541609        -7.334245982                
     2521.975625        -1952.444817         9595.783890                
O              208                                                      
     1.899581175         9.148898380         5.552568635                
    -2.371400798         1.034816731         1.151895365                
    -8754.045593         3819.526441        -10818.63803                
O              209                                                      
     2.678383109        0.9929329320         3.234913805                
     5.596950278         9.403529966         1.126805000                
     23445.93267         16916.15679        -1258.660730                
O              210                                                      
    -7.699890694         8.969349343         3.459310200                
     8.356523689        -5.080719723         7.202393708                
    -7484.182472         3725.285119        -2628.289894                
O              211                                                      
    -7.534053193        0.7968529848         3.773798926                
    0.5336950182         11.53799059         6.478429180                
    -33395.01452        -212.8763909        -40800.12914                
O              212                                                      
     2.437690923         9.138393769         3.015431008                
     2.160002394       -0.1819153885        -1.678270408                
    -5634.070090        -10459.27728        -3263.325731                
O              213                                                      
     5.182491311        0.8713417679         3.382439220                
    -6.350769942         1.849000299         4.196024679                
     16070.71384         7869.521980         1151.603276                
O              214                                                      
    -5.238506478         9.169633895         3.436541427                
    0.6559609807        -1.749061703         5.872295684                
    -16680.85747        -3219.779196         2122.676134                
O              215                                                      
    -5.026923689         1.028563403         3.455797232                
    -13.83919080         1.628097607         3.665061783                
    -9566.467371         3194.990600         4565.939438                
O              216                                                      
     4.926730735         8.966007610         3.183531382                
     14.98274531         1.167162745       -0.8597556367                
     494.3593095         2890.524147         2270.180025                
O              217                                                      
     7.766950305        -3.190316880         3.579568513                
    -2.399865834        -4.259872959        -7.850422976                
    -4000.780777        -2187.361418         1274.189896                
O              218                                                      
    -2.695614029        -7.021028679         3.043977446                
    -4.364283972        -1.077394587        -6.126658105                
     4350.466344         13774.47576         18998.82835                
O              219                                                      
    -2.524947287        -3.119741884         3.421023448                
     8.768390906        -5.745038727        -6.420332743                
    -11201.91327         8968.046712        -10022.47658                
O              220                                                      
     7.564174219        -7.068115907         3.409731611                
   -0.8889286256        -11.50456985         2.308897150                
     21240.26423         3347.395320        -20604.67507                
O              221                                                      
     6.223945121        -3.138853530         5.895705588                
    -8.441587666         4.490346307         1.190852756                
     1375.199836        -5508.501733         5921.521748                
O              222                                                      
    -4.188188611        -7.199419281        0.8963915965                
    -5.835195578        0.3834911188        -2.310205291                
     76.34674202         4454.607727        -8587.695934                
O              223                                                      
    -3.805846890        -3.245149112         1.095946091                
    -6.172138729         3.910187732         13.13954456                
    -10992.97444         3720.199051         5806.272121                
O              224                                                      
     6.392862584        -7.104598775         5.748206847                
     19.71546492         7.688089429        -3.519015584                
     1007.022311         4798.651513        -11837.16604                
O              225                                                      
     6.182469191         3.098812186        0.4408246992                
    -8.327812543         8.326295998         1.732644077                
    -25567.29376         12886.53590        -12428.42798                
O              226                                                      
    -4.012230256         6.643453449         6.215314420                
    -10.29481011        -8.708271832        -4.431698138                
     5747.347583        -1364.195626         9442.108823                
O              227                                                      
    -4.175400512         3.289922396         6.383697664                
     1.026237896         7.069854292        -3.980302782                
     2832.440303        -3204.243976        -6090.828818                
O              228                                                      
     6.044978490         6.533166925        0.1622297540                
     2.125145454        -4.392157677         5.224039482                
     16007.55287         5775.231890         14811.09540                
O              229                                                      
     1.847594964        -3.160474989         5.725146525                
    -8.053022408       -0.3704033476        -13.68590494                
     22534.23003        -1215.620853         9204.851003                
O              230                                                      
    -7.997310852        -6.960601556         1.299884953                
     2.278178626         1.995331183        -2.942117928                
    -6694.203339         1400.715684         20375.86451                
O              231                                                      
    -8.076501409        -3.074666681         1.167988612                
     11.84587036         4.662625282        -2.576025275                
     4679.372488        -8530.153244         19719.50119                
O              232                                                      
     1.913456277        -7.100055124         5.513766869                
    -4.160728794         5.274716830         7.608486465                
    -19928.27945        -10824.98945        -27316.88654                
O              233                                                      
     2.545978515        -2.977687323         3.334412964                
   -0.2625007992        -7.642336103        0.3136619874                
     28609.34204        -13928.76777        -22254.20444                
O              234                                                      
    -7.584114041        -7.075410049         3.860502901                
     2.964146048         1.354305989        -4.429196904                
    -15176.22494         9012.003130        -11143.89773                
O              235                                                      
    -7.470760179        -3.153023945         3.645006874                
    -2.636865170         6.556793004        -5.792860718                
    -29918.84431         3457.278326         312.1055410                
O              236                                                      
     2.464975772        -6.839337739         3.170329276                
    -1.470101174         3.757117854         2.352836526                
    -20933.47723        -14105.52172         146.8486073                
O              237                                                      
     5.198048832        -3.077797310         3.620909320                
     4.603595560         3.989631835         4.768796814                
    -10542.49694        -6461.363560        -18785.16731                
O              238                                                      
    -5.202824104        -7.138307328         3.308884334                
     3.578627711        -1.543417881        -1.174208495                
     21010.76189         4583.801056        -2761.334679                
O              239                                                      
    -5.066378780        -3.016194399         3.393680000                
    -8.244895806        -2.983880833        -2.325291352                
     24345.70206        -3523.610062        -22014.46106                
O              240                                                      
     4.987714307        -7.105186728         3.396868707                
    -6.596767788         4.434630201         4.916291616                
     34895.38024        -2876.703558         18851.14066                
O              241                                                      
     6.530337071        -1.052439245         4.490098945                
    -7.358063488         6.048450015        -10.36318261                
     3106.733952        -7334.011107        -8496.029080                
O              242                                                      
    -3.788543101        -9.199057034         2.368654585                
   -0.5909699659       -0.3596895503        -3.114132229                
    -17305.27258        -5522.681021        -5669.320683                
O              243                                                      
    -3.819563421        -1.021588640         2.518679512                
    -1.721400935        -9.781351411        -1.378992523                
    -3694.565416         3007.716704        -7156.388443                
O              244                                                      
     6.285637591        -9.159230605         4.211744972                
     12.84629098        0.7055709457         2.643356707                
     505.6763783         4573.594957        -12869.56395                
O              245                                                      
     1.691297344       -0.9564592669         4.365309387                
    -5.458169101        0.2720693464       -0.6775986735                
    -12776.91312         11655.85179         8844.123137                
O              246                                                      
    -8.638005744        -9.064518882         2.521117965                
    -1.291772098        -5.028955300        0.2591884701                
     8091.811577        -23987.38953         1914.559529                
O              247                                                      
    -8.569917916        -1.082236730         2.451913765                
    0.1211717514        -1.040113182        -3.902076024                
    -9344.139575        -15422.09626         24721.14898                
O              248                                                      
     1.249480708        -9.024361153         4.021142188                
    -4.219726513       -0.4645920585         6.645167391                
     3546.572694        -10343.46364        -3398.092951                
O              249                                                      
     8.349477614         2.364941640         1.435526840                
     1.072708078         10.37043800        -3.880984596                
     4512.267090         8340.863308         3784.670157                
O              250                                                      
    -1.836053896         7.499601927         5.386199930                
     12.21922147         2.632296770        -3.715172374                
     11998.69210         2092.243168        -5968.145885                
O              251                                                      
    -1.911281473         2.312896895         5.371832926                
     6.353194151        0.2463751622        -1.903800034                
    -12881.36561         8806.764820        -16599.91325                
O              252                                                      
     8.306581078         7.489656575         1.240616606                
    -5.477962984       -0.4890921001       -0.6957218820                
     2631.183552         10123.66190         8677.869588                
O              253                                                      
     8.426297162       -0.1307445592         1.518057593                
     3.242530392        -4.851271059        -3.150771123                
     1930.533436         18919.14535         7150.516646                
O              254                                                      
    -2.036759452         10.07554122         5.513191207                
    -10.00832246       -0.6192135959       -0.4193706916                
     18118.63784         3995.490195        -703.8212866                
O              255                                                      
    -1.693153143       -0.1163495652         5.574564115                
     1.879715502         3.146212813        -2.993031859                
    -4714.598489        -11886.54305        -6413.016683                
O              256                                                      
     8.082895031        -10.07288605         1.172173999                
     2.610598653        -1.418987307       -0.4121768160E-01            
     5161.443232         8345.386691        -8356.177742                
O              257                                                      
     8.400355950        -2.572252263         1.322276661                
    -7.902020753       -0.5420747170         12.01505298                
    -8847.283309         12833.47262        -23750.61790                
O              258                                                      
    -2.111559957        -7.500127315         5.417180496                
   -0.7420822443         9.512551998        0.7972238318E-02            
    -10074.85373        -31240.57082         31285.01052                
O              259                                                      
    -1.792200022        -2.695190088         5.803277698                
     6.516835675         1.549117266        0.5529155638                
    -3130.316504         2652.051740        -11569.77140                
O              260                                                      
     8.260064371        -7.596186411         1.023495933                
    -2.497703104       -0.1275610340        -10.86273644                
    -4586.481498         4486.712090         3142.003025                
O              261                                                      
     4.060903774         2.457438506         1.379954048                
    -4.971548121        -4.343736767        0.1514032725                
     5287.378946        -21516.11616         22423.11813                
O              262                                                      
    -6.156986981         7.606650302         5.256601373                
    -6.758798735        -3.084042593        0.4121616752                
    -6433.771975        -5267.342384        -3408.058380                
O              263                                                      
    -6.234410929         2.476255381         5.320678685                
     2.677099323         1.883310741        -6.496524653                
     3626.418764         13269.58750         7783.738290                
O              264                                                      
     3.965587861         7.572725613         1.214106291                
    -4.249284379        -4.094152845       -0.2721871148E-01            
    -17910.10053         30913.37506         28030.45908                
O              265                                                      
     4.099425888       -0.8639912031E-01     1.294829747                
    -6.033379078        -3.884048697        -8.475908675                
     18249.30713         18352.76950        -1785.992899                
O              266                                                      
    -6.283686234         10.00795391         5.656120401                
     6.388254742        0.2491666428         4.804882463                
     1122.817610         20422.84689        -14322.40758                
O              267                                                      
    -6.018093505        0.2601087601E-01     5.602664702                
     1.886346165        0.2150796378         2.801907333                
     21554.50824        -33319.45975         11640.69514                
O              268                                                      
     3.980521892        -10.00928033         1.224690740                
     15.71904543         1.668140728        -8.810535164                
    -3961.032515         12575.24606        -11795.87415                
O              269                                                      
     4.273684697        -2.486108175         1.274236142                
   -0.9776261539        -5.070173776         5.208909603                
    -508.4257093        -18660.79896         20083.70476                
O              270                                                      
    -5.972406682        -7.530942485         5.696808573                
    0.3003652954        -5.582354161         2.223863546                
     1643.419517        -1683.265182         3020.037652                
O              271                                                      
    -5.878435171        -2.558739924         5.594515666                
    -1.363929529       -0.7525820825         11.86430591                
    -7536.323167        -4025.890163         10395.58128                
O              272                                                      
     3.931143439        -7.429280869         1.172693233                
     2.885773191        -7.388716287        -8.609960433                
     4305.413434        -7066.256203         584.8896962                
O              273                                                      
    0.1158446335         1.037164851         4.336173919                
   -0.1195447661         4.555474435         6.716896581                
     27170.03499        -2890.174632        -8197.174870                
O              274                                                      
     10.12311066         9.165198895         2.391433922                
    -4.416516262         1.160521594         2.501034179                
    -28454.82354        -23860.56491        -3676.740418                
O              275                                                      
    -10.07359608        0.9998426859         2.751348514                
     5.721830244         2.037868012         8.404737393                
    -12915.01089         6058.741768         3834.471265                
O              276                                                      
   -0.7410454113E-01     8.969471935         4.034377649                
    -5.550055736        -1.476506981       -0.1015732286E-02            
    -25158.82259        -2043.980640         11465.50968                
O              277                                                      
   -0.3457462847E-01    -3.037938084         4.188784578                
    -5.352800501         5.896565528         3.409115345                
     21232.86737         9483.262751        -15380.32123                
O              278                                                      
    -10.12306657        -7.139262068         2.651020392                
     6.595286959        -6.331329798        -4.152051967                
    -23095.82079         22919.58058         2948.159764                
O              279                                                      
    -10.00547548        -3.333000319         2.749081569                
    -4.218742550         5.420001579         8.436263170                
    -5173.046170         4188.795680         7405.250416                
O              280                                                      
   -0.2427219371        -6.973427225         3.834835955                
    -14.56458896        -2.791538990         5.562734937                
     47416.36162        -12338.25896         5641.526129                
O              281                                                      
     8.580412297        -5.141263928         2.089168537                
     11.75361182         2.837656811         7.289488592                
     7632.910753        -3894.371219         5336.585020                
O              282                                                      
    -1.569664389        -5.076947654         4.471122825                
    0.9699776707         7.066354202        0.1480465756                
    -9058.948626        -27582.95027         7199.069659                
O              283                                                      
     3.854652254        -4.928536771         2.410455889                
    -1.945324851        -3.151013967         3.127726220                
     12067.28340        -31097.20589        -1919.795116                
O              284                                                      
    -6.154095049        -5.068381865         4.555426945                
     1.630400577        -7.274221274         8.955474101                
     4010.624740         20274.52027         4060.947689                
O              285                                                      
     4.194867991         4.925444838        0.4180884288                
     2.206873444         3.274018590        -3.941044236                
     12916.65379         30210.68362         832.0131594                
O              286                                                      
    -5.886165212         5.029844622         6.115254429                
     10.96195398        -13.36849246        -2.248961559                
    -848.6045759        -1178.961613         1656.038734                
O              287                                                      
     7.869130879         4.903320049        0.4984533982                
    -7.872492536        -1.502486095        -1.309402325                
     6735.199003        -11934.20326        -53.36957515                
O              288                                                      
    -2.324679134         4.906919601         6.227147482                
   -0.4768327809        -4.830218020         2.099287987                
     4049.386997        -25786.90958        -13677.93910                
C              289                                                      
   -0.7183514865         5.940686289         1.380745362                
   -0.5736098834E-02    -3.851956752         2.876856493                
     41.79484168         79.86749560         31.07757498                
C              290                                                      
   -0.1704385397E-01     6.690350837        0.4288606898                
    -2.240985948       -0.2660294667         4.054146986                
     81.76880315         138.4275533        -3.237732224                
C              291                                                      
    0.1639188835         6.186014335       -0.8645445746                
   -0.6751707175         2.273281705         3.283071492                
     24.66284040         123.0954961         215.8443838                
C              292                                                      
   -0.3564260114         4.932013285        -1.206065168                
     3.125894363         1.226665595         1.334705504                
     140.6514400         118.9566639         295.4041972                
C              293                                                      
    -1.057733645         4.182348737       -0.2541804943                
     5.361144214        -2.359261696        0.1574150099                
     145.1064515         83.14546591         136.4418006                
C              294                                                      
    -1.238696382         4.686685239         1.039224770                
     3.795328983        -4.898572866        0.9284905039                
     9.224326592         53.81826634         51.36014916                
H              295                                                      
   -0.8579513128         6.329745877         2.378515138                
    -1.213650706        -5.810853944         3.471686160                
     6.570466805        -110.5026101        -102.8550388                
H              296                                                      
    0.3843751418         7.657739602        0.6923143985                
    -5.173285944        0.5413983164         5.557197959                
    -180.7119073        -115.5375331         29.90145685                
H              297                                                      
    0.7049377061         6.764343514        -1.598860643                
    -2.399556108         5.039606683         4.191292799                
    -301.3612203        -249.8677030         197.6774903                
H              298                                                      
   -0.2168261853         4.542953698        -2.203834944                
     4.333808970         3.185562785        0.7398758368                
    -171.2666455         345.1527568         501.4576609                
H              299                                                      
    -1.459152640         3.214959972       -0.5176342041                
     8.293444208        -3.166689475        -1.345635962                
     590.6329762         77.02593623         336.8960453                
H              300                                                      
    -1.779715204         4.108356061         1.773540837                
     5.519714373        -7.664897841        0.2026919745E-01            
     30.85585199        -55.43336046        -111.6175204                
