Diffusion in Zeolites. ZSM5 (Silicate) Crystal Structure, Si(96)O(192) +
         2         2       300    133340   1.0000000E-03   1.3334000E+02
       20.3183600000        0.0000000000        0.0000000000            
        0.0000000000       20.1714600000        0.0000000000            
        0.0000000000        0.0000000000       13.5858629500            
Si               1                                                      
     1.686578008        -1.431964180        -4.353504915                
    -2.066157446        -1.629000062         3.301204375                
     322.3568129         7602.733277        -4290.128878                
Si               2                                                      
    -8.449950516        -8.718990829        -2.497268753                
     1.813064862       -0.7069299497         4.360737984                
    -2447.649899        -5655.540110         18712.71717                
Si               3                                                      
    -8.600696131        -1.116970113        -1.946268032                
     3.769866031         2.110268142        -4.630373794                
    -3742.869565         3571.247241        -962.9700320                
Si               4                                                      
     1.641958908        -8.946974969        -4.671933742                
     3.791422159       -0.9696493671        -3.439793263                
    -17679.74774        -11470.27882        -22595.48095                
Si               5                                                      
     4.035723321       -0.7271427822        -2.491384494                
    -8.202218781        -1.436945290        -2.657931374                
    -8697.985894         10953.85043        -10864.43859                
Si               6                                                      
    -6.146668008        -9.433688407        -4.384321253                
     2.971356191       -0.8662360332        -2.608749846                
     2788.992478        -5337.768619        -10132.80517                
Si               7                                                      
    -6.302204215       -0.5591195310        -3.965075380                
     2.633791625        -1.512663556       -0.4347090115                
    -248.1398956         5697.184273        -11857.90853                
Si               8                                                      
     4.039613604        -9.618947902        -2.899742203                
    -3.715536468        -1.680916103         2.235435232                
     26855.22930        -18549.77346        -3071.283532                
Si               9                                                      
     5.720483314         1.026503341        -6.371698866                
    -3.328751583        -1.779163502        -2.016685571                
    -6429.137581         721.1693489         10309.53504                
Si              10                                                      
    -4.325641716         8.930442923       -0.5659200337                
    0.6429216212        -1.796326723        -1.795787463                
    -35205.93658         15096.86603         11274.42179                
Si              11                                                      
    -4.440095799         1.385694185       -0.2256633415                
    -3.383842568        0.1284924348E-01   -0.1957065697E-02            
     17765.49679        -22291.21720         2602.788462                
Si              12                                                      
     5.668645873         8.726347858        -6.651986242                
    0.3381990382         6.133400293         6.293757443                
     9312.014613         1788.394302         14827.62807                
Si              13                                                      
     2.526028716        0.9668221666        -6.284140941                
    -1.548917724       -0.5940348951E-01     2.415593449                
    -6874.325639         27280.71958        -11086.55624                
Si              14                                                      
    -7.555399135         8.967170727       -0.6144128706                
    -1.985781999        -2.885538223        0.5749913664                
     4949.332066         6562.204339        -8554.036114                
Si              15                                                      
    -7.591225499         1.281338299       -0.1489416607                
   -0.6401869609         1.226914519        0.9020947153                
    -9319.346949         13808.27637         11794.18298                
Si              16                                                      
     2.475253459         8.788372736        -6.618232394                
    -10.89285749         2.430779443        0.6312524282                
     5125.574794        -11521.57034         6619.083380                
Si              17                                                      
     8.693214968       -0.6275667111        -2.436472336                
    -3.854010602         2.118223407        -1.784093264                
     13331.73023         19791.32090         22205.95912                
Si              18                                                      
    -1.382909561        -9.515125813        -4.381829410                
    0.3301259656         1.402351629        -2.564425484                
    -30206.85555         3844.404927        -12328.35657                
Si              19                                                      
    -1.294333971       -0.7436672032        -4.115295178                
    0.2260203662       -0.4663894664E-01    -1.985425166                
    -16801.08139         16953.17424         30068.08271                
Si              20                                                      
     8.850748247        -9.542320937        -2.704358702                
     1.411862220        -4.407779620        -8.369654717                
     9427.611535         26270.37871        -21689.75981                
Si              21                                                      
     6.453780991        -1.417227170        -4.397420058                
    -2.828959857         3.491462159         3.386356824                
    -2061.368666         8747.537059        -532.3650226                
Si              22                                                      
    -3.763083526        -8.764074505        -2.456894487                
   -0.8369160704        -2.444663188         3.832630004                
    -3045.586412        -6591.217026         10280.21323                
Si              23                                                      
    -3.786900687        -1.083485547        -2.126649927                
    0.5274118760       -0.5776272360         2.785042182                
     30288.30947         8920.196886         2920.558751                
Si              24                                                      
     6.527035748        -9.048412456        -4.723246521                
     4.297569061        -3.302178804        -1.421677898                
     18740.93995        -6698.461618        -16887.65092                
Si              25                                                      
     1.556692939         3.404466320        -4.476978186                
    -8.237987835        0.8064481575        -1.161778812                
     26135.18232        -10004.76974        -14379.88705                
Si              26                                                      
    -8.546002010         6.605524686        -2.458406522                
    -2.426349234         5.164677493         5.875270184                
    -744.8708088         1323.276777        -664.9291521                
Si              27                                                      
    -8.601089327         3.461206690        -2.180624008                
     5.156640129        -5.986965256         3.506084813                
     24333.49606         27028.18551         3941.429774                
Si              28                                                      
     1.475530768         6.559583247        -4.685981261                
     3.081195859        0.5982417864         1.492623903                
     655.2254719         1222.345665        -11552.82133                
Si              29                                                      
     3.925083757         2.469594661        -2.601008949                
     3.705606107        0.8993754432       -0.5061367054                
     18842.26236         588.1351314         2561.332448                
Si              30                                                      
    -6.218817916         7.562404339        -4.300661434                
    -2.672172451         1.286696567        0.1058560233                
     1830.922044         2994.194912        -21836.25764                
Si              31                                                      
    -6.241536855         2.602546126        -4.013701864                
    -1.922639546        -4.891085858       -0.7377314327                
     2359.271558        -12828.69081         4877.932299                
Si              32                                                      
     3.914872776         7.379254516        -2.868451517                
    -1.023235898         1.064130132        0.9882575544                
    -8300.212449        -2182.779450        -18066.80892                
Si              33                                                      
     5.792445464        -3.681840897        -6.346114529                
     6.242148511         3.067277648        0.4036416746                
    -18590.04066        -1669.528246        -8606.820586                
Si              34                                                      
    -4.445149614        -6.460751304       -0.4482710379                
    0.1486617384        -1.850193791        0.8757759232                
     5976.710217        -22457.64051        -15159.43384                
Si              35                                                      
    -4.469885916        -3.372077615       -0.1579536094                
    -1.240297907        -1.230240523        -5.575978456                
     13934.27411         2297.825615         10402.73337                
Si              36                                                      
     5.807728726        -6.779143729        -6.679526815                
   -0.9895563276         1.648107764        -3.076912453                
     3833.094415         3838.795184        -17756.50542                
Si              37                                                      
     2.577438161        -3.594298279        -6.346901681                
    -4.865301189       -0.8419944625        -2.301824899                
     9250.924000        -25401.11793        -4263.951935                
Si              38                                                      
    -7.642657801        -6.528804782       -0.3751138735                
     1.830627528       -0.1324089276         2.034860227                
    -242.7921203        -22356.89426        -25147.97614                
Si              39                                                      
    -7.628691765        -3.409342254       -0.8451418579E-01            
     2.748891052        -3.330570423        0.9741278693                
    -8731.087786         7927.648314         44135.66237                
Si              40                                                      
     2.639618351        -6.695661800        -6.622785419                
    -1.211577192         4.723006588         1.032369617                
    -1469.302127        -15979.61741        -7903.742985                
Si              41                                                      
     8.746836376         2.566613778        -2.477416890                
    -1.719798538        -2.817710912        0.1612832966                
    -1407.546967        -2474.747680         1146.024540                
Si              42                                                      
    -1.549460094         7.468152370        -4.532246018                
     5.655426474       -0.2081918604       -0.5332381164                
     20140.58113         21378.80520         6527.658648                
Si              43                                                      
    -1.370293908         2.490687703        -4.134181218                
    -3.235853243        -1.897860347         1.655826950                
    -2284.966996        -11287.91373        -2200.954484                
Si              44                                                      
     8.717628831         7.502802065        -2.844299758                
    -5.904753740         1.148898537        -1.506570907                
     35502.04101        -21917.94498        -3779.926863                
Si              45                                                      
     6.397192112         3.361051024        -4.444700322                
    -1.533629517        -3.524767294        0.7456532283                
     2120.580948         5306.784379        -3815.780199                
Si              46                                                      
    -3.788179674         6.628913899        -2.542079035                
    -1.994345924         6.125344154        0.5572724305                
     4484.948935         12459.29521         19344.85838                
Si              47                                                      
    -3.700359444         3.506656367        -2.301030718                
    -2.828897214         2.453242963        -2.190111348                
    -4288.807943         1177.487644         4201.340466                
Si              48                                                      
     6.360378157         6.475496604        -4.700668884                
     2.561185206        -1.868448122       -0.9556591681                
     5358.448322        -2385.433728         4391.772940                
Si              49                                                      
     8.595292028         1.391217342         2.282442629                
    -7.255280600         2.199894530        -4.054997622                
    -4560.706012         20245.04865         7065.060589                
Si              50                                                      
    -1.637136483         8.762430083         4.297256883                
   -0.4574433981         2.767380290        0.2093546743                
     10209.30481         4321.593489        -8923.103028                
Si              51                                                      
    -1.535421252        0.9774343723         4.842177284                
   -0.2371597341       -0.5078913784         2.825554404                
     19589.71826         13473.40886        -22733.21565                
Si              52                                                      
     8.558186780         8.959137386         2.015118958                
     2.300433979       -0.8161624197        -4.055964971                
     13040.51824         6405.758059         9645.029292                
Si              53                                                      
     6.251057156        0.5168704447         4.166096145                
    -1.665969347        -7.897456917         2.979047895                
    -11155.05105        -15016.61823         4718.995640                
Si              54                                                      
    -3.962623870         9.597129426         2.468371524                
     3.412001654         2.326126139        -1.647922379                
    -35723.35174        -924.1144900        -9483.198634                
Si              55                                                      
    -3.891045469        0.5323272432         2.742856559                
     3.684752236       -0.2959873528        0.4500162227                
    -817.5500852        -261.5103189         19626.33295                
Si              56                                                      
     6.256969189         9.399435693         3.943776157                
     1.378473214        0.5968643334E-01     3.116401079                
     10274.22522         1291.123766         9385.871432                
Si              57                                                      
     4.501873653        -1.255890650        0.5138419428                
    -1.759635460         2.586582874         3.887913456                
    -3233.396986         5718.812823         11906.23195                
Si              58                                                      
    -5.563794264        -8.925466150         6.109202784                
   -0.3864576152E-01     2.776849131        -1.951827357                
    -1251.135840        -37269.42904         26336.07876                
Si              59                                                      
    -5.594758787        -1.347044576         6.642460357                
     3.951173731         3.213042972         4.518979056                
     73.55416824         5978.770193         27369.08567                
Si              60                                                      
     4.569784041        -8.831325167        0.7703604971E-01            
     2.404420149         2.150657405        0.2549784791                
    -2974.379138        -11102.46204        -15924.86930                
Si              61                                                      
     7.683518074        -1.068638134        0.5326209331                
    -4.106282442         4.052910767        0.1922494667                
    -7607.216597        -16325.25594         57.10500675                
Si              62                                                      
    -2.392613591        -9.028782074         6.203778505                
   -0.7852519363         1.810179417        -3.401637650                
     11834.30447         2425.440779         10322.64614                
Si              63                                                      
    -2.426857682        -1.452518480         6.635806900                
    -2.575386143        -5.660908058        0.3932064992                
     8944.293060         4796.443572         8313.557100                
Si              64                                                      
     7.710511283        -8.742793867        0.1731139829                
    -2.176389760         1.672615871        0.4676299013                
     12650.74898         3930.409448        -12699.64729                
Si              65                                                      
     1.510113623        0.4420131739         4.325683235                
   -0.7333677890        -1.759937731        -4.299037620                
    -1825.638861         8933.220493         2096.898865                
Si              66                                                      
    -8.694920865         9.455431465         2.302333778                
    0.7837593603       -0.2167417320        -1.245327248                
     29928.85960         888.1917393         10589.14290                
Si              67                                                      
    -8.784944458        0.8043999471         2.826277573                
    0.9261638853         2.681223591        -7.734949402                
     12461.96803         2902.682023        -25098.45306                
Si              68                                                      
     1.437285039         9.403462325         4.063265002                
     2.960588256        0.6121604241         2.132405750                
    -17787.99915         2984.935423         5953.950578                
Si              69                                                      
     3.788866929         1.277412275         2.369690023                
     2.098913195        -3.585486047       -0.5864973934                
    -25004.36943        -10316.51635        -13928.03172                
Si              70                                                      
    -6.441230738         8.800972321         4.354951887                
     2.489199259       -0.3149456391         7.793547429                
     18759.67748        -18918.56548        -1825.887316                
Si              71                                                      
    -6.356019002         1.036133082         4.727118116                
   -0.8039559893       -0.7140103572       -0.8111115965                
    -4677.528878         21457.22526        -9386.046739                
Si              72                                                      
     3.748706905         9.017826035         2.014052918                
     1.922572878         4.279194280        -2.649601298                
     14900.85699        -35310.68323         26304.87389                
Si              73                                                      
     8.678379478        -3.350418552         2.452404846                
    0.3747153227         1.371692770         2.209180435                
    -557.0953242        -6581.378655        -1340.328577                
Si              74                                                      
    -1.429969858        -6.676837614         4.384329944                
     2.054717639        -1.481177190         3.991526545                
    -4361.843862        -4271.788461         14037.20680                
Si              75                                                      
    -1.436827592        -3.593358593         4.614361601                
     6.705574631         4.548721926        -2.216655277                
    -12178.84678        -9207.775990         8348.499941                
Si              76                                                      
     8.686251815        -6.495182455         2.119501970                
    -2.834828009         2.337045550        -1.684719228                
    -35416.96400         691.8574091        -7501.249980                
Si              77                                                      
     6.271800628        -2.695646712         4.342255179                
    -5.592786466        -3.757593659       -0.2291301271                
     14467.77457         12944.02570        -26992.43839                
Si              78                                                      
    -3.922500462        -7.385379591         2.513318870                
    -5.726241602         1.389845661        -1.210170958                
     17903.49514        -13643.08254        -3441.845765                
Si              79                                                      
    -3.797721972        -2.591458905         2.809437936                
   -0.2467253147        0.9057497872        -1.785678620                
     4899.163407        -200.5510365        -9930.182378                
Si              80                                                      
     6.311530588        -7.596570505         3.868422024                
    -1.526666894        0.6953026030       -0.6803011897E-01            
     21381.12927        -2846.455824         23978.78270                
Si              81                                                      
     4.570566937         3.475989803        0.2998633170                
   -0.5296556983        0.7284250009         5.201393019                
    -19642.66349         16775.60674         13379.96421                
Si              82                                                      
    -5.606285987         6.536259435         6.336312691                
    -1.461877008        -1.803971159       -0.4132283198                
    -6629.354905        -2101.795532        -3395.330794                
Si              83                                                      
    -5.636704668         3.428549632         6.638850555                
    -3.979067143        -1.547896320        -1.109316152                
     15669.70966         11842.16626        -10724.77220                
Si              84                                                      
     4.477192245         6.631617259        0.1524831026                
   -0.8815646591         3.967415931       -0.5389322911                
    -4232.833214         4073.433871        -12765.09574                
Si              85                                                      
     7.696790323         3.649162158        0.3092448332                
    -1.628438798        -1.878803615        -5.581194664                
     6397.780843        -2248.528863         27176.57409                
Si              86                                                      
    -2.461136452         6.483469054         6.199665805                
    -1.516875211        -3.868957713       -0.3976846392                
    -17607.71992        -774.8732152         27536.43297                
Si              87                                                      
    -2.420326531         3.398825064         6.608796923                
     2.695578801        0.3457978266       -0.1561892110                
    -11590.67845         7003.769134         13984.09369                
Si              88                                                      
     7.621096682         6.747981422        0.2563292794E-01            
    0.2275172417E-01     1.520689698        0.5456173579                
     7363.360350        -6750.145239         20879.72185                
Si              89                                                      
     1.560410654        -2.734335211         4.401989030                
    0.1000363142E-02     3.709533889       -0.6191102033                
    -3708.738371        -7677.476038        -12314.72919                
Si              90                                                      
    -8.742426212        -7.556924634         2.442167919                
     2.950258589        -1.732235255       -0.6344103405E-01            
     7403.319808        -8482.165240        -4178.634657                
Si              91                                                      
    -8.689000741        -2.319561095         2.819345769                
     5.748499238        -3.944904009        -5.191856750                
    -3850.634291        -31855.22993        -16323.62027                
Si              92                                                      
     1.554926700        -7.615033481         4.103065943                
     1.093838559        -2.968441613        -2.710825822                
    -7912.367369         14762.77355         16593.33361                
Si              93                                                      
     3.926273136        -3.643231799         2.498850829                
     7.084141477         3.781916416        0.9660555114                
    -16266.38570         15632.88528        -16962.57155                
Si              94                                                      
    -6.393425506        -6.599808748         4.272470204                
   -0.9916042659        -1.643383041        -1.545531345                
     1396.988259         4683.810708         4717.627629                
Si              95                                                      
    -6.287938145        -3.490606796         4.609964229                
     1.275749166         1.290714986        0.6185877406                
     12822.68767         9235.467339        -22088.09711                
Si              96                                                      
     3.812681668        -6.695088795         2.137255828                
    -5.071591376        -6.513225825         1.114279550                
     8100.326396         13787.33578        -7320.565736                
O               97                                                      
     2.735177075        -1.312829117        -3.201748523                
    -3.564362445         1.854064949        -6.470070434                
     6261.331711         11654.39354        -3505.966331                
O               98                                                      
    -7.456626492        -8.957415488        -3.646529380                
     4.751654730        -3.679129798         2.750610924                
     6479.067519         6522.924326        -18535.98598                
O               99                                                      
    -7.548254882        -1.013288823        -3.133476515                
    -1.597047338        -3.039356286         4.034010746                
    -6209.522475        -1140.962267         9949.234578                
O              100                                                      
     2.762000529        -9.164101977        -3.616881148                
    0.1435742053        0.3171475715        -2.078019427                
    -13064.09237         5650.088905        -807.8096119                
O              101                                                      
     4.134455117        -1.146482813        -1.027574135                
     8.933590669        -6.105378676        -4.966432137                
     5176.803283        -3725.300852         22672.81693                
O              102                                                      
    -5.950112366        -9.031695433        -5.923076342                
     2.729807903         4.080056651        0.5911260164                
     313.3660646         7068.353162         3737.520974                
O              103                                                      
    -6.124410585        -1.054124043        -5.435269173                
    -1.411762190        -2.907658354        0.6852722433E-01            
     3087.882038        -10695.04874        -23506.20146                
O              104                                                      
     4.201256388        -9.053286383        -1.472843978                
    -6.317381752         1.160863624       -0.5276594548                
    -1353.447725         2299.526370         29179.60720                
O              105                                                      
     4.119897629         1.042332007        -6.266075446                
     1.440293890         5.306934756        -2.228777379                
     2281.621096        -8469.871031        -8736.225510                
O              106                                                      
    -5.970434078         8.906978371       -0.6546247878                
    -1.387016205        0.3633747947         3.260128971                
     7355.309690        -5601.950927         3657.809104                
O              107                                                      
    -5.998667930         1.208665298       -0.2565265709                
     1.566633126       -0.9812905639        0.7024089355                
    -15359.87779         6496.527689         4344.649363                
O              108                                                      
     4.087365334         8.742443328        -6.609570302                
   -0.8255182916        -1.274847181         1.018432368                
    -10924.23136         9294.326122        -155.3400439                
O              109                                                      
     8.138675861       -0.9130084824       -0.9613430408                
    -2.839556796        0.2837294846       -0.5337683824                
     3120.682505        -7289.746214        -7059.373462                
O              110                                                      
    -1.931191765        -9.064995520        -5.840104510                
    0.9886392070         2.227828045         3.543351340                
     6484.987980        -8655.725314        -8547.101578                
O              111                                                      
    -1.795160589        -1.308649792        -5.474973218                
    0.5659930932E-01     3.008652172       -0.4833699642                
    -7830.099981        -2388.694012        -16385.20088                
O              112                                                      
     8.294126168        -9.044828274        -1.316546429                
     3.892702029         1.695646947       -0.7091526596E-02            
    -5610.569370        -8772.340080         19670.97815                
O              113                                                      
     7.761860856        -1.163404007        -3.512007652                
    -5.414332463         1.405124466        -1.473050776                
    -20315.73663        -11393.42041        -21058.49156                
O              114                                                      
    -2.487711689        -9.005814523        -3.369509190                
    -2.607565061         3.160019331       -0.2752393538                
     5565.914298         1147.527680         13180.54006                
O              115                                                      
    -2.398638761        -1.022705565        -2.946652027                
     3.955248503         8.885852663         2.044540195                
    -2997.045084        -433.0333676        -14956.97861                
O              116                                                      
     7.810310351        -9.099862503        -3.847590210                
    -3.155721777        -3.353529498        -4.619948625                
     10254.28067        -5093.666051         12248.67517                
O              117                                                      
     5.253362910        -1.183248585        -3.390340332                
     4.052070982         6.131976777         1.969140032                
     3200.046158        -237.8482765         1496.594138                
O              118                                                      
    -4.966455596        -8.968083337        -3.438491468                
     2.190956618        -4.376443410        -1.217232801                
    -2184.436592         4673.912369        -9366.882521                
O              119                                                      
    -5.012501739       -0.9527356080        -3.145445349                
     5.565815762        -3.156561808         1.851711796                
     6899.572039        -2810.976293         12073.65498                
O              120                                                      
     5.334097149        -9.276718617        -3.767657356                
     8.782010004        0.8828075573         1.412720255                
    -19170.73538         8100.946792         8831.723460                
O              121                                                      
     2.700009073         2.935211245        -3.385600462                
    -9.185738383        -5.816571608         8.074470194                
    -33523.37345         18952.95738        -15150.25299                
O              122                                                      
    -7.523193824         6.986466422        -3.636542420                
   -0.3033617433        -14.35437941       -0.6522062132                
     538.6549091        -1812.273543         7711.444704                
O              123                                                      
    -7.532435572         3.077157535        -3.315159455                
     2.278879539         3.490456105         3.736483590                
    -13915.23660         5850.534770         16041.24235                
O              124                                                      
     2.570524477         6.988592207        -3.645265549                
   -0.7335020396         6.507145286        0.9547437513                
     2170.812163        -1429.355681         17529.36234                
O              125                                                      
     4.077040116         3.005647584        -1.123017533                
    -3.342908820        -1.969287163         1.653970325                
     2031.326517         5871.517302         5142.673576                
O              126                                                      
    -5.958427241         7.091502761        -5.830772972                
     2.011409091       -0.4316894745         2.015892341                
    -9320.576022        -1814.229764         23467.57755                
O              127                                                      
    -6.102865652         3.137687741        -5.460263990                
     1.388662352        -1.522676060         6.319454067                
     10729.60068         2780.306313        -14436.21104                
O              128                                                      
     3.980370389         6.907914414        -1.380666031                
     2.046747696         11.01628454       -0.1514755217                
     9447.305087        -8019.715634         17038.51941                
O              129                                                      
     4.170748595        -3.528975507        -6.338928241                
     3.823579930         2.995141232         1.479364648                
     10779.56117         4833.181278         3323.087356                
O              130                                                      
    -6.035882221        -6.632973118       -0.5069118647                
   -0.9658485470E-02     1.641000041        -5.286609956                
    -6485.395561         14042.18837         13967.34946                
O              131                                                      
    -6.048705278        -3.177324489       -0.8528118582E-01            
    0.7820150104        -3.125076037         1.990332660                
    -3388.117877        -19058.15195        -11207.35406                
O              132                                                      
     4.222951902        -6.944586609        -6.647134671                
   -0.6520999398       -0.2200726152        -5.518132425                
    -1128.410457         7099.357170         5003.831444                
O              133                                                      
     8.174388282         3.093600521        -1.040823068                
   -0.6723683114         2.984381482         2.337843268                
     7385.650835        -8670.012937        -33953.57992                
O              134                                                      
    -2.007129706         6.956096676        -5.898422934                
     1.930432071         3.869683147        0.2848037260                
    -5198.195688        -5068.139321        -32243.76609                
O              135                                                      
    -1.898084513         3.103044607        -5.474758618                
    -7.686001521        0.8512353442         4.125720368                
    -8379.496556        -1557.535598        -22183.00024                
O              136                                                      
     8.083917984         7.036583997        -1.433424185                
    -2.956013539        0.3880039144        -4.279813086                
     4564.729587         9633.884393        -11646.22522                
O              137                                                      
     7.802631306         3.059169190        -3.667889147                
   -0.3797401541         2.599372613        0.2856684672                
    -17639.42403        -1476.347149         9590.103010                
O              138                                                      
    -2.544375407         6.971573775        -3.452238250                
     2.953007183        -2.390433965        -2.542315468                
    -5647.053090        -5749.022418         9376.022587                
O              139                                                      
    -2.370952088         3.057907284        -3.057200860                
    0.5682878700         5.025310699         1.557001352                
    -7908.987519        -1450.072233         8713.161409                
O              140                                                      
     7.732058166         6.932540504        -3.919320580                
   -0.8010501272         4.229939666        -1.208279297                
    -18598.74253        -4380.220206        -2343.050354                
O              141                                                      
     5.176353472         3.004927537        -3.454112514                
     3.518810289       -0.9730147185        -2.285112306                
     12698.85301        -596.6563875         539.1118033                
O              142                                                      
    -5.050131652         7.017177103        -3.369498424                
    -1.810820654        -2.553849199        -3.785958789                
    -4539.886350         2226.912931        -6692.638948                
O              143                                                      
    -4.926706871         2.924973636        -3.146339254                
    -3.358533899       -0.4864382275        -2.481632681                
    -3145.456318         9765.528075        -7218.690752                
O              144                                                      
     5.085008282         6.827215287        -3.800942658                
    -3.217199673        -3.657452785         2.079214781                
     9544.664991        -193.8613399         13313.46111                
O              145                                                      
     4.001666035        0.9101325742        -2.480681890                
    -3.062817879         5.112351289       -0.5426435124                
    -1268.552664        -25237.43284        -7109.005121                
O              146                                                      
    -6.151157234         9.149926510        -4.340598227                
     1.491719004        0.6310047203        -1.654791859                
    -3533.127208        -5412.031447         2063.943491                
O              147                                                      
    -6.370087018         1.022254595        -4.072177387                
    -2.241891559        -6.164071384       -0.8514946379                
     6280.645399        -3168.960524         4706.728198                
O              148                                                      
     4.053133771         8.947306278        -2.841331525                
     4.891869867        -3.657241315         2.541991235                
    -6245.956069         11140.16441         3568.585115                
O              149                                                      
     8.745255269        0.9536648692        -2.499530650                
     5.118151125       -0.4940887985        -6.182707968                
    -6347.038421         22294.54224        -4480.596788                
O              150                                                      
    -1.446925515         9.080169808        -4.445150845                
    -6.244547572        -6.490701632        -7.451971796                
    -2745.123082        -8747.013697         3418.534188                
O              151                                                      
    -1.320932864        0.8741307512        -4.229579743                
     1.225587070         1.127413489         5.930330937                
    -2491.444662         3384.409871         7643.287270                
O              152                                                      
     8.869938120         9.064245882        -2.866739624                
    -1.917306107        0.3486440519         3.699361332                
    -8279.565308        -671.8198849         10608.61897                
O              153                                                      
     2.008486544        -2.704948572        -5.238526026                
    -2.185340803       -0.9507072308         5.155328814                
    -9139.672659         11707.31103         16582.58641                
O              154                                                      
    -8.134684117        -7.417260218        -1.649147929                
     5.775979966        -2.405351666        0.8191296202                
    -4211.496393         11931.85020         14948.16805                
O              155                                                      
    -8.207947514        -2.398463044        -1.077176695                
     1.618704285        -2.984975794         1.877357795                
    -13431.87107         11302.20618        -21760.84576                
O              156                                                      
     2.013003612        -7.703640265        -5.566811824                
    -5.431313265        -3.121497482         2.153100004                
    -2534.365638         4035.049584         6418.623496                
O              157                                                      
     2.055520589       -0.2123408348        -5.404520303                
    -6.060971777         3.267089477        0.1325274690E-01            
    -4818.995521        -25562.85229         22444.24284                
O              158                                                      
    -8.034148608        -9.937135181        -1.506170915                
     3.032890456       -0.7080871511         7.702481516                
    -5417.143672        -3666.873724         8122.957978                
O              159                                                      
    -8.308541582        0.1232254507       -0.9648884511                
     5.213759881         4.113647457         7.246101634                
     9889.078993        -4348.141595        -8987.566684                
O              160                                                      
     1.930177373         9.985448641        -5.727312931                
    -3.878596069       -0.2159859691        0.6625236195                
    -710.2529422         9701.293669         13107.20948                
O              161                                                      
     1.956328644         2.305688851        -5.601825830                
     1.702420310         3.061363375        -1.351894814                
    -101.4199270         6243.741423         5779.081672                
O              162                                                      
    -8.136980328         7.684859507        -1.356084006                
     2.488361863         1.367454817        -4.747992224                
     3907.855112        -2812.387829        -20.22345004                
O              163                                                      
    -8.015497143         2.630644154       -0.9542085799                
    -1.601698930       -0.5322496278         4.818755373                
    -7410.627433        -17941.65359         1431.388652                
O              164                                                      
     1.953821067         7.463264939        -5.880227256                
    -8.551474852         1.880803967        -8.810510838                
    -1108.951048         11416.64844        -11852.92595                
O              165                                                      
     6.331861309        -2.787845869        -5.174588364                
    0.6966537430         2.927083644         1.345245055                
     2846.515126         6644.900856        -4010.004323                
O              166                                                      
    -3.893854088        -7.447915709        -1.589572661                
    -3.544097010         4.773432966        -2.662066051                
     2417.155625         7740.118374         5929.018186                
O              167                                                      
    -3.866960602        -2.347702788        -1.179780992                
    -2.052405961        -2.977897832         4.019838861                
    -13438.48449        -2012.110217        -8313.705967                
O              168                                                      
     6.406027339        -7.716670318        -5.596369905                
    0.6494088698        -3.472512366        0.7349920427                
    -4959.985796        -11498.92878         4302.226332                
O              169                                                      
     6.187251257       -0.2557202198        -5.482506040                
    -2.709468937         4.648911895        -7.708790468                
     5398.411152         1632.750709        -4704.628877                
O              170                                                      
    -3.960438970        -9.952287394        -1.363767058                
     3.631390782        -3.150101964        -2.763340209                
     17120.47546         12547.23273        -15188.08846                
O              171                                                      
    -3.892293512        0.1619509743        -1.129487693                
     1.448657388        -6.896680326         3.992257504                
    -9202.020844         6808.366075        -5055.237191                
O              172                                                      
     6.337541415         9.871784864        -5.724821596                
   -0.1391744499         3.165013709        -7.028251758                
    -11263.89675         7662.279718        -6585.825524                
O              173                                                      
     6.177721943         2.331140371        -5.616144167                
     3.730782359        -1.262781617        0.2133290378                
     6959.071185        -3786.340673         4871.978265                
O              174                                                      
    -3.793752368         7.700712872        -1.308472860                
     6.790847586        0.5497840810         1.661333122                
     3734.688360        -27063.36928        -18603.39526                
O              175                                                      
    -3.949937863         2.696818215       -0.9613595618                
   -0.6558058449       -0.6465926828E-01   -0.1698937697                
     2251.735134        -3463.807946         3605.413908                
O              176                                                      
     6.141329839         7.418745546        -5.908080113                
    -3.338006717         2.028066676         1.786132173                
     1705.800477        -524.2484167        -9633.201262                
O              177                                                      
    -10.10362185       -0.9752413222        -2.433069676                
     1.383141131        -6.522311551         1.256833057                
     13342.64747        -17397.34796         5869.901605                
O              178                                                      
    0.8643313268E-01    -9.068805015        -4.196724207                
     3.440504144         7.362485277        0.4359632377                
     31983.70906         4914.619783        -8455.274118                
O              179                                                      
    0.1967137008        -1.186475697        -3.905588012                
     2.943451333        0.2274905408        0.1567085831                
     2965.023716        -5708.351488        -9582.806178                
O              180                                                      
    -9.979242246        -8.939045678        -2.813581332                
    -1.522131079       -0.2215901422       -0.7497212547                
    -9248.049415        -6655.597186         3894.719960                
O              181                                                      
    -10.09023735         3.142966506        -2.471193187                
   -0.5455795085       -0.2364446005        -2.057586925                
    -10084.17928        -15262.29881         309.7918126                
O              182                                                      
   -0.4109946173E-01     6.996866426        -4.447684316                
    -1.439797461         1.221185789        -2.448684188                
     10261.52429        -11842.21201         6976.124568                
O              183                                                      
    0.9416065254E-01     3.023199394        -4.079700525                
    -3.331175673         2.568363786        0.9426820940                
     9244.003902         4145.218230         7811.784333                
O              184                                                      
    -10.02448670         6.948189029        -2.832283997                
     1.418650482         3.945336049       -0.2206323529                
    -34683.19708         5805.779482         962.4571000                
O              185                                                      
     1.617017968         4.978934557        -4.833640097                
    -1.006968581        -7.343170136        0.9379933467E-01            
    -8682.226687        -14610.68325         15416.42248                
O              186                                                      
    -8.479517958         5.062805188        -2.066504976                
    -2.039346348        -4.145162168         2.025279726                
    -1598.929615        -2485.924756        -6334.587865                
O              187                                                      
     6.335748448         4.902016054        -4.838542359                
   -0.4527870819        -2.710191842        -6.373767716                
     8506.131483        -4897.930353         8307.146009                
O              188                                                      
    -3.833286264         5.097623652        -2.223319427                
    -1.068839186        0.8287522457         1.148717798                
     9442.396547        -12596.09387        -1904.941826                
O              189                                                      
     6.002810115        -5.216640925        -6.427536648                
    -2.059124565        -2.723185463         5.105499401                
     5177.747670        -11331.00471         4580.604156                
O              190                                                      
    -4.199928858        -4.919430571       -0.5287299419                
    -1.008070337         1.922269855        0.3335222887                
    -9457.553192         15857.14217         5139.222515                
O              191                                                      
     2.377914193        -5.187059738        -6.314908525                
    -3.002242133       -0.6270492671        -6.145150372                
     2074.772603         7783.143519         1422.941905                
O              192                                                      
    -7.934364475        -4.960147856       -0.3009834316                
    -2.355735887        -1.850712400         2.562657994                
     13612.56729         1554.755757        -1145.258049                
O              193                                                      
     7.503074963         1.097457998         3.409887844                
    -3.770010542        -3.118019818        -9.970035852                
    -2600.395242         1150.667657        -2319.180300                
O              194                                                      
    -2.706339070         9.080000884         3.178725392                
    -2.190962007         3.564197776         1.008732361                
     17444.77695        -11042.84809         7395.595598                
O              195                                                      
    -2.595650876        0.8477063238         3.667476489                
     2.209375788         4.647523396        -3.288052307                
    -13264.48249         10233.79580        -7103.723495                
O              196                                                      
     7.567740325         8.845045837         3.251228933                
    0.5849858686        -3.476059869         1.526676998                
     1759.964255         6799.728243        -10462.49218                
O              197                                                      
     6.145293861        0.9574940919         5.702036373                
     7.253706662        -3.755182406        -6.306689992                
    -1035.047286        -12265.85971        -6384.882070                
O              198                                                      
    -4.058761202         9.121671972        0.9651102015                
    -4.250505774        0.1613232443        -4.616347527                
     10314.28019         248.1641136         2209.267990                
O              199                                                      
    -4.029748264         1.060920353         1.297071338                
   -0.1641219056        -5.374765341         3.278490962                
    -504.3929450         20206.95700        -14583.85925                
O              200                                                      
     6.037501210         8.958549947         5.440985755                
     4.345794780        -3.606171610         3.297363948                
     2465.523272         2328.060845        -7110.547282                
O              201                                                      
     6.090840161        -1.174027343        0.5612164845                
   -0.6151301844        -1.166685411         11.27194720                
     4421.893602         4389.958894        -2646.239413                
O              202                                                      
    -3.971209473        -9.042533170         6.087178556                
     4.777216342       -0.6286288572E-01    -3.080464261                
    -2366.424496         13416.22375        -730.6460107                
O              203                                                      
    -4.012728299        -1.363980567         6.754042801                
     4.106500310        -4.660857996         2.274209712                
     7258.769946         2553.373759        -6477.562313                
O              204                                                      
     6.140439251        -8.852493590        0.1238060438                
     4.507686297        -1.100173436        -1.079415608                
    -1622.137794         6220.006170        -740.7995609                
O              205                                                      
     1.969875664        0.7866841881         5.811413830                
    -4.501157488         6.625727978         5.403538743                
     12767.46051        -1474.812639         4076.974321                
O              206                                                      
    -8.085095095         9.085327306        0.8820773356                
     4.177955609        -2.375815338         1.328809480                
    -3450.098772         3812.308343        -1694.591145                
O              207                                                      
    -8.136190681         1.171348571         1.359275451                
    -1.407879802        -1.741399574        -8.960353697                
    -1865.014569         828.1491019         2527.012854                
O              208                                                      
     1.964165850         8.965434252         5.485123198                
    -3.198760163         2.640037243        -2.788514409                
    -3129.935643        -3828.620434        -416.2406341                
O              209                                                      
     2.465563909         1.094156594         3.248175543                
   -0.5854562255        0.4747991876       -0.1519863972                
     5717.735392        -2169.418447        -2662.733820                
O              210                                                      
    -7.721589720         8.923602003         3.492342428                
    -5.276701659         1.429421590         1.002321835                
    -18816.68337         3707.152383        -13319.88334                
O              211                                                      
    -7.762254814         1.079425988         3.935386867                
    -2.061396934         7.730983791         4.658314699                
     19976.29152         1892.177679         17600.08732                
O              212                                                      
     2.496188314         9.064417812         2.965440326                
    0.6692815807         2.460646795        -6.837189778                
    -2650.601601        -1799.361043        -11740.99884                
O              213                                                      
     4.920294620        0.9477939996         3.378438566                
   -0.7142357890       -0.4923938894        -1.616312952                
     23713.39769         9129.504335         8961.328234                
O              214                                                      
    -5.246021411         9.073433689         3.278970621                
    -1.222876416         8.361584372       -0.2696816622                
     610.4036971        -717.7054776         9022.557147                
O              215                                                      
    -5.233210234        0.9377003861         3.609501136                
    -1.440892716        0.3740552808        -6.282315639                
     16685.74443        -6897.809929        -3343.058792                
O              216                                                      
     5.016062720         9.081740551         3.072240814                
     8.044114272        -7.344058672         6.353882410                
    -21861.97743        -3497.924387        -19341.11095                
O              217                                                      
     7.624337673        -3.047220585         3.573044518                
    -2.588374965         7.077550743         3.546555797                
    -9019.630669        -5699.603146         4006.105318                
O              218                                                      
    -2.604577777        -7.019720232         3.354534437                
    -1.509491793         1.136672894         1.154452957                
     1033.407093         5717.746305        -9836.336509                
O              219                                                      
    -2.526394928        -3.156721589         3.554075994                
    -4.261070128       -0.2591104847        -2.669535351                
     7368.316961         1864.073459        -6367.297594                
O              220                                                      
     7.589769240        -6.994528271         3.209992750                
   -0.5132984654E-01    -2.758825394         3.327861267                
     12848.42455         7254.100049        -24016.42506                
O              221                                                      
     6.207367879        -3.138187055         5.793026505                
   -0.4687028776         6.650775580         3.588675781                
    -1111.683787        -4339.274142         29660.13599                
O              222                                                      
    -3.969335660        -6.908355097         1.003251584                
    -5.640396253        0.4736331260         1.830079897                
    -3820.300130         4106.600259         1417.444375                
O              223                                                      
    -4.030596298        -3.059195106         1.335641408                
    -4.489674362         2.055513629        0.5449556120                
     4452.348438        -15273.91044        -12995.54018                
O              224                                                      
     6.236529642        -7.201572775         5.413461941                
     1.703057974         4.094047084        0.7838116759E-01            
    -10671.80857         6470.352907         6528.257598                
O              225                                                      
     6.113726416         3.396250793        0.3889350733                
    0.2262032167        0.8540875439        -4.125149733                
     18033.01458        -3033.644240        -1497.546038                
O              226                                                      
    -4.051571514         6.627686706         6.217584854                
     8.985281552         2.173247413         7.972173728                
     16586.47694        -623.8546463        -8027.864314                
O              227                                                      
    -4.009518531         3.260457441         6.563208627                
     1.049891771         2.020939937         4.405238750                
    -10640.97095        -710.3103854         9826.767551                
O              228                                                      
     6.040620269         6.901536084        0.1594325565                
    0.3951739712        -3.985434362         1.714850065                
     7500.425183        -1338.501206        -6234.210484                
O              229                                                      
     1.982762379        -3.123019930         5.880965629                
    -3.443192241        -1.009783692         5.557931776                
     5324.992310         7376.138445        -14193.78503                
O              230                                                      
    -8.225580588        -7.150937347        0.9577122565                
     1.335967551        -4.034611122        -2.237244576                
     1084.203168         10677.32077         11529.42754                
O              231                                                      
    -8.202613085        -2.913606540         1.394228251                
    -2.446038563         3.420738358         1.293332589                
     4703.743634        -3308.258692        -11775.84704                
O              232                                                      
     2.139799728        -7.109545053         5.505477532                
    -3.192120778        -1.202473034       -0.1582758024                
    -385.6165087        -687.9018823        -477.4234340                
O              233                                                      
     2.596799732        -3.379927665         3.337521032                
   -0.7667050529        0.5163283056        -2.883315180                
    -5200.046601         15500.26955         12294.36758                
O              234                                                      
    -7.709789433        -6.997897624         3.528882980                
   -0.4384640306E-01    -4.837553374         3.437315427                
    -8504.352610         5322.896388        -14575.58906                
O              235                                                      
    -7.543835622        -2.858775751         3.795155085                
    0.4377790368         1.965514380         8.624275145                
    -378.3781287        -5318.169734         15341.31793                
O              236                                                      
     2.543576212        -7.077270723         2.984760481                
     4.295793775         4.917050106        0.6746252239                
     2177.481316        -13236.38016        -4347.737207                
O              237                                                      
     5.080264402        -3.280024277         3.501510216                
     3.927419560         2.582548031        -2.189273043                
    -955.1889904        -9031.620561        -2338.014411                
O              238                                                      
    -5.152514280        -6.819239163         3.285270344                
     8.017255869        0.5242329721        -1.021703082                
    -11839.37426         5594.768429         4845.227361                
O              239                                                      
    -4.981708257        -3.030890774         3.697141659                
     3.663521786         6.168664682        -1.289814770                
    -31256.91178        -16372.67063         20429.60770                
O              240                                                      
     5.112804817        -7.062045677         3.028474112                
     9.448554807        -2.560784084        -2.397669811                
    -20979.36453        -4801.777788        -8873.717156                
O              241                                                      
     6.180459699        -1.130947124         4.181813629                
    -6.274983696         3.746663979       -0.1518113130                
     6504.029307         30300.51120         8989.266656                
O              242                                                      
    -4.019339288        -8.987494137         2.496632594                
     1.702904954        0.4487299205       -0.6974659637                
     5333.158919         7800.478695         1332.812041                
O              243                                                      
    -3.818268390        -1.034725411         2.659381610                
    -5.599017273         1.091755074        -1.308807725                
     138.3633858         6290.392277         10552.61250                
O              244                                                      
     6.390605754        -9.179312639         3.853742050                
   -0.6811208097         3.613384264        -2.317120170                
    -9363.208681        -2984.399389         538.3524008                
O              245                                                      
     1.573199649        -1.137306375         4.237287801                
    -1.537411816        -5.235154156         4.185191403                
     2686.024069        -16179.12712        -1099.744467                
O              246                                                      
    -8.637724659        -9.123742182         2.473173388                
     8.012205044        -3.374921918        -4.091038345                
    -7279.999727        -2702.627796        -81.50974872                
O              247                                                      
    -8.850763939       -0.7786634291         2.825627053                
     3.129092376         2.451853469       -0.2638854886                
     2459.879326         1482.865751         4104.659698                
O              248                                                      
     1.484829485        -9.184935177         4.077174609                
     2.992734638         6.158427158         4.544240331                
     2406.442720         2572.115763        -7205.067120                
O              249                                                      
     8.394974342         2.749187829         1.435846219                
     1.896248757        -2.651097119        0.3435860272                
    -11092.86275        -13968.43752         3445.488627                
O              250                                                      
    -1.895041224         7.455693907         5.131007989                
     5.065103485         1.102169237         1.953752633                
     5034.065773        -8783.832438        -10210.15629                
O              251                                                      
    -1.798899956         2.308778043         5.695735676                
     2.013000741       -0.5048687579         3.821211753                
     3502.812312        -10438.84205        -11562.39804                
O              252                                                      
     8.311439141         7.777173854         1.034473508                
    -1.126921560        -8.928879598         2.696921760                
    -11518.70067        -6781.899912        -11455.15482                
O              253                                                      
     8.186187317        0.1818443450         1.343155750                
    -5.264483167       -0.9422106205        0.9369764910                
     5962.878654         3853.317844         283.9958412                
O              254                                                      
    -1.934120698         9.878276963         5.327181837                
     5.805753560        -3.844459737       -0.6489804783                
    -3120.059791         19503.32001         18128.50325                
O              255                                                      
    -1.882044243       -0.2241572483         5.738190439                
    -4.420913241        -5.413671526         5.262529571                
    -10599.56730        -16705.83358         20853.40628                
O              256                                                      
     8.126405222        -9.874445410         1.216327577                
     2.645405912        0.9929320349         3.887971578                
     5753.234207        -8083.488999        -4700.003991                
O              257                                                      
     8.255996197        -2.371778811         1.285536662                
     2.626624429        -5.938788140         5.113396359                
    -526.6099689         12096.70936        -5034.137650                
O              258                                                      
    -1.738326231        -7.750606218         5.485964646                
     6.532991842         1.287392508        0.7054227332                
    -16227.56666        -12139.14355         8356.402434                
O              259                                                      
    -1.886321045        -2.667554875         5.803555847                
     1.898931402        0.4686779893        -4.936054503                
    -4166.727804         1812.293107         7876.310480                
O              260                                                      
     8.252793487        -7.378248131        0.7745043664                
     2.936512621        -4.895192745         3.989649340                
    -130.2550460         5039.208297         24267.65396                
O              261                                                      
     3.949069824         2.575168756         1.459762625                
    -2.185749946         2.985440507        -4.775022459                
     8328.081934        -4632.138415         97.42464524                
O              262                                                      
    -6.212163339         7.455151733         5.227982112                
    -5.631472144         3.855261453         1.274511090                
    -6489.169586         12454.85488        -14191.08253                
O              263                                                      
    -6.123035713         2.337062779         5.634368880                
    -2.569956127       -0.3504582364        -5.903485009                
    -9096.838356        -11883.17305        -4324.784013                
O              264                                                      
     3.857082687         7.713446969         1.092682983                
     2.554438723        -1.278793378        -6.000735956                
    -3547.835636         1232.856868         10863.62448                
O              265                                                      
     3.971866573        0.3410360510E-01     1.342849892                
    -1.065286176        0.2312525486        -3.810151237                
     1952.286054        -2263.547261        -4623.786060                
O              266                                                      
    -6.151579013         9.942461781         5.385110697                
    0.7878211327        0.3696978673        0.5135408564                
     121.1443365         15441.17209        -333.5782764                
O              267                                                      
    -6.113938981       -0.1988822983         5.666440705                
    -1.217845449        -3.000596548         3.184774587                
     1619.564300        -6438.455253         5477.978794                
O              268                                                      
     4.019684817        -10.03318076         1.038458641                
    0.4479175287        -3.163055389        -1.342046491                
     2287.937329         38327.02495        -24799.02811                
O              269                                                      
     4.109936998        -2.573709641         1.290557813                
   -0.7057464679       -0.3410770177         3.822362142                
    -3772.727069        -4072.221311         10823.07637                
O              270                                                      
    -6.087538132        -7.701516452         5.345581631                
    -4.237015771        -7.013864949        -1.478220750                
     1093.284268         15452.60550        -818.3053911                
O              271                                                      
    -5.949561778        -2.682727597         5.912038448                
     5.532298800        0.5758708769         2.342079604                
    -16214.07259        -158.5017873        -1153.809515                
O              272                                                      
     4.066898824        -7.543245827        0.8010956266                
    -6.867153069         1.662453092         6.012682995                
    -7863.938620         561.2180404         16655.31325                
O              273                                                      
    0.1186545522E-02    0.8364434654         4.333222375                
    0.6453053658       -0.5802462213         1.141616993                
    -23046.95417         3878.575531         5280.379835                
O              274                                                      
     10.12702890         9.108448351         2.291368201                
    0.5657651026        0.8664473403        -4.039679027                
    -22302.18400        -5225.612129         2467.077860                
O              275                                                      
     10.06901170         1.297599207         2.835080654                
    -2.193352626         2.982743217        0.6962481035                
    -10215.53562        -135.1254745        -7898.185301                
O              276                                                      
   -0.1215357426         8.989778512         3.901795582                
    0.8580172146         2.334883346        0.1939765256                
     17341.96827        -8022.245886         140.4188252                
O              277                                                      
    0.6254693761E-01    -3.309321585         4.330117162                
    0.4400589979         8.378372680         1.445802931                
     14046.16300         12480.37227        -7458.346407                
O              278                                                      
     10.08202689        -7.010958532         2.497381300                
    -5.663993661         9.333908114         5.258062939                
     23569.21370        -591.5656526        -1445.314324                
O              279                                                      
     10.12606226        -2.955690111         2.914132002                
     1.019938931       -0.8464514114         2.897110368                
     19626.54460         6505.022456        -1029.163530                
O              280                                                      
    0.7564381979E-01    -7.033925397         4.080312869                
    -1.881457113        -5.767747144        -6.569270797                
     2526.792335         2318.556954        -15575.68345                
O              281                                                      
     8.591603437        -4.901320103         2.073307582                
    0.7062904869        -3.335744836        0.8814957608                
     8969.455945        -8071.820459         3121.760078                
O              282                                                      
    -1.583321341        -5.155125264         4.807336681                
     1.519714248        -3.074104482         1.565664889                
     6570.152330        -3609.633147        -14539.59319                
O              283                                                      
     3.838082933        -5.124078245         2.034767487                
    -4.561207213         1.043282519         4.482452967                
     6755.316941        -9387.336532         338.8998823                
O              284                                                      
    -6.406722023        -5.065154911         4.698712075                
     4.293853343         1.328476783        -2.230720594                
    -1063.945423         1502.760361        -7103.117230                
O              285                                                      
     4.407627648         5.094199702        0.4365439064                
     8.035091156        0.4197001431        -4.835761266                
    -10350.91512        -14481.66308        -4776.790352                
O              286                                                      
    -5.883229186         4.965407811         6.300806871                
     2.565739106        -3.016576174        -3.410672905                
    -836.6836337        -5546.651989         4599.593948                
O              287                                                      
     7.906840541         5.204610881        0.3764449568                
    -1.646322549        -1.745534934        -1.854740843                
    -8488.786040         8981.186416        -9323.705282                
O              288                                                      
    -2.275460200         4.922838473         6.217500536                
     6.335413052         1.877238345        -3.180435367                
     15179.21765        -936.7464466        -5413.928747                
C              289                                                      
   -0.4427257895         2.663666960        0.3798667255E-01            
    -1.101755998       -0.5458805728        -3.986567271                
     39.88658017         42.76070596        -49.36894616                
C              290                                                      
    0.7683807519         3.201807531       -0.4131667727                
   -0.2548543323        -2.592035571        -4.153762870                
    -132.0501984         71.84336033         24.55171830                
C              291                                                      
     1.217685607         4.430200778        0.8600772118E-01            
     3.872118131        -5.296335983        -1.213557353                
    -223.8648595         61.49808068        -64.33093363                
C              292                                                      
    0.4558839218         5.120453456         1.036335660                
     7.152188931        -5.954481401         1.893843765                
     31.82225549         46.59866476        -52.67109525                
C              293                                                      
   -0.7552226206         4.582312884         1.487489105                
     6.305287262        -3.908326400         2.061039362                
    -12.11404852         44.45112025        -14.68425577                
C              294                                                      
    -1.204527476         3.353919637        0.9883146115                
     2.178314799        -1.204025987       -0.8791661548                
     96.02074644         84.38050541         7.774234493                
H              295                                                      
   -0.7893323927         1.716049311       -0.3470907944                
    -4.285420474         1.540294034        -6.254725816                
    -3.293665248        -104.8633608         55.00600027                
H              296                                                      
     1.356072611         2.669325639        -1.146288457                
    -2.785214733        -2.084334840        -6.550927885                
    -567.5622259        -80.37717290         472.9572231                
H              297                                                      
     2.151984071         4.845336536       -0.2620364970                
     4.525422205        -6.874809861        -1.342563825                
    -2388.952587        -103.4445563        -693.9122263                
H              298                                                      
    0.8024905246         6.068071104         1.421413127                
     10.33585340        -8.040656006         4.162002307                
     17.50953536        -7.246513211         27.68847851                
H              299                                                      
    -1.342914479         5.114794777         2.220610790                
     8.835647665        -4.416027133         4.458204379                
    -6.582532653        -65.28190446        -24.50280663                
H              300                                                      
    -2.138825938         2.938783881         1.336358830                
     1.525010731        0.3744478863       -0.7501596791                
     391.1441518         297.9251632         19.67724072                
