Diffusion in Zeolites. ZSM5 (Silicate) Crystal Structure, Si(96)O(192) +
         2         2       300     13334   1.0000000E-03   1.3334000E+01
       20.3183600000        0.0000000000        0.0000000000            
        0.0000000000       20.1714600000        0.0000000000            
        0.0000000000        0.0000000000       13.5858629500            
Si               1                                                      
     1.643184624        -1.203821053        -4.810599757                
   -0.2189527777        0.7681203817         1.479195167                
    -39670.10690         15641.93725        -12457.62140                
Si               2                                                      
    -8.576732878        -8.892570540        -2.147433391                
     4.445354052         1.073444739         2.545580148                
     11081.13067        -13686.28824         14967.11373                
Si               3                                                      
    -8.572518112        -1.118823158        -2.258153106                
     2.992349746         7.641388845         2.873703105                
    -18744.48973        -22543.49805         18749.83047                
Si               4                                                      
     1.969293604        -8.794769881        -4.615647645                
     1.716184530        -3.441946467        -5.445309498                
    -50991.75093         4997.443324        -9989.407345                
Si               5                                                      
     3.970348601       -0.8492119600        -2.859530738                
     6.490032078        0.6312304774        -2.718048517                
    -9694.463320        -26022.38774        -6330.203343                
Si               6                                                      
    -6.194305566        -9.326780236        -4.006802789                
   -0.4457192585         4.189092057        0.3518891099                
     7583.514343        -12507.33856         12983.48340                
Si               7                                                      
    -6.282463075       -0.5961203091        -4.145004675                
    -1.269776175         2.877420903        -6.140795511                
     22770.69610        -2388.459295         10356.20421                
Si               8                                                      
     4.105765358        -9.446195087        -2.636937815                
     9.817990739         3.633411920         5.325479997                
    -9228.224214        -6950.014510         22381.57186                
Si               9                                                      
     5.580269722         1.209256704        -6.662040155                
    -3.230558372        0.3853496879        -13.77976070                
    -9360.109822         26841.28990         33983.48697                
Si              10                                                      
    -4.276989364         8.869658876       -0.3861605392                
     1.089074275        -3.378844928        -2.496726216                
    -6795.848203        -2734.433160        -12264.05987                
Si              11                                                      
    -4.357006832         1.194991235       -0.2819565331                
     2.354184216         1.252100037         5.922262124                
    -4759.205197         7075.186805         6442.563697                
Si              12                                                      
     5.697540527         8.699716358        -6.510041865                
    -6.549774778        -1.231367826         7.150094219                
    -15403.10599         4634.590809         14574.55129                
Si              13                                                      
     2.414799989         1.393790517        -6.623682640                
    -2.174500263        -4.823798018         1.983552284                
    -6486.817552         3436.734823         32261.82575                
Si              14                                                      
    -7.477361854         8.914013502       -0.3792924964                
     7.499980520        -5.433484202         1.912424483                
     5290.186548        -13293.86294         21936.86189                
Si              15                                                      
    -7.549864474         1.212112682       -0.3844302375                
     6.890813004         1.986536789         3.273280969                
     12756.51207        -15503.31267         25623.01891                
Si              16                                                      
     2.484514219         8.813535977        -6.455429399                
     2.823696838         3.659662697       -0.4393601693                
    -16617.43190        -16964.31500         29931.13594                
Si              17                                                      
     8.618917324       -0.5902872499        -2.649600877                
     1.519190496        -2.752652312         1.329816085                
     15472.90408        -7147.642360         24574.13760                
Si              18                                                      
    -1.135861487        -9.410163627        -4.247211451                
    0.8654574694        -4.768962918       -0.7706891397                
     13820.18677        -2709.193103        -7597.720690                
Si              19                                                      
    -1.395258797       -0.5561948101        -4.323941534                
    -4.367129013         7.726383929        -1.584274695                
     5134.730848        -5406.933830         22951.30149                
Si              20                                                      
     8.777854035        -9.578616046        -2.481138953                
     4.078243420         1.872079119         20.61766481                
    -25148.09539        -17972.98031         9594.662857                
Si              21                                                      
     6.392007777        -1.245276014        -4.803052883                
     3.094060403         3.709865066        -1.879864304                
     15075.80441         11354.63228         16685.39533                
Si              22                                                      
    -3.522804553        -8.943601001        -2.295078317                
     1.817543947         4.154695007        -4.109140822                
    -12997.40234         14523.67117         10851.49624                
Si              23                                                      
    -3.708291011        -1.192398443        -2.408682761                
    0.1023712385        -1.418499255         5.653200300                
    -15575.93697        -3453.777812         53010.69480                
Si              24                                                      
     6.518425097        -8.999307964        -4.562013606                
    0.1092017260         6.583796038        0.5006433162                
    -14416.63029         5550.754744        -15346.19780                
Si              25                                                      
     1.654567348         3.442297331        -4.478488802                
    -2.478306909         5.679256148         3.655220519                
     2878.168434         2378.049526        -7794.606435                
Si              26                                                      
    -8.661604781         6.642582633        -2.208572335                
    -2.099626928         2.846940295         5.511434892                
    -2054.420919         26516.59443         8515.462165                
Si              27                                                      
    -8.501499393         3.521435120        -2.169515132                
    0.1321222861         1.909341668        0.6617083767                
     8752.782291         29610.55806         7590.151573                
Si              28                                                      
     1.595765857         6.576282983        -4.400245260                
     7.868155109         4.771582040        -1.195557852                
    -12290.35261        -10044.27023         8154.588713                
Si              29                                                      
     4.138638293         2.337975867        -2.809588346                
    -4.389718246         2.217828616        -2.710182237                
    -21557.52984        -18134.53616        -42556.88801                
Si              30                                                      
    -6.374746368         7.647931608        -4.098854721                
     3.583613821        -1.683426639        -2.827221748                
     12611.33099         10923.04341         22602.95163                
Si              31                                                      
    -6.262296891         2.610037053        -4.225449594                
    -7.547223780         2.071065202         4.889767500                
     24468.64593         1166.091493         17601.15330                
Si              32                                                      
     4.029163086         7.473475249        -2.549418468                
    -1.061965499         2.587007654        -7.920308465                
    -10505.07154        -25084.10863        -13339.86452                
Si              33                                                      
     5.836257095        -3.589025948        -6.698906652                
    0.2863813329         2.610145009        -1.364197843                
     2527.679924         1341.930543         9390.388429                
Si              34                                                      
    -4.408134093        -6.649410275       -0.3619195082                
    -3.299236335       -0.7518317707        -5.197287278                
     3801.176292        -25717.93345         11261.49199                
Si              35                                                      
    -4.341993367        -3.553784640       -0.4558510150                
     1.789635510        -5.790661124        -5.689074479                
    -12978.33223        -8137.299749         12710.61360                
Si              36                                                      
     5.848031886        -6.635027771        -6.443627442                
     1.127285150         1.259398563         4.881914450                
    -5898.244463        -25595.72455        -33243.24274                
Si              37                                                      
     2.629102501        -3.448678963        -6.776194313                
    -2.126084472        -4.738779277        -3.359005369                
    -19755.16070        -24098.26594         18053.31873                
Si              38                                                      
    -7.546463183        -6.539069975       -0.3013807238                
    -1.209193000        -2.372706113         3.308698498                
     2813.268516        -26156.90517         6207.536561                
Si              39                                                      
    -7.555123983        -3.504101334       -0.3951717504                
     3.274895553       -0.2148074066        -3.940347489                
     5902.699470         32225.36178        -11001.58472                
Si              40                                                      
     2.655616278        -6.597559605        -6.749519559                
   -0.6174523729        -8.878613900         3.725820025                
    -2100.114442         2876.486478         9211.961576                
Si              41                                                      
     8.888740490         2.571415202        -2.617219102                
     2.764138168        0.8355410787         3.726857255                
    -2159.768807        -1206.719326         19944.15001                
Si              42                                                      
    -1.370303139         7.551411831        -4.237633279                
    -2.203759530        -4.608842320         2.759498675                
    -1424.511288         30123.87679        -11820.52727                
Si              43                                                      
    -1.339368932         2.637163597        -4.121137258                
    -3.792270336        -4.238989851        -1.306060087                
     1458.910077        -3620.579926         2820.383354                
Si              44                                                      
     8.668535986         7.398378123        -2.481285723                
     2.169064602        -1.558988461        0.3706602788                
    -15155.94649        -31837.81335        -21390.38869                
Si              45                                                      
     6.618976553         3.314708701        -4.608732920                
     2.441108054         2.087305488         10.15421951                
     10765.29588         18056.79932        -3193.009030                
Si              46                                                      
    -3.744530831         6.607354042        -2.528754052                
     6.073497868        0.2850481544         3.222880944                
    -24170.90050         12330.15168         22764.39587                
Si              47                                                      
    -3.831752969         3.515957523        -2.339482032                
    0.8430899233E-01     5.503261008        -12.09142515                
     8031.227436        -25869.51180        -32523.55806                
Si              48                                                      
     6.461630215         6.482357365        -4.495522928                
    -5.776664856        0.6007720287         6.856292680                
     8007.128491        -42675.65522         26735.06017                
Si              49                                                      
     8.543852913        0.8972053259         2.207021926                
     3.508483675        -2.691872130       -0.1513565136                
     15012.67155         9541.383260         7930.638069                
Si              50                                                      
    -1.600065240         8.846044178         4.651089222                
     1.804322618        -7.789903343        -2.501565481                
     4549.878904        -21457.68322         17020.00872                
Si              51                                                      
    -1.493504468         1.314214735         4.699398138                
    -2.682954978         5.737156117       -0.7163983919                
     9935.143828        -15243.53198         10177.67568                
Si              52                                                      
     8.712706761         8.680670211         2.218514542                
    -9.797343385         3.996586983        -7.192253996                
     21273.95304         3969.782694        -12247.25210                
Si              53                                                      
     6.044016017        0.3721244687         3.962821095                
     3.594423968         4.085959867         7.719137047                
     26387.24715         12199.42072         17519.45422                
Si              54                                                      
    -3.857132942         9.511612316         2.633239460                
    0.5000973080        -2.684030485        -2.685137528                
    -9483.807222         7087.479081         15554.50534                
Si              55                                                      
    -3.805144055        0.5857561660         2.737237990                
    -1.073799460         1.279781811         1.600046454                
     20312.12081        -7707.728437        -7126.989508                
Si              56                                                      
     6.423748094         9.307312714         4.087806724                
     1.124504147        -4.625878247        -3.443874307                
    -23384.49415         9997.193249         14052.73901                
Si              57                                                      
     4.420483592        -1.532853117        0.1285731881                
    -6.796835406         3.900909184         3.684889249                
     17373.94254         2183.302033        -24321.02423                
Si              58                                                      
    -5.558036278        -8.832235291         6.553297159                
    -2.540483097         12.83081850         1.429791716                
     2739.139183         27675.19929        -11869.21481                
Si              59                                                      
    -5.790219864        -1.142420820         6.381901146                
    -6.545734632         4.946719944        -3.713864107                
    -6882.518362        -9968.137445        -10272.99938                
Si              60                                                      
     4.646377802        -8.956988617        0.3845099845                
     3.407084834        -3.105618793         3.411612530                
    -35809.43399         2019.180506         24356.75214                
Si              61                                                      
     7.586731928        -1.445060505        0.2537714480                
    -5.862374340        0.8198794430         4.105883004                
     12906.85488         11038.84583        -5805.625488                
Si              62                                                      
    -2.359277792        -8.746677650         6.460922529                
    -4.171714030         4.226188482       -0.4772234238                
     19234.36583        -35557.46795        -12591.52741                
Si              63                                                      
    -2.614877164        -1.065562213         6.523228947                
     1.022391775         5.180347915         7.105336893                
    -6319.469517        -28848.56444        -57760.93590                
Si              64                                                      
     7.752524845        -9.032004905        0.4316087673                
     2.440310009        -2.779282289         1.623627116                
    -3402.161235         27171.49930         6462.599363                
Si              65                                                      
     1.514318774        0.6304947942         4.058759561                
     2.246538473         7.715653084        -2.569014007                
    -28114.56293         13675.32749         8110.250710                
Si              66                                                      
    -8.584315694         9.526071319         2.571919786                
     1.064812948         7.627469196         4.044403645                
     13112.71470        -2251.874249        -17600.62992                
Si              67                                                      
    -8.725679929        0.4599145267         2.504216726                
    -4.045639307        -6.903079346        -4.322229056                
     30057.60024        -12912.42285        -16173.14482                
Si              68                                                      
     1.415228516         9.220713151         4.239542978                
     5.097074522        -5.801289820        -9.253604387                
    -5694.640045         43974.80126        -14928.28239                
Si              69                                                      
     3.721355554        0.9483946827         1.980171156                
     6.189614115         1.055186410        -1.714453404                
     15177.10561         15120.34921        -26654.38344                
Si              70                                                      
    -6.302203469         8.998691799         4.553681474                
    -1.154270552         1.646037125        -5.919878049                
     3113.401270         7548.970388        -12704.53352                
Si              71                                                      
    -6.345946021         1.347080455         4.389496710                
     1.440225512       -0.9460129367        0.3903413209                
    -25157.51330        -42160.82780         179.7603029                
Si              72                                                      
     3.808102373         8.823662082         2.246889814                
     1.653739828       -0.4557081695        -8.305406783                
     18458.02466        -5247.880187         26736.36563                
Si              73                                                      
     8.690952024        -3.718262780         2.002809212                
   -0.4257460334        -2.434628757         2.238450308                
    -1660.339604        -31030.38501        -8490.752404                
Si              74                                                      
    -1.495997793        -6.563416267         4.341479805                
    -3.497831851        -5.651125106         5.565620549                
    -7198.378037        -22032.52663         1788.775240                
Si              75                                                      
    -1.652894005        -3.426855576         4.512235586                
    -6.381126481        -5.296548484        -7.041999031                
    -11116.28828         5431.990445         24719.56977                
Si              76                                                      
     8.718230978        -6.851421037         2.374005608                
     3.007827010        -3.665241065        -2.334333996                
    -17050.41045         21732.89638        -10491.67710                
Si              77                                                      
     6.320471387        -2.799980974         3.866558855                
     1.435717137         1.012739943        -6.408059947                
     3515.342945        -7258.131142         19649.18774                
Si              78                                                      
    -3.899896942        -7.469185440         2.698444112                
   -0.4927151632         3.963849425         3.644679821                
    -12054.28690        -16289.22111        -26677.63743                
Si              79                                                      
    -4.047944454        -2.643176524         2.659383152                
    -10.58102432        0.1359984387         1.052569837                
     13915.17388         4758.013913        -13264.03411                
Si              80                                                      
     6.164032933        -7.654843190         4.128313105                
     1.311636271        0.7516665187         8.069341050                
     19234.15404        -21438.13531        -11651.82442                
Si              81                                                      
     4.642525420         3.300672650        0.5409413016E-01            
    -2.845741637        0.6284890153         2.256662039                
    -6994.673718         16682.53501         18739.05421                
Si              82                                                      
    -5.863762730         6.682010508         6.607072502                
    -6.627692330        0.2650217863        -7.697534358                
     13192.03399         1722.832757        -16163.04778                
Si              83                                                      
    -5.521026705         3.583658245         6.421130762                
     8.723630371        -4.672778215        -1.269522289                
    -38439.15349         21947.79996         6617.099837                
Si              84                                                      
     4.506803572         6.416624296        0.4521051959                
     2.706834769        0.6938586491         5.938545984                
     20521.12062        -3455.112872        -15224.57453                
Si              85                                                      
     7.797472151         3.282643795        0.3513931396                
    -5.801277891        -1.084608358        -2.078011126                
    -2384.100432         17252.39175        -23973.58078                
Si              86                                                      
    -2.662970635         6.612660966         6.604934100                
    -1.556810717         6.411257981        -2.456718940                
     26016.65062         28335.89970        -9493.485353                
Si              87                                                      
    -2.321381485         3.632024003         6.574722050                
    0.6436112628        -9.658741528         4.532021654                
    -750.3174635        -6119.655188        -1258.939598                
Si              88                                                      
     7.707620306         6.400607260        0.3931367837                
     2.816610957         10.46783996        -5.647958970                
     1832.031934        -15751.43397        -8126.700894                
Si              89                                                      
     1.343263689        -2.533860438         4.067785908                
    -5.016941493        0.8130374594        0.5650870631                
    -11086.22458         10774.27563        -2422.900994                
Si              90                                                      
    -8.549269982        -7.442282861         2.575051500                
    0.3010547618         2.770992309        -8.175940590                
    -25693.68917        -19325.00952         7238.807164                
Si              91                                                      
    -8.614744806        -2.660066503         2.519603048                
     5.390226476        0.1787701902        -4.052311848                
    -16845.38043        -31194.49680        -40851.50813                
Si              92                                                      
     1.438634063        -7.687864993         4.128539216                
     1.986921869         5.877296568        -3.497445297                
    -2405.411085        -7665.807368        -7743.100248                
Si              93                                                      
     3.697844871        -3.596369306         2.263041177                
    -5.706753745       -0.6243806494       -0.7255040866                
     1414.178690        -21833.20859        -2441.176552                
Si              94                                                      
    -6.298859615        -6.553008226         4.535321297                
     6.545946700        0.4376511324         6.018793540                
    -1774.905643        -44931.67359        -12884.76931                
Si              95                                                      
    -6.477979833        -3.495749921         4.565804114                
     1.818719331         4.920186458        -2.251596876                
     21339.42986        -3330.066927        -27164.44055                
Si              96                                                      
     3.762765645        -6.701241705         2.335944191                
   -0.7932574873        -1.022949637        -1.268892143                
    -28896.38154        -23529.65127         862.3599170                
O               97                                                      
     2.588310232        -1.121494325        -3.655608543                
    -2.099919322        -1.293889617        -5.264572523                
     37320.85435        -650.8586473         27178.43686                
O               98                                                      
    -7.572977501        -8.967714548        -3.322323269                
    -1.067428679        -2.574994697        -8.779026519                
     11336.05374         11104.07005        -8517.758697                
O               99                                                      
    -7.492892750        -1.194525076        -3.386109155                
    -4.621581871         2.800043770       -0.1770509214                
    -13039.98634         16864.74459        -11430.25582                
O              100                                                      
     2.928197221        -8.696529774        -3.414193625                
     5.980637293         5.419221570         7.597145838                
     12134.80933        -24617.93594         5275.345859                
O              101                                                      
     4.016252329        -1.441640996        -1.398300276                
     7.575402783        -4.043107392        -5.738315250                
     642.6058485         7743.319831         4211.812383                
O              102                                                      
    -6.038798108        -8.821803979        -5.502060076                
     2.417431074        -11.31160851       -0.6620786292                
     5268.896278        -16194.76940        -8801.366999                
O              103                                                      
    -6.152137623       -0.9456546459        -5.660047804                
     6.473829003        -1.628719338         8.899562824                
    -5778.639654         6799.436135        -15073.39335                
O              104                                                      
     4.257666040        -9.108937070        -1.098820555                
     1.727075384         2.926991611         4.872961032                
    -154.6975307        -1009.680518        -20287.75844                
O              105                                                      
     3.974012246         1.389851246        -6.397859364                
     11.91325898         5.017869830         6.517944055                
     26541.44965        -1109.437331        -21192.52704                
O              106                                                      
    -5.894093702         8.995704566       -0.5379856723                
     5.840750733        -5.267692966         5.998197376                
     7832.354893        -8440.956835         17518.46856                
O              107                                                      
    -5.937002398         1.087599874       -0.4185417239E-01            
    -7.179043629         7.258143169        0.5468984133                
    -13523.59006         7874.994591        -24881.60628                
O              108                                                      
     4.026956523         8.623274166        -6.457630284                
     4.306339115         6.822616131        -2.479585991                
     38635.08827         14076.53247        -8614.979195                
O              109                                                      
     8.048117961        -1.009804708        -1.182521388                
     7.007323601         1.478670786        -2.349119512                
     6113.633496        -5090.261151        -15913.60401                
O              110                                                      
    -1.666885976        -8.924531480        -5.711147269                
     2.025398913         1.831302772        -4.197467432                
    -2153.889582         5647.299561         14397.81285                
O              111                                                      
    -2.192779092       -0.9421394468        -5.649011366                
    -5.856580662        -6.260558321       -0.5899482126                
     18437.54281         7854.557947         45795.81125                
O              112                                                      
     8.137746308        -9.172612706        -1.065900534                
    -1.592014331        -1.503107557        -1.621558901                
     14582.20457        -8391.197836        -11894.78176                
O              113                                                      
     7.639705855       -0.9765966269        -3.800414949                
     3.884881894         7.678474228        -7.196202730                
    -8005.351445        -7068.181773        -15511.62280                
O              114                                                      
    -2.229416310        -8.890482655        -3.179642303                
    -2.194558091        -1.358691072         4.336775505                
     8539.368329        -12452.45655        -9631.021434                
O              115                                                      
    -2.373010199        -1.028289398        -3.126317433                
    -2.944852477         11.13897965         4.362641270                
     8530.995955         10508.58558        -27840.75903                
O              116                                                      
     7.742580646        -9.180480274        -3.584836789                
    -13.22103206        -8.258237547         3.010663414                
     3692.655020         4999.494657        -18788.28389                
O              117                                                      
     5.196926792        -1.360161409        -3.793786214                
    0.3373820544         12.99693999         10.20175029                
    -16657.57399         11673.42295         8142.064616                
O              118                                                      
    -4.884891362        -9.071184786        -3.109791447                
    -1.837348103        -4.314541769        -1.574615400                
    -4918.825709         5586.557113        -23343.44134                
O              119                                                      
    -5.001651649        -1.136914713        -3.333917924                
    -14.49364964        -8.110154020         9.352246445                
     9988.157873         11812.83827        -5175.441150                
O              120                                                      
     5.285719655        -9.062284094        -3.547820073                
     5.778745953        -7.515661169        -3.818381181                
     16266.02070        -8493.186446        -10157.54780                
O              121                                                      
     2.839145715         2.970518150        -3.554596413                
     1.576810793        -8.762855290         2.696387919                
     10518.68957        -15634.51802         5926.889754                
O              122                                                      
    -7.674301891         7.133369558        -3.362435848                
    -2.355534149        -3.362911578         6.029843208                
     8220.311706        -12523.25492         2977.772941                
O              123                                                      
    -7.403935098         3.186155233        -3.287759663                
    -3.051416423         11.61587272       -0.5961869387                
    -6924.497506         9787.631139        -5474.642649                
O              124                                                      
     2.604338675         6.902082212        -3.261140609                
     1.357899100       -0.7938147024        -2.224182919                
     34842.70833         23723.73349         16874.95898                
O              125                                                      
     4.227048618         2.842125461        -1.397906445                
     2.640377612        -3.511777734       -0.4399786604                
     8721.712474         13191.20678         28875.40567                
O              126                                                      
    -6.336211750         7.131951493        -5.569708274                
     5.208404020         2.407126165         6.155615978                
     1071.237595         3720.242725        -1614.949881                
O              127                                                      
    -6.045866062         3.101764392        -5.686933508                
    0.2143480558         7.660644009        -10.40192201                
    -1387.061911         1553.800929        -29532.91080                
O              128                                                      
     4.237807318         6.967145550        -1.064934756                
    -5.816752145        -6.561151249         8.526827948                
     133.9081996        -2483.288188         11693.22821                
O              129                                                      
     4.205547072        -3.427171307        -6.755122519                
     11.92025958         2.475560481         1.086290140                
     19285.46362         5167.287846        -4190.984403                
O              130                                                      
    -5.984744061        -6.666886340       -0.4012270083                
   -0.2484026716         2.642305029         1.138810491                
    -5416.370580        -4399.383234        -4206.074991                
O              131                                                      
    -5.965328976        -3.449342366       -0.5882799859                
    -7.132679011        0.9868977807       -0.1895836432                
     9456.675261         3939.649906         4427.850555                
O              132                                                      
     4.277805464        -6.714355419        -6.565663735                
     1.146673248         1.091890694         3.527721304                
    -22815.14880         231.6891646        -9866.042351                
O              133                                                      
     8.326563660         3.030933729        -1.125946424                
     1.050876198        -4.734934642        -10.45589942                
     10685.84572        -18835.27068        -21640.63676                
O              134                                                      
    -1.952140385         7.265334009        -5.690803773                
    -1.809885584         7.488013252         12.33189919                
    -10084.52438        -20040.28909         4913.841275                
O              135                                                      
    -1.858270356         3.173037170        -5.571419136                
     8.217857138       -0.6136117250         4.864327892                
     2783.888437        -1735.344469         11420.16043                
O              136                                                      
     8.012324711         6.816785028        -1.144844106                
    -1.789940888        -2.008310147        -3.665727137                
     7079.867493         15039.17824         14982.13932                
O              137                                                      
     8.001727051         3.083731031        -3.822273167                
     8.830462877         4.129964784         3.662764209                
    -10846.16844        -17638.26830         10123.28281                
O              138                                                      
    -2.448145780         6.941761559        -3.274143476                
     1.005935444        -11.47780238        0.4067687925E-01            
     8130.059366         4234.841974        -6152.645463                
O              139                                                      
    -2.378740779         3.165526591        -2.988452448                
     1.941702418       -0.8967960010         2.258455874                
     1080.165780        -11944.38911        -11258.73641                
O              140                                                      
     7.790990019         6.755462597        -3.696127006                
     5.258230946       -0.6378660666         6.358859734                
    -1491.264744         30745.66224         15093.72499                
O              141                                                      
     5.385522881         2.780721989        -3.682837145                
     2.802209209        -11.98634021       -0.1976819036                
     14632.12795         1359.566096        -1835.332157                
O              142                                                      
    -5.012393526         7.087686120        -3.373033069                
    -5.591126671         9.813418092        -3.007430287                
    -13276.75888        -3592.464682        -5292.855140                
O              143                                                      
    -4.874386210         3.013809496        -3.538472090                
     4.034987196         4.144789164        -8.290753221                
     3101.546443         12321.32566         28042.95587                
O              144                                                      
     5.229535491         6.833528781        -3.466210328                
    0.3857190952E-01     10.74994137         3.218861086                
    -2110.930547         12196.15146        -2889.967733                
O              145                                                      
     4.082487283        0.6808278696        -2.741273439                
     3.067383201        -8.624817503         1.704807698                
     6753.973919         34968.71360        -2402.196221                
O              146                                                      
    -6.235183104         9.237535830        -4.029016728                
    -10.26791716         3.899791937       -0.1855545964                
    -5248.886219        -2831.460176        -16235.12501                
O              147                                                      
    -6.298183146         1.041891366        -4.023384626                
     1.766798233        -2.576110834        -5.699901937                
    -10573.18097        -24365.39741        -15552.53563                
O              148                                                      
     4.058425684         9.065720732        -2.600998615                
     8.929111296         1.163932005         7.065271286                
    -3364.918993         14646.66976        -7977.145833                
O              149                                                      
     8.735942402        0.9385887692        -2.672231030                
   -0.4343151278         4.619488607        -6.381897273                
    -2219.193800         45136.01718        -3372.201105                
O              150                                                      
    -1.295292841         9.171044195        -4.139858783                
     1.263308721        -4.426415676        -7.140024807                
    -2009.945106        -2868.635584         4379.223192                
O              151                                                      
    -1.273985381         1.011259132        -4.201932409                
    0.4449858693         9.971336960        -2.460758592                
    -15597.96874         15104.80129         1267.617252                
O              152                                                      
     8.706110195         8.965094904        -2.532704140                
     1.943962664         1.686615655        0.4648539887                
    -192.5421841         16300.43483         3750.147545                
O              153                                                      
     2.035687879        -2.494199773        -5.654442873                
    -16.96855612        -2.949273912        -6.871293705                
     2472.572776         12536.32099        -12271.02448                
O              154                                                      
    -8.220503892        -7.661085664        -1.242887052                
     8.524158411         10.54275879        -10.92288802                
     272.5256524         14409.84219         3087.233300                
O              155                                                      
    -8.243849346        -2.381085962        -1.350149189                
     3.402572174        -6.290393564        -2.163044921                
    -45.68307113        -16966.80519         6021.282674                
O              156                                                      
     2.075665217        -7.611115443        -5.673814919                
    -2.676636551        0.3278197896         3.823753628                
     10223.92775        -3243.571903         3743.970793                
O              157                                                      
     1.970559898        0.1964072886        -5.657944239                
     1.348515076       -0.6646602322         4.617397267                
    -10884.75740        -31620.39998        -6364.255448                
O              158                                                      
    -8.142873382         9.970860384        -1.282648256                
     8.670553917        -2.663685458       -0.5125367010                
    -11207.94618         32509.80800        -1796.365609                
O              159                                                      
    -8.130066151        0.9568080399E-01    -1.378268137                
    -10.32774311         8.391487610        0.8471281134                
     13022.89309         19599.04168         221.7427795                
O              160                                                      
     2.171523682         10.04429784        -5.460562897                
    -6.609308291         7.933160648        0.8297907317                
     18678.09153        -1713.767496        -10215.67759                
O              161                                                      
     1.821721964         2.646491958        -5.867224390                
    -4.190560837        -2.951107048        -5.432579676                
     6478.920693         3633.415019         3924.309086                
O              162                                                      
    -8.085692559         7.646513731        -1.078115188                
     5.619024637         8.287230704         3.293123098                
    -4645.100513        -20663.96597        -2875.600062                
O              163                                                      
    -7.967048067         2.596904472        -1.036294074                
    -7.307146792         5.305000658        -6.303322796                
     5984.078603        -11177.42258         7619.104400                
O              164                                                      
     1.978994834         7.499831173        -5.596223517                
     2.515004460        -4.343769646        0.1252549806                
     1225.684328         19673.87661        -17338.26701                
O              165                                                      
     6.463952187        -2.457023616        -5.725425275                
    -4.103567714        -4.072591671         6.255743209                
    -12383.93070        -34725.60071        -17587.44422                
O              166                                                      
    -3.780170817        -7.662158016        -1.423181306                
     6.017672669        -2.745409528        0.9837214143                
     602.1229750         13197.78283         12575.51982                
O              167                                                      
    -3.697717584        -2.455949747        -1.391521291                
     4.996369997        -1.614287860       -0.4821664163                
    -11667.86336        -6454.638753        -11845.46466                
O              168                                                      
     6.328210263        -7.642799000        -5.418064878                
     3.448590578        -11.28792741       -0.6073212826                
     19914.33341        -22298.10341         23814.97998                
O              169                                                      
     6.011819450       -0.9640844093E-01    -5.834179714                
    -6.180713798        -1.777108062       -0.7264571512                
     4764.461225         14885.82554        -2216.641138                
O              170                                                      
    -3.689673010        -10.09182793        -1.231635920                
    -8.901403856        -9.426006397       -0.6150174955                
     9300.864525        -13857.22347         3062.234530                
O              171                                                      
    -3.974061913        0.2146989782E-01    -1.298033388                
    -14.56493852        -11.76390113        -7.099383831                
     4649.761082         3534.819582        -8856.605038                
O              172                                                      
     6.230756393         10.01848860        -5.676762864                
     4.081041404        -7.183937381        -4.646593643                
    -4019.680893        -10580.19881         9100.442713                
O              173                                                      
     6.364323663         2.460645617        -5.907113544                
    -2.072942485        -1.991007651        -3.379154700                
    -12920.35761        -25115.90055        -5801.573052                
O              174                                                      
    -3.867077459         7.558165999        -1.214116642                
    -6.706935624         10.23044118        -5.185247385                
    -737.7887326        -2763.529066        -2613.578808                
O              175                                                      
    -4.153436672         2.602366984        -1.110886179                
     9.250826173        -6.110887590        -13.04708012                
     3938.212425        -18175.32022         6485.646985                
O              176                                                      
     6.202727630         7.462304275        -5.638395528                
     1.163126617         5.400393119         3.859648691                
    -4865.742725         18045.35890        -19053.28538                
O              177                                                      
    -10.12009037       -0.9431163439        -2.613668757                
     9.586608579        -3.146332103         2.697813714                
    -1327.003545        -13029.48440        -8005.740522                
O              178                                                      
    0.4517134871        -9.088240471        -4.133866406                
    -3.776213057        -10.78126193        -2.152638109                
    -15446.63805         12362.36613        -4426.718462                
O              179                                                      
    0.5616494073E-01    -1.113745002        -4.374607868                
    -3.552539004         5.002445804        -4.620311404                
     21976.59290        -1627.462618        -18222.64718                
O              180                                                      
    -10.07966073        -9.084388703        -2.476805485                
    0.4365244797        0.5573129674         8.567430888                
    -4108.123485         4282.325668        -5091.664121                
O              181                                                      
    -9.901477120         3.030558168        -2.547762152                
    -1.388362832        -8.788857405        -10.39047218                
    -22816.65207        -9751.833728        -9358.801221                
O              182                                                      
    0.4030281390E-01     6.964853125        -4.084143222                
    -1.492725947         6.295118463         3.993364284                
     24374.01747        -9954.960752        -5452.631092                
O              183                                                      
    0.1926420729         3.062665375        -4.042226623                
     9.312343074        -4.508384582         1.284839004                
    -13922.82614         3410.598938         4040.555163                
O              184                                                      
    -10.16925241         6.922156470        -2.549772636                
    -6.352046688       -0.5001430980         6.022261003                
     6353.774352         8178.854323         8824.570198                
O              185                                                      
     1.728354646         5.007469538        -4.592021813                
     5.437106547         2.799743855         3.690019634                
    -8570.079213         4480.052317        -3005.696978                
O              186                                                      
    -8.661590724         5.140821027        -1.856905468                
    -4.704033412        -1.796612986        -9.737286675                
     22275.95541        -35998.12520        -16496.27379                
O              187                                                      
     6.621864108         4.885856735        -4.759386822                
     1.714599480        -7.988559688         1.362092377                
    -25892.41327         10211.29121        -3609.260211                
O              188                                                      
    -3.854069640         5.046182262        -2.302026537                
    -3.429588497        -5.268367657        0.6508199344                
    -5290.200263         16226.67575         8198.185618                
O              189                                                      
     6.066654043        -5.131642329        -6.277496806                
     12.35275955         16.85367421        0.2650458337E-01            
     8166.543815         33629.83932        -11177.31920                
O              190                                                      
    -4.121743099        -5.160370488       -0.6441824123                
    -12.26551231        -9.981956625        -6.561583512                
     11541.00886         34799.11585         5278.462502                
O              191                                                      
     2.357664071        -5.057222205        -6.486189047                
   -0.8825177483        -3.402597125       -0.4733778131                
     8702.405579         17297.77228        -22793.90371                
O              192                                                      
    -7.808245931        -5.034358103       -0.6154239165                
    -4.590302189         5.780831635         4.057212437                
    -13289.43661        -1968.724559         6336.270832                
O              193                                                      
     7.412754527        0.8267959392         3.277714270                
    -5.419250842        -4.437089575         2.634618049                
    -11019.26168         134.4236975         9683.390612                
O              194                                                      
    -2.581556186         9.115842199         3.480282628                
   -0.2479967194E-01    -6.947514289        -5.390410703                
    -10495.75257        -1266.460628        -9276.189638                
O              195                                                      
    -2.499166658        0.9756728830         3.578533479                
   -0.2984951872        -11.57937076         6.205020696                
    -17416.93734         10449.79309        -15262.48606                
O              196                                                      
     7.591622702         8.721641571         3.285223425                
     1.394313431        -3.533843400         1.200100511                
     26317.21273         4325.202169         14391.96439                
O              197                                                      
     5.763385358         1.055045478         5.402805376                
    -1.166711929        -7.818659396         3.050327108                
     9451.964781        -21242.17783        -12453.81058                
O              198                                                      
    -3.914833988         8.995051424         1.164899757                
   -0.3555254889         2.241649608         3.564163407                
    -4855.570828         579.5244751        -16117.87694                
O              199                                                      
    -3.779656395         1.131549856         1.221749163                
     2.681174251         1.707103739       -0.7018381067E-01            
    -7167.591735        -10764.60804        -4816.545574                
O              200                                                      
     6.142610570         8.785540669         5.593095422                
    -4.215585441        0.6600048953         4.824648865                
     6632.885914         8305.912752        -7974.011016                
O              201                                                      
     6.021594824        -1.602735020        0.1199349589                
    -12.42134787        -2.972439097         4.318951421                
    -332.7936064         14282.53994         11543.52815                
O              202                                                      
    -3.954219134        -8.886573202         6.593122605                
    -7.206569221        -1.227960871        -4.356746876                
     3168.805420         5104.935001         1144.079989                
O              203                                                      
    -4.212799898        -1.085972810         6.408719637                
    -4.827523229        -1.321199871       -0.9769197081                
     2886.334166         2547.344476        -1362.143300                
O              204                                                      
     6.169485227        -8.868840983        0.4710423532                
    -14.92020241        -2.140504156        -9.717810825                
     21755.09070        -4692.851204        -810.5492233                
O              205                                                      
     2.031184307         1.139742734         5.478312572                
     2.615162369         1.224610979        0.9327666526                
     9592.356302        -5405.046533        -10483.17352                
O              206                                                      
    -7.903172666         9.021017093         1.218405381                
     1.958339036        -2.337089691         6.216326037                
    -1410.746646         6078.121154        -26926.05933                
O              207                                                      
    -8.204500849        0.8684163864         1.006838399                
   -0.4573024031         3.539187665        -4.750675698                
    -14327.69443         4961.253820         17412.62368                
O              208                                                      
     1.896419186         9.034164218         5.687982082                
     7.122626455        0.6125339899        -4.206333305                
     14593.01373        -14643.02186         21171.60542                
O              209                                                      
     2.406831302        0.9849236247         2.814017184                
     5.417232062        -3.427185604        -8.156968888                
     2059.857096        -175.1157265         3670.704593                
O              210                                                      
    -7.609517144         9.214515450         3.732006180                
     6.450132272        -4.826284221         7.747121023                
    -5806.167108        -7590.008701         12280.20665                
O              211                                                      
    -7.621613983         1.041600177         3.473609158                
     10.31463944        -2.854846657        -9.905578703                
    -3056.678643         15154.38547         5820.490315                
O              212                                                      
     2.521191809         8.851968413         3.200620739                
     4.987589519        -2.190142770        -1.629400575                
     11446.07423        -4788.638494        -11314.71849                
O              213                                                      
     4.840949472        0.7177279289         3.092006843                
    0.2605830111        -3.650412892        -2.023025097                
    -17081.90636         695.3992875        -13566.95753                
O              214                                                      
    -5.177367174         9.000032771         3.458596854                
   -0.1403445555E-01     5.230267036         9.316275396                
     23750.21357         6826.226755        -6602.537991                
O              215                                                      
    -5.048792383         1.082450896         3.551346785                
    -1.918758530        0.4475133647        -3.255806655                
     788.7639473         14623.05161        -2018.930364                
O              216                                                      
     5.193850883         8.951989087         3.219364559                
    -1.930783506        -6.170416463         12.12166591                
    -43077.39711        -3120.543877        -16803.72901                
O              217                                                      
     7.489688629        -3.424171248         3.046020059                
     3.681855262         7.309822814       -0.8850068224                
     18193.67708         10267.54174         885.2626709                
O              218                                                      
    -2.622207756        -6.851908569         3.252613168                
    -1.075186628         3.372907036        -1.322583825                
     26946.13395         2946.759788         12257.38615                
O              219                                                      
    -2.765536275        -3.209917368         3.419959064                
     2.791348769        -9.754034602         7.418837397                
     3557.512862         10889.81563         379.7786023                
O              220                                                      
     7.420237487        -7.213597201         3.214011687                
     4.260167293         1.224836335        -3.696139988                
    -2018.395130         10851.75892         12737.71484                
O              221                                                      
     6.321281515        -3.324162138         5.409680261                
    0.1829400797        0.2857659459         3.673999095                
    -9274.870009         2771.387688        -9510.121358                
O              222                                                      
    -4.120813150        -7.103376148         1.194770671                
    -1.810592581        -2.151812559         3.995884396                
     2135.940980         15608.27500        -30412.12656                
O              223                                                      
    -4.119257501        -3.199008443         1.115912060                
   -0.7498337377        0.2390050711         6.813327078                
    -784.7522137         10274.30082         6788.313402                
O              224                                                      
     6.278858531        -7.223068457         5.607985060                
    -8.485701062         5.519484808         2.069623049                
    -13476.10671         29767.14284         28015.57911                
O              225                                                      
     6.211350945         3.207621767        0.2013445478                
     1.092386866        -8.168882066         11.80097145                
    -4273.161067        -4500.929413         3237.057467                
O              226                                                      
    -4.213179727         6.581666471         6.683122703                
    0.2210005482         4.379254403        -4.102793406                
    -23619.20266         4465.577518         3533.266010                
O              227                                                      
    -3.940604080         3.533749094         6.466384771                
    -1.454938338        -9.167581860         3.929122512                
    -8531.805027        -1537.533323        -5968.799758                
O              228                                                      
     6.167826888         6.452009702        0.6843693947                
     1.679079042        -4.922538263         3.597159519                
    -31630.51364         9097.411504        -9960.315565                
O              229                                                      
     1.969706256        -2.951550500         5.425985423                
     7.339196357        -2.032967457         4.961873197                
     17665.51091        -12326.54178         21541.78883                
O              230                                                      
    -7.950421962        -6.951991732         1.222913957                
     4.194374639        0.4182621504         4.231308642                
    -13092.03503         14946.49021        -22031.36718                
O              231                                                      
    -7.967200283        -3.107726797         1.091999304                
     8.305300886        -1.918744663         3.077145386                
    -3601.769742        -4343.219541         5970.664576                
O              232                                                      
     2.066193643        -7.044659525         5.415493844                
   -0.9287625162        -3.327963629         1.876105036                
     10733.17120        -1250.785311         28402.14681                
O              233                                                      
     2.365508891        -3.211171661         3.012479444                
    0.3892425267        -3.493440554         4.326251219                
    -7528.500809         20634.60715         4883.852830                
O              234                                                      
    -7.600462499        -7.002962541         3.682156757                
    -4.463031911         8.031780054         5.653124098                
     15604.09915         7380.444156         20139.76334                
O              235                                                      
    -7.683547041        -3.118797015         3.662221837                
    -5.151694061         5.238512061        -2.363515875                
    -12029.27511        -7813.305746         8457.086463                
O              236                                                      
     2.441403118        -7.040359486         3.093260433                
     5.450817688       -0.4258927047         1.625323352                
    -18235.94712        -15538.60068        -3401.181360                
O              237                                                      
     5.010804673        -3.238341029         3.116410392                
     4.597338528         1.837039386         1.990796724                
    -14094.06859         2030.201791         3400.462669                
O              238                                                      
    -5.075231399        -7.046436061         3.597838734                
     5.449635048       -0.4180783635E-01    -4.779090854                
    -20004.85040         21192.44329         18346.31241                
O              239                                                      
    -5.198481129        -3.055130371         3.625652528                
    -8.657318887         2.376456210        -4.210473306                
    -18173.55952        -7005.768127         2098.476760                
O              240                                                      
     4.823498861        -7.176197107         3.366298257                
     3.538945319       -0.7727461835         5.302498172                
     37676.97031        -538.5332236         16763.93414                
O              241                                                      
     6.267712736        -1.198787386         4.009179002                
    -2.942199553        -3.305113466        -9.040763195                
    -6353.103665        -7870.750022        -1754.122984                
O              242                                                      
    -3.858713433        -9.045264371         2.695027307                
     1.370161667         1.522824242        -3.706112042                
     1513.545882        -23946.95578        -235.1464227                
O              243                                                      
    -3.889594635        -1.003800115         2.725897271                
    -1.495520875         8.828126814        -5.956703816                
    -5615.455122        -15666.19687        -13048.89532                
O              244                                                      
     6.438437816        -9.241809017         4.167699554                
     8.421420335         1.889203064        -8.454634723                
    -10449.57357        -12396.19249        -2924.188285                
O              245                                                      
     1.462798687       -0.9210273978         4.021618225                
    -3.178080674        -11.93260602         4.714516724                
     7937.878250        -23380.65855        -7944.738284                
O              246                                                      
    -8.606693749        -9.063883145         2.476204528                
     9.349571135        -6.865741333         3.026976200                
    -11109.97084         13165.02588         4753.760846                
O              247                                                      
    -8.614284053        -1.157618604         2.616518543                
     3.698889219        -7.057623203        -4.964338847                
    -12756.72206         40350.98520         1134.995382                
O              248                                                      
     1.406779315        -9.289491674         4.096909998                
    -1.750415074        -2.269553604        -3.561041011                
     4144.813367        -4670.893836        -1002.615247                
O              249                                                      
     8.327686297         2.211193958         1.358853820                
     3.242442060         4.887102886        -1.553041864                
    -727.8384136         3850.658475         1029.957923                
O              250                                                      
    -2.161065337         7.530358713         5.449807245                
   -0.4127355836         4.507374233         5.311515956                
     5674.739529         22746.19587        -15293.89748                
O              251                                                      
    -1.749166653         2.671134127         5.485863102                
     6.528492039        -1.122411497         3.860357950                
     110.3050375        -10526.39066        -4503.195816                
O              252                                                      
     8.483027180         7.414593681         1.348778044                
     2.348968031        -6.154499423        -5.665147030                
    -3502.004091        -8414.840038        -11469.84717                
O              253                                                      
     8.184139368       -0.2890360073         1.290663863                
     5.967801121        -3.652894864         4.575098778                
    -21632.11389        -26058.84183        -21759.52419                
O              254                                                      
    -1.757620559         10.04322343         5.644120661                
     3.189658873        -2.941124148        -3.069486361                
    -20837.82797         30483.80620         9676.870970                
O              255                                                      
    -1.997693143        0.1567465607         5.743797939                
   -0.4169598705        -2.792397462         9.460559621                
     6274.906991         14732.11743        -4148.704244                
O              256                                                      
     8.201125801         9.928471567         1.288966554                
     1.268750240        0.9292725956        -6.629664657                
     15702.18788        -20090.88026         9385.260882                
O              257                                                      
     8.191484136        -2.745008726        0.8869673515                
   -0.1098816100        -1.539963202         6.498418465                
    -3966.900338         2528.214958        -5044.573458                
O              258                                                      
    -1.968843652        -7.538389656         5.512051408                
    -13.38899641       -0.9068313331        -6.239245729                
    -7997.587482        -3142.233344         13305.22911                
O              259                                                      
    -1.999318748        -2.396902080         5.768940225                
    -2.252468209        -7.686079902        -2.614110162                
    -15479.84992        -5881.955509        -12002.75371                
O              260                                                      
     8.470278965        -7.797379492         1.166737011                
   -0.5520430539         3.840715988        -5.587508994                
    -3223.898703        -21317.24508        -11093.28975                
O              261                                                      
     4.088415151         2.225576991         1.063311897                
     1.529044054         6.865495190       -0.1967451344E-01            
    -10525.11794        -10201.91424         11919.86937                
O              262                                                      
    -6.234735626         7.791171199         5.527601028                
    -5.187520990       -0.2282253116         6.876332834                
     1038.431356        -15780.49144         11702.50277                
O              263                                                      
    -6.225477150         2.598969961         5.296220811                
    -6.910076775         8.245396999         1.887956900                
     26772.90416         17428.46117         18412.64610                
O              264                                                      
     3.881246392         7.480663148         1.411839741                
    0.7623398625        -5.045900346         6.789850427                
     2859.267934        -2254.959146         3326.856253                
O              265                                                      
     3.995428070       -0.2889503584         1.000263331                
    -4.550135981        -1.378717078        -4.725748583                
    -9775.249934         7586.024762         5311.848618                
O              266                                                      
    -5.984877889        -9.947740644         5.496528367                
    -5.541581465         3.863581640        -6.011201006                
    -2790.033689         3764.380811         23760.74379                
O              267                                                      
    -6.326591088        0.2475564437E-01     5.388735673                
     14.00388412        -2.669609697         1.971249782                
     11010.11663         3467.472535         15555.90185                
O              268                                                      
     4.086641461         9.990887060         1.264654586                
    0.5611085261         7.478261551         2.781702831                
     1781.599523         835.4637258        -9081.442336                
O              269                                                      
     3.989841909        -2.713740654        0.9805129981                
     2.373140952        0.2015435986        -8.579001836                
    -20917.19618        -20907.68399         17699.41434                
O              270                                                      
    -6.020617640        -7.465485891         5.795869014                
    -5.553225678        -2.817588278        -8.437260694                
    -65.38672535        -7988.191047         7224.699190                
O              271                                                      
    -6.245645806        -2.609560367         5.765678412                
     3.997845058         1.050243361        -7.311393757                
     832.0490959         38021.09544         26288.50358                
O              272                                                      
     4.000817460        -7.757097868         1.191903117                
   -0.7117589812        -6.406287520        0.5483798042                
     10119.13824         13031.51462        -12188.14494                
O              273                                                      
    0.9089633668E-03     1.100495094         4.226966286                
    -5.215279372         3.557340006         4.559100521                
     316.8243397         3399.502576        -2555.573259                
O              274                                                      
    -10.02897771         8.915900938         2.600758328                
    -7.932605089         6.818823367       -0.3764561183                
    -32796.76400         5920.612100        -2162.774228                
O              275                                                      
     10.07331630        0.7622263559         2.632244043                
    0.1963293781         5.860555102         3.488709076                
    -7745.605147         6412.611312         207.2495129                
O              276                                                      
   -0.6671245006E-01     8.783044868         4.229979032                
   -0.9765925405        -2.036331748        0.6253868492                
    -9366.727648        -7510.734829        -3547.758753                
O              277                                                      
   -0.2051959062        -2.896748811         4.193448093                
    -11.54531792         1.625806191        -3.783844053                
     14979.03143        -13886.16942        -17457.28587                
O              278                                                      
    -10.15216792        -6.991725366         2.885415067                
   -0.3707932472         1.723720774         3.686436327                
     37336.17465        -16433.23669        -10032.57580                
O              279                                                      
    -10.16407157        -3.256422752         2.294878458                
    -1.325998824         5.275968572         3.823235891                
     22322.94827         9671.398886         22556.47169                
O              280                                                      
   -0.4723251510E-01    -7.155014751         4.117630685                
    -11.39704278        -1.574834683        -1.586312124                
    -2350.253781         12604.10635        -9880.648623                
O              281                                                      
     8.694947066        -5.335094911         1.863201841                
    -4.873287015         1.561314167         3.750424794                
    -2808.628907         19457.84377         14718.00682                
O              282                                                      
    -1.637383347        -5.061934209         4.622939705                
    -6.603967629        -7.215790995         1.190662557                
     16594.86191         37161.26418         5958.833449                
O              283                                                      
     3.649411336        -5.195057399         2.134831329                
    -4.833812396         3.995319788        -9.237380829                
     18117.64617         34935.52475        -12855.27276                
O              284                                                      
    -6.476524685        -5.050627769         4.649398362                
    -3.082902541         1.950617827        -4.761636245                
     7405.545145         14452.30321         14447.93801                
O              285                                                      
     4.232117780         4.855855690        0.4137726251                
    -6.146519795         4.497520681         1.326805039                
     6998.602557        -12197.91072        -5970.039587                
O              286                                                      
    -6.103147413         5.194070357         6.286026595                
     4.834812368        -5.480900725        -8.088317121                
     18154.49982        -46111.90560         2493.153269                
O              287                                                      
     7.981738987         4.840740305        0.5292016738                
    -9.918871152        0.4158271337        -1.870823024                
     9376.989379         4141.408495         11990.05371                
O              288                                                      
    -2.133938152         5.165303707         6.355680290                
     3.229202486        0.4540169167         5.165725045                
    -6773.522346        -9914.439041         15429.50852                
C              289                                                      
   -0.2916528658         4.745684705         2.101015646                
   -0.3213892596       -0.4573467461         2.800686764                
     34.77676702        -83.32509697         2.498041439                
C              290                                                      
    -1.636901972         4.900193194         1.745564206                
    0.3830496847        -3.524111221        -1.198416476                
    -32.19244493        -73.28516453        -16.10142469                
C              291                                                      
    -1.984103296         5.155653420        0.4135764768                
     3.567626373        -7.111811066        -2.716601523                
     60.54371302        -117.3595343         12.10759064                
C              292                                                      
   -0.9860555124         5.256605158       -0.5629598141                
     6.047764120        -7.632746439       -0.2356833313                
    -5.213099108        -9.158099352         103.6898948                
C              293                                                      
    0.3591935957         5.102096669       -0.2075083729                
     5.343325172        -4.565981958         3.763419913                
     33.81688960        -24.90882429         8.365127924                
C              294                                                      
    0.7063949186         4.846636443         1.124479356                
     2.158748485       -0.9782821150         5.281604959                
     35.07007908        -31.34419964         13.58114838                
H              295                                                      
   -0.2381184462E-01     4.548615388         3.128549039                
    -2.778062708         2.310307424         3.971858087                
    -94.15232065         90.24700452         136.5398412                
H              296                                                      
    -2.406843877         4.822316581         2.498897325                
    -1.530214081        -3.122267790        -3.112321103                
     73.24084778         97.97823054         51.80977271                
H              297                                                      
    -3.021886222         5.274846125        0.1393762028                
     4.111036056        -9.477621807        -5.801677476                
     173.2608488         133.8232635         787.3616313                
H              298                                                      
    -1.253896533         5.453674475        -1.590493206                
     8.504437566        -10.40040061        -1.406854653                
     905.5100249        -412.2131832         307.5648518                
H              299                                                      
     1.129135499         5.179973282       -0.9608414922                
     7.256588939        -4.967825392         5.677324537                
     77.37711202         60.22567359        -164.0216690                
H              300                                                      
     1.744177844         4.727443739         1.398679629                
     1.615338804         1.387528622         8.366680910                
    -143.2194733        -39.25916490         54.66105417                
