Diffusion in Zeolites. ZSM5 (Silicate) Crystal Structure, Si(96)O(192) +
         2         2       300    133340   1.0000000E-03   1.3334000E+02
       20.3183600000        0.0000000000        0.0000000000            
        0.0000000000       20.1714600000        0.0000000000            
        0.0000000000        0.0000000000       13.5858629500            
Si               1                                                      
     1.696231267        -1.321231212        -4.456099917                
     2.558629365         1.778751112        -1.038597502                
    -3901.825531        -27488.07698        -6376.160200                
Si               2                                                      
    -8.567529361        -8.989621913        -2.120389483                
    0.1445132252        0.2083312748         1.284695716                
     3457.636303         4993.847129         431.4861298                
Si               3                                                      
    -8.442397599        -1.326303551        -2.324806682                
   -0.2608321688       -0.5298963231         3.131131247                
     15926.40155         7594.430529        -2138.336950                
Si               4                                                      
     1.713566330        -8.966765220        -4.663095689                
    -3.254808534       -0.5020776673         5.165712664                
    -12018.94645        -14664.24855         1932.393380                
Si               5                                                      
     4.039466511       -0.6852730557        -2.510095015                
     5.387395568         1.123602339         2.997575286                
     2465.884234        -10222.50880        -4020.940153                
Si               6                                                      
    -6.247342269        -9.522683878        -4.164110438                
    0.9091556279        -1.479436660         2.552371042                
     10912.98165         13909.39299         929.7636139                
Si               7                                                      
    -6.021584707       -0.7095162626        -4.179496049                
    -1.144786379        -2.292869488         4.150205798                
    -13469.49040         2982.221336        -8524.844591                
Si               8                                                      
     4.042993582        -9.568074943        -2.719634167                
    -1.179570994        0.7393598438       -0.8620572658E-01            
    -6983.468871         7095.514853        -17061.73717                
Si               9                                                      
     5.801592012        0.9417363658        -6.237790534                
     1.630487769        -1.167558503        -3.888897447                
    -5525.550813        -7149.446757        -27631.63950                
Si              10                                                      
    -4.533590575         8.801302962       -0.4096945419                
   -0.7299612704E-01    -2.600756549         1.752525395                
     15926.65238        -17380.56929        -16345.39610                
Si              11                                                      
    -4.356003858         1.264135082       -0.3353909463                
    -4.809873216         5.949933137         3.539834336                
    -9586.472100        -31220.78576         18969.92976                
Si              12                                                      
     5.656898188         8.679740195        -6.649515607                
     3.382872469       -0.5326003398       -0.2564144293                
     22672.98823         8044.491047         17551.91118                
Si              13                                                      
     2.618187692        0.9780525049        -6.406842138                
    0.8277397931        -1.747188364         6.887436433                
    -2856.013590         21193.85228         12347.98223                
Si              14                                                      
    -7.709826157         8.788489239       -0.2863328865                
     2.963368248        -1.311632666         3.163316783                
     7699.013756        -5965.139467         3089.659411                
Si              15                                                      
    -7.570780256         1.096316233       -0.4285916481                
    -1.723783141         1.070714491       -0.5451142898                
     21567.11767        -13218.52111         3733.568685                
Si              16                                                      
     2.488588247         8.719930408        -6.581125472                
     1.072706514        -2.922210838         2.008079289                
     4514.352769         18283.47520        -1962.802377                
Si              17                                                      
     8.859410557       -0.7186148866        -2.567455801                
    -3.832475123         1.944919563         2.537250401                
    -2617.967406        -1395.681644         5801.434529                
Si              18                                                      
    -1.350722824        -9.505782916        -4.278738821                
    -3.875608008         4.815241983        0.2985103148                
     4954.109636        -5807.032723        -517.9481521                
Si              19                                                      
    -1.334768795       -0.5842639856        -4.223909382                
   -0.1747392455         3.483880439        -1.197335074                
     10852.51447        -3327.569636        -15999.93258                
Si              20                                                      
     8.785822371        -9.654543607        -2.754073810                
    -2.616957523         1.403395405        -1.182957374                
    -17925.45403        -335.3184713         6693.973003                
Si              21                                                      
     6.487676697        -1.528247116        -4.351876211                
     1.812745910        -2.807794730         1.216471065                
    -7847.112100         7789.031642         606.1213599                
Si              22                                                      
    -3.745317682        -8.952010917        -2.335730035                
     2.798211982         1.464534558         2.507212912                
     7033.470410        -15941.66698        -7624.533747                
Si              23                                                      
    -3.608695198        -1.225497154        -2.222567404                
    -2.467096593       -0.2259929533E-01    -3.413145122                
     8237.577099         12624.51316         3232.256523                
Si              24                                                      
     6.431410415        -8.987737574        -4.698667804                
     3.318422532         2.539232963       -0.7343379782                
    -1887.743104        -45721.43441         1267.607737                
Si              25                                                      
     1.684652052         3.281610327        -4.436009135                
    0.4131133952         2.539633690        -4.936144561                
    -31697.74520         11968.74757        -11453.78318                
Si              26                                                      
    -8.554025597         6.523699916        -2.295291041                
    -3.441600369       -0.9508197732        -3.555999940                
    -610.9638200         6178.261460        -1214.790476                
Si              27                                                      
    -8.510444763         3.423035334        -2.291864094                
    0.4013307697        -1.169869998        -3.756278912                
     29656.34404         1328.257749        -5447.622854                
Si              28                                                      
     1.634212959         6.455689552        -4.588063711                
   -0.7271970265        -8.325858928         2.765916680                
     1982.217680        -6126.702206        -2285.495973                
Si              29                                                      
     3.961566335         2.490854507        -2.542549319                
     1.548634326        -2.636884761        -1.290520737                
     24380.92407        -23822.51012        -19585.92367                
Si              30                                                      
    -6.170943322         7.509632776        -4.098751029                
   -0.6024531655        -4.673217887        -4.158192230                
     5217.858839        -5018.187959         9927.875091                
Si              31                                                      
    -6.131498688         2.485101108        -4.103180775                
    -1.488105748        -1.521556297        -1.135917471                
     7065.274138         18424.41877        -14654.80305                
Si              32                                                      
     4.039867337         7.487387270        -2.810276074                
    -2.020844837       -0.8375300060        -3.534666881                
    -3273.157055        -23649.57912        -13138.19533                
Si              33                                                      
     5.673401357        -3.656882971        -6.400356400                
    -4.380107247       -0.4183715758        -2.396313534                
     23577.19714        -8189.919040         6396.244048                
Si              34                                                      
    -4.503383072        -6.643073599       -0.3594513182                
    -5.456593810         3.321219029        -1.054434851                
    -11190.41579        -13861.38387        -13650.26678                
Si              35                                                      
    -4.439355375        -3.601507368       -0.3632877123                
     2.661819521        0.8026032000         2.726857553                
    -2127.654237         19502.77105        -7272.962425                
Si              36                                                      
     5.632593853        -6.754196351        -6.668297182                
     5.935181143         2.612736762         5.202897146                
    -2244.185497         3449.733584         2764.872897                
Si              37                                                      
     2.527507738        -3.574233002        -6.489924878                
    -2.475587550         3.785597543        -2.662006472                
     11743.97886         20605.65557         15852.30597                
Si              38                                                      
    -7.700592201        -6.593473766       -0.3066283944                
    -1.296601313        -4.565524932         2.136713974                
     4481.273654        -6243.237420        -2917.053873                
Si              39                                                      
    -7.612936112        -3.491143040       -0.3410099492                
     1.341486663         4.778210303         2.661231523                
     53.52192228        -4192.339005         23774.46871                
Si              40                                                      
     2.453924954        -6.658222420        -6.571717743                
    0.2346675379        -2.420449181         6.398592253                
    -10072.40792        -3931.560453        -9030.220190                
Si              41                                                      
     8.854830339         2.460320982        -2.584153063                
   -0.7829953599        -4.425182849       -0.6707421497                
    -7135.993832        -15464.84137         11715.46979                
Si              42                                                      
    -1.346151646         7.447629827        -4.351884864                
    -2.954110202        0.1943618105        -7.895625944                
     7426.439305         13245.99236         11248.37719                
Si              43                                                      
    -1.408822712         2.596820067        -4.155050930                
    -2.267139779        -5.003254961         7.960114311                
     13271.36432         7376.109622        -6609.527011                
Si              44                                                      
     8.783929477         7.351064379        -2.757672408                
     1.405131567         1.697960699         5.665949675                
     3305.772890         11011.71603        -660.2950812                
Si              45                                                      
     6.463934149         3.310122063        -4.348527945                
   -0.7209987263        -2.793719195        0.7641131400                
     2573.261288        -2556.401751        -13287.76920                
Si              46                                                      
    -3.646130367         6.620165395        -2.355889137                
    -3.990349833        0.8133709987         7.872975789                
    -6859.813410        -8426.382022        -1545.235161                
Si              47                                                      
    -3.701824114         3.513001985        -2.308053253                
   -0.3069241058        -2.932276106        -3.453554440                
    -33238.95449         5486.570160         9749.011202                
Si              48                                                      
     6.500952019         6.410700884        -4.667576141                
    -2.009596107        0.6321635371       -0.9675751621                
    -18435.73841         23902.84655         5488.748204                
Si              49                                                      
     8.665304315         1.320628860         2.238031061                
     6.239723358         1.657215351        0.7345497101                
    -15923.95353        -22763.87713        -13939.57823                
Si              50                                                      
    -1.678976984         8.882588774         4.484775246                
     6.397448228       -0.3526620040        0.6422093795                
    -464.8798155        -8028.097797        -1454.259562                
Si              51                                                      
    -1.388583190         1.210920311         4.649924761                
     4.537325237        -7.283908118         1.004668805                
    -1686.935465         13290.78445        -651.4456090                
Si              52                                                      
     8.512284122         9.042977317         1.996937452                
    -4.480603511         2.902266687        -1.387748773                
    -33277.82991        -19042.93595         1922.209316                
Si              53                                                      
     6.524016518        0.5241423928         4.285175572                
    -1.674839389         1.559636812         1.270231943                
    -16599.84589        -9469.527579         19227.86674                
Si              54                                                      
    -4.073415993         9.436713868         2.593068041                
    -1.096927237         2.980299768        0.7352710082                
    -5437.392813        -10552.84506        -11033.11712                
Si              55                                                      
    -3.725611194        0.6006448598         2.669786413                
    0.3276310029         4.903553839         1.171233635                
    -11210.86102         4700.589149         2741.404762                
Si              56                                                      
     6.115085248         9.468354555         3.957331466                
    0.6957820298        -3.293350681        -2.530380469                
    -7060.622173        -18872.04048        -4036.917797                
Si              57                                                      
     4.537351815        -1.225664195        0.5185809759                
    -3.023998724        0.4188352105E-01    -1.267269476                
     11864.78359         10580.79055        -2385.134623                
Si              58                                                      
    -5.687797361        -8.909948776         6.424629821                
    0.7560059211        0.9480268874        -2.088729715                
    -25673.29243         12142.20723        -8743.966020                
Si              59                                                      
    -5.569140223        -1.107133676         6.335785250                
    -4.098183600        0.7340529937        0.4510340715                
    -18790.69357        -19234.26438        -14606.88019                
Si              60                                                      
     4.340829955        -8.821593715        0.2627256208                
     1.841536004        -6.544046977        -3.028182381                
     12051.17874        -20239.49903         18835.24492                
Si              61                                                      
     7.719766435        -1.195356366        0.4045132531                
     2.772520771         4.322736471        0.1315279813                
    -1402.426947        -889.4518819        -25845.91771                
Si              62                                                      
    -2.564587834        -8.864124964         6.353356030                
    -2.167548584        -1.118752614         6.370881018                
     28499.50388         8122.701586         28536.63223                
Si              63                                                      
    -2.443640840        -1.197255913         6.428963952                
    -2.481819439       -0.7785724307        -5.210738328                
     379.1703875        -16223.37808        -5629.533690                
Si              64                                                      
     7.609011708        -8.770921470        0.5266433148E-01            
     3.447093016         1.638097909         1.605888954                
    -11364.83963        -4602.551362         14799.79843                
Si              65                                                      
     1.640517085        0.5699267961         4.178410349                
     2.927926800        -1.437895631         1.340796349                
    -15414.79283         13614.56873         25859.09815                
Si              66                                                      
    -8.812012913         9.412573659         2.545059740                
    0.1661553636         2.836320215       -0.1152211895                
     16003.60774         29528.54408         32981.96145                
Si              67                                                      
    -8.656275472        0.5371915071         2.473854373                
     3.741594245        -2.173641788        -2.636762113                
     13427.48640        -24365.92541        -3638.252265                
Si              68                                                      
     1.325105995         9.443418788         4.185518531                
    -4.016426732         5.601927455        -1.002602212                
     12018.26388         15131.56067        -23938.69228                
Si              69                                                      
     4.086355044         1.278476123         2.431765940                
   -0.9922112416         2.035406558        -2.386349053                
    -6024.200562         10957.95497         5856.588132                
Si              70                                                      
    -6.499575486         8.788513392         4.551421859                
    -3.418995459        -1.943839799        -6.563684314                
     6312.161400         15792.73649         17292.95641                
Si              71                                                      
    -6.332005977         1.270765494         4.431054848                
    -7.201670008        -3.776354986         1.486848383                
     20450.34072        -4600.266345        -14032.78792                
Si              72                                                      
     3.574601493         8.883425793         2.174791807                
    -5.251895598       -0.6659913032       -0.4122355705E-01            
     20574.22590         3997.019840        -20224.50372                
Si              73                                                      
     8.609470212        -3.599092537         2.246997443                
     1.256911008        -2.950904848         1.693543892                
    -1429.001482         17490.29809        -6918.007751                
Si              74                                                      
    -1.660290353        -6.694599741         4.415111095                
   -0.3440244063E-01     4.295563204         4.869956087                
     3567.417792         38371.59596        -4058.170624                
Si              75                                                      
    -1.472277268        -3.501975596         4.441591564                
    -2.324635521       -0.9556842881        -1.271626271                
    -28446.10837        -5022.355872         297.2032636                
Si              76                                                      
     8.585144219        -6.694774083         2.111727028                
     1.918078280       -0.1304895240         2.520098972                
     6623.855329         260.8121801        -1885.212309                
Si              77                                                      
     6.324107200        -2.702586998         4.231562322                
    -6.008392786        -6.268339811        -1.953688916                
    -10096.72529        -1691.020913         6484.256824                
Si              78                                                      
    -4.055871761        -7.566471854         2.584360593                
    -1.458962599         2.810890943        -2.564462827                
    -4513.425122        -3995.423151        -7291.017229                
Si              79                                                      
    -3.822751632        -2.574547079         2.579880618                
   -0.9832802924       -0.7832491992       -0.1726789498E-01            
    -19201.42293         1122.190146         431.4709054                
Si              80                                                      
     6.254605014        -7.583393129         4.008403665                
    -3.868654427        -1.598492065       -0.7610486217                
    -16913.09260         10159.98393        -18080.69915                
Si              81                                                      
     4.584492214         3.545311403        0.3222339709                
    -2.379968368         6.285322447       -0.9252697839                
     3726.286932         2941.192801         14749.37385                
Si              82                                                      
    -5.762680313         6.538234272         6.551659631                
    -1.762174875        -1.641410176        -5.412977192                
    -1259.739580         2547.966084        -15122.75273                
Si              83                                                      
    -5.658946306         3.425273760         6.506548622                
    -5.824149337       -0.6282154167E-01    0.6673015277                
     4549.076873         13194.98784        -163.4048458                
Si              84                                                      
     4.483037957         6.657470386        0.2052100528                
     3.600340294         6.933053532        -5.719425524                
     4973.273773         4236.181859         6963.365346                
Si              85                                                      
     7.753138933         3.517369498        0.2250862108                
    -1.100834471        -1.187523563         1.273303775                
    -3820.162521        -1303.936648         13487.32041                
Si              86                                                      
    -2.609252045         6.579932875         6.405974915                
   -0.5139159698        0.2997544390        0.6066831791                
     25047.51462         4343.486929         7318.682421                
Si              87                                                      
    -2.488158028         3.470241203         6.572911734                
    -5.536916057       -0.4615807022         2.072700510                
     15973.17551         940.4509153         1396.591998                
Si              88                                                      
     7.686933571         6.613978580        0.1269842045                
     3.371424458        0.9841045260         7.573466710                
    -8449.486932         20029.83207         6033.467849                
Si              89                                                      
     1.476021550        -2.562674990         4.294205769                
     3.824252312         5.228569831         3.137535703                
     17792.49004         7931.281517        -7988.995975                
Si              90                                                      
    -8.728341735        -7.538358143         2.509605450                
    -1.096528038         4.306986976        -3.697687521                
    -19111.86483        -29545.02613        -3755.554367                
Si              91                                                      
    -8.684686446        -2.650815845         2.604525483                
     4.822816892        -5.524053250        -4.271415708                
     7130.217940        -1180.983813        -16607.04610                
Si              92                                                      
     1.344445484        -7.528193688         4.149982600                
    -1.355022083       -0.2645560377       -0.1406485077                
    -13952.63083        -5997.577652         20530.46916                
Si              93                                                      
     3.814627418        -3.578913319         2.448522648                
    -3.476045746        -1.134253223        -1.683268959                
     2572.222515         21241.35034        -2823.709155                
Si              94                                                      
    -6.482794858        -6.623405658         4.404193640                
     3.960412034         2.355628951        0.1905720925                
     12737.25668         9573.493117        -8918.792541                
Si              95                                                      
    -6.261505411        -3.476853421         4.424002073                
     3.299898698       -0.6851320498         2.164603622                
     6496.720043         4741.682974         3433.411339                
Si              96                                                      
     3.663767028        -6.666116699         2.310625450                
    -1.120724666        -2.129775942       -0.9058428545E-01            
     12212.68655        -1760.552676        -7524.570851                
O               97                                                      
     2.739728622        -1.181541260        -3.283040763                
     1.786392448         1.823066536        -6.077566955                
    -3226.606369         9885.764122        -794.7625913                
O               98                                                      
    -7.514758743        -9.160801721        -3.267481199                
    -1.443341124        -4.520986332         3.003151487                
     9953.596263         138.6807314        -12688.21322                
O               99                                                      
    -7.380883585        -1.218258286        -3.505787296                
   -0.1154924013         1.129424367        -2.133889660                
     7742.270277         4696.172933         4489.092801                
O              100                                                      
     2.730251835        -9.115487829        -3.476509778                
     7.217324477       -0.1638333107        0.3113694627                
     6271.215244         6324.574284        -3819.948547                
O              101                                                      
     4.114801004        -1.029970186       -0.9887742230                
     5.784478711         7.672772193        0.8486424215                
    -5844.811473        -439.7967510         9027.451565                
O              102                                                      
    -6.201980603        -8.942144998        -5.670578315                
    -2.512727494        -2.383978471       -0.8233772335                
     2682.738720        -15131.39041         12577.24113                
O              103                                                      
    -5.912021358        -1.044810951        -5.739512220                
     1.161288150         5.774103593        -5.082315904                
    -2965.134465         9999.440720         24798.21147                
O              104                                                      
     4.017194417        -9.159679712        -1.207203703                
    -5.976754560         6.254389425        -1.145407127                
     2202.100696         271.1730559        -14204.67891                
O              105                                                      
     4.179099762        0.9501790572        -6.375144416                
    -1.689922080         7.523568751         2.930739971                
     22084.29573         327.8488731         3406.684873                
O              106                                                      
    -6.111913667         8.747674183       -0.3222922317                
   -0.9458630560         5.104160943        -2.848247578                
    -9710.825881        -325.4356362        -6620.626160                
O              107                                                      
    -5.949585115         1.083482172       -0.3393351738                
   -0.5419229735        -1.053030045        -4.239406140                
    -7889.341669         2525.311107        -7548.541749                
O              108                                                      
     4.086810553         8.696169614        -6.648031235                
    0.3281581251         1.969284935         3.764022970                
    -7995.209897        -3238.179967        -5220.494744                
O              109                                                      
     8.288550811        -1.027203521        -1.103226118                
     5.570376188        -4.640375209       -0.2881591566                
     2998.804936        -4108.687989         1467.968258                
O              110                                                      
    -1.952480153        -9.106639163        -5.736718679                
     3.082217553         3.653901813         3.660686954                
    -804.8860793        -7.930467645        -3993.188074                
O              111                                                      
    -1.890806173        -1.054049206        -5.673996418                
     6.706184139        -8.192648895        -6.017807072                
    -5026.994112         4018.872600         4765.415516                
O              112                                                      
     8.118989258        -9.093585924        -1.386963621                
   -0.5380227361E-01    -4.754983154       -0.3152658326                
     67.62084603         2214.858070        -7609.053774                
O              113                                                      
     7.870787925        -1.332701372        -3.638707190                
     1.508165115         2.653133420        0.7973579060                
    -1747.829396         335.6683978         7484.445216                
O              114                                                      
    -2.372301592        -9.077089021        -3.127888335                
     2.007217847         2.750551103        -5.841335781                
     1324.461999         6502.196770        -6252.831394                
O              115                                                      
    -2.291513703       -0.9808714104        -3.080950007                
    -1.890167584         10.40546771         2.825917908                
    -14354.80009        -11896.65787         5230.107956                
O              116                                                      
     7.784819122        -9.179951624        -3.893759148                
    -10.10112136        0.9453138800        -2.935507621                
     6007.355711         6516.501350        -737.3445847                
O              117                                                      
     5.274653885        -1.322340578        -3.282820603                
    -4.181285085        0.4392564565       -0.6883982179                
     12412.86524         3474.717126        -11446.58810                
O              118                                                      
    -4.891200844        -9.141974916        -3.421022690                
    -2.945238819         2.418809120         5.165220508                
    -7749.542285         16918.19399         3576.553969                
O              119                                                      
    -4.812865174        -1.159937949        -3.282712681                
    -5.935778953        -4.902506583         1.031411604                
     4392.266454         2906.154725         2339.501748                
O              120                                                      
     5.292581904        -9.070948852        -3.600514742                
     1.848765628         3.383994967       -0.8541968389                
    -6963.845275         1302.116405         13289.93859                
O              121                                                      
     2.679903205         2.894015780        -3.318943117                
     1.991610199        -3.140493199        -3.667765651                
     7596.027351         8562.334955         9734.933670                
O              122                                                      
    -7.455403977         6.982636358        -3.310131488                
     8.186371971         3.917815437        -4.036578213                
     6821.695847         5565.762740        -8376.707957                
O              123                                                      
    -7.392276503         3.042421928        -3.373625292                
    -1.060144461        -4.009918324        -2.600849843                
    -10630.96425         1329.763977         4759.737081                
O              124                                                      
     2.713141697         6.930791744        -3.537052182                
    -4.040350637         3.970781923        -3.959906819                
     10258.01102         851.7074891         1573.122532                
O              125                                                      
     4.101769462         2.966720649        -1.101463615                
   -0.4132365415         3.852784189        -2.249140000                
     2028.328885         15277.72116         29417.30703                
O              126                                                      
    -6.137425243         6.994315755        -5.596563370                
     4.244387707         2.504845375        -2.571502459                
     61.26949923         1621.697050         11238.64223                
O              127                                                      
    -6.163007540         2.939828821        -5.674311337                
    0.9559642359         2.833974682       -0.2295468495                
     9433.704733        -6759.172622         14783.99102                
O              128                                                      
     4.115656604         7.053988751        -1.272138644                
     1.461522412        -1.227712116        -3.536324432                
     3064.993110         4234.668158        -12576.51021                
O              129                                                      
     4.156602195        -3.463229254        -6.370841579                
     5.091775016        -1.206849846        -1.302123656                
    -35874.83551        -2128.181061        -3585.039102                
O              130                                                      
    -6.124331953        -6.737589384       -0.3290868812                
    -6.615600766         4.620460477        -4.206447396                
     14100.28054         5866.930321        -8301.731215                
O              131                                                      
    -6.033726321        -3.447584474       -0.4492898767                
     2.662664362        0.7140440890        -6.534545958                
     10391.42813        -2504.977052        -3294.545907                
O              132                                                      
     4.043374182        -6.839566558        -6.650562988                
    -6.949374751        0.8929114264         1.742670492                
    -5306.746037         848.0242181         3547.069340                
O              133                                                      
     8.322652857         2.947466998        -1.117778663                
   -0.6853661555        -4.508425445         7.390034239                
     11817.55061         300.8739843        -16333.49530                
O              134                                                      
    -1.931399106         7.057068611        -5.784205307                
     3.752130338         1.206362538         5.909527540                
    -5950.807076        -5096.859502         2716.342216                
O              135                                                      
    -1.933833159         3.176439379        -5.547962441                
     5.339810399         6.646628562         9.955923170                
    -3773.457198        -7354.004681         1052.545021                
O              136                                                      
     8.176499156         6.938729796        -1.347545401                
    -2.512709824        0.3614899674E-01     8.567162091                
     8175.269387        -3167.462364        -2002.485077                
O              137                                                      
     7.801949771         3.066300704        -3.566527442                
    0.9266117380        -4.256661715       -0.1958618570                
     6831.599691        -2252.426115        -1703.715981                
O              138                                                      
    -2.402501498         6.986309992        -3.237581183                
    -7.326391666       -0.5803309931         1.567302687                
     12178.27031        -2091.283085        -10040.93142                
O              139                                                      
    -2.441200160         3.128376378        -3.055783148                
     5.677386856         3.065773931         1.142084254                
     34284.26780        -16167.46206        -13447.63316                
O              140                                                      
     7.801740821         6.910673212        -3.884572624                
    -4.172025423        0.6163393033       -0.5209382524                
    -6333.567483        -13558.72401        -7064.978856                
O              141                                                      
     5.292443955         2.955598966        -3.376756433                
   -0.8052486090        -2.418273672         3.053379845                
    -21863.34725         5645.502833         7080.771772                
O              142                                                      
    -4.912774222         7.026535393        -3.263737525                
     2.457745247         1.959576036         1.641661427                
    -220.1188531        -4011.269039        -2557.824955                
O              143                                                      
    -4.862317577         3.126316220        -3.339134325                
    0.9533115396E-01     2.635892536        -4.528296870                
    -11079.84667        -10658.90769        -4836.401844                
O              144                                                      
     5.261781427         6.875630098        -3.689558772                
    -4.491828348        -6.355656132       -0.9931028677                
     1162.353286        -2446.293933         5578.076868                
O              145                                                      
     4.053746910        0.8981556819        -2.585326234                
     7.081277523         5.550582613         5.265250102                
    -4510.094477         100.7348644         1036.946988                
O              146                                                      
    -6.098394124         9.088829451        -4.103031695                
    -2.372037189        -2.610254181         4.391224865                
    -18411.76978        -8168.071425        -13059.17857                
O              147                                                      
    -6.036253633        0.9195889560        -4.074015978                
    -5.347264775       -0.9434055303        -1.385084834                
    -216.1975878        -16182.29276        -2157.930620                
O              148                                                      
     4.020779449         9.041093344        -2.903211187                
    -6.077468673        -1.795729901        -4.244388747                
     8143.425197         445.8691401         13080.66009                
O              149                                                      
     8.742559275        0.8524427830        -2.692924152                
   -0.5697358755       -0.9338154468        -7.830037816                
     10393.04940         17467.64668         424.4665635                
O              150                                                      
    -1.280510818         9.074660483        -4.211176486                
    0.8218280094        -2.458913091         7.331459681                
    -2949.375542        -16939.98426        -10003.95154                
O              151                                                      
    -1.355439098         1.012745425        -4.197752223                
     1.485330822         1.913855548        -1.403634706                
    -4123.169688        -4009.099312         560.2983610                
O              152                                                      
     8.786206591         8.956815384        -2.741091214                
    -1.228108239         6.608840566        -9.474522560                
     2584.713085        -16426.82254        -4309.559511                
O              153                                                      
     2.013460514        -2.674587414        -5.286589125                
   -0.3722077488         6.664002677        -11.35723591                
    -5817.112361         9501.561006        -3846.803219                
O              154                                                      
    -8.299853486        -7.609078322        -1.395608614                
    -6.830613537         2.880487449        -1.646150083                
    -3024.418270         5390.097031         7020.310576                
O              155                                                      
    -8.220414349        -2.563214376        -1.415089319                
     4.653779608        -3.827395327         2.431603646                
     795.3182183        -6266.581659        -6512.446504                
O              156                                                      
     1.867283982        -7.667433393        -5.498179745                
    -1.798354919         5.523583813         2.881213605                
     15205.09882         16726.99058        -5906.516696                
O              157                                                      
     2.064203166       -0.1889690637        -5.515975183                
     9.791890102         1.630106158        -2.021645072                
    -2981.241722        -5369.983633         9354.540285                
O              158                                                      
    -8.176180021         10.06796327        -1.069316506                
     3.113324328         2.346483266         4.249909004                
    -1987.079984        -1683.107101        -794.7399260                
O              159                                                      
    -8.059639976       -0.1521177613        -1.309868649                
    -4.248916031        -3.257931724        -1.156606757                
     5393.960458         13638.63677        -2857.591983                
O              160                                                      
     2.086328124         10.03352830        -5.711995831                
     3.394256333       -0.9427471767        -2.735978018                
    -907.0405439        -13230.63739         2189.048653                
O              161                                                      
     2.139984606         2.306798795        -5.563935750                
     4.592368842         2.100492445        -3.361619538                
     4689.298741        -13584.65583        -16816.02678                
O              162                                                      
    -8.312972364         7.562467840        -1.115000195                
    -4.074643561        0.9075917369         1.559233874                
     1935.418310        -390.4903929         4205.786656                
O              163                                                      
    -8.050275524         2.404111348        -1.184786622                
    -4.523802286        -3.611435385         6.281599185                
    -4726.273309        -4594.618322         11358.64906                
O              164                                                      
     1.985691368         7.419497834        -5.848556818                
     4.186381916        -7.428290712        0.5106291982                
    -1810.390423        -3118.590092         8475.185403                
O              165                                                      
     6.342372028        -2.815095969        -5.240119331                
     4.202440601         6.095475867         5.118010782                
    -6480.769608         4327.471108         938.8657355                
O              166                                                      
    -3.971556612        -7.660815604        -1.452922483                
    -1.687485591        -1.578146523        -2.281733831                
    -1241.318357        -2925.618712         2930.488582                
O              167                                                      
    -3.780316130        -2.535116314        -1.388914630                
    -1.059194397        -5.341561586        -3.880188915                
    -6488.268014        -10489.27657         11881.81109                
O              168                                                      
     6.159412588        -7.839539900        -5.652878672                
     5.983155210         2.308150950         1.494002330                
     4287.998917         27638.49118        -7621.927926                
O              169                                                      
     6.213455893       -0.2703147865        -5.347460916                
     1.585065247         2.331237985        -1.936227089                
     1891.354311        -16638.07964         10053.67707                
O              170                                                      
    -4.017304665         9.941151302        -1.399173971                
   -0.7824952431         6.684977700        -3.739651424                
    -4509.708940         9665.318858         9697.345977                
O              171                                                      
    -3.744096151        0.4820408664E-01    -1.249058038                
     1.179477507       -0.9195852309        -3.220190833                
    -12494.47241         1354.199546         5258.760469                
O              172                                                      
     6.149395116         9.889667036        -5.658702263                
   -0.7650178503         7.537100403        -3.869898515                
    -277.2949129        -2305.663348        -7518.483483                
O              173                                                      
     6.262737604         2.229830388        -5.515721564                
     1.356608779         2.998342687        -5.207442385                
     2202.258670         17266.65283         11457.96587                
O              174                                                      
    -3.903099363         7.467671360        -1.086324858                
    -3.043918600       -0.2458369391        0.8697895740                
    -9794.575368         18217.80370         6654.979891                
O              175                                                      
    -4.061140516         2.551406382        -1.077106820                
    -3.637876056       -0.6702718768        -4.652833137                
     17051.40366         22077.91094        -17006.05683                
O              176                                                      
     6.158508171         7.349890237        -5.907919140                
     8.220233765        -2.310227446        -4.623234663                
     4405.121920        -2469.060366        -4056.188096                
O              177                                                      
    -9.907360284        -1.100928596        -2.666363026                
    -1.558290932        -6.055712456         2.546929525                
    -32242.97480         1628.389080        -5235.892932                
O              178                                                      
    0.2087064981        -9.117180983        -4.238086176                
     6.108660482        -5.963527166         1.352294434                
    -16156.59400         1641.837905        -2563.407483                
O              179                                                      
    0.1396785355        -1.174380279        -4.151036753                
    0.9579495390       -0.9765734706        -3.308571391                
     7081.759793         11796.88603         1354.255138                
O              180                                                      
    -10.02536743        -9.310200815        -2.614670539                
     1.382424033         5.728390976        -3.084023837                
     4915.624003         16555.57795        -2734.239257                
O              181                                                      
    -9.942638131         2.924491329        -2.673484644                
     5.108104236        0.9141304245         3.833900525                
    -16265.93851         8378.481071         4796.243293                
O              182                                                      
    0.1582137873         6.824353255        -4.227095596                
    -4.123010525         5.086480384        0.5812106678                
    -23498.54679         11141.57853        -7138.539767                
O              183                                                      
    0.1403787493         2.978814124        -4.106307915                
   -0.3190112680        -3.999293633         3.116167522                
     300.9940552         2000.873531         2847.610813                
O              184                                                      
    -10.04765615         6.745042300        -2.841727527                
     6.878222061        -1.446173206        -4.400306051                
    -2674.015019         4890.715473         14329.73144                
O              185                                                      
     1.719211927         4.864599313        -4.691566296                
     5.683601981        -2.580932915        -2.633248905                
     6498.172390         174.9565122         251.3897394                
O              186                                                      
    -8.361740197         4.992843715        -1.994607084                
    -1.953103321        -1.179388593        -2.990288205                
    -19157.32527        -13014.54328        -6703.922264                
O              187                                                      
     6.481827488         4.843781346        -4.746109567                
   -0.5226904315        0.7548826653        -1.574324897                
    -1435.754022        -199.9983187        -886.9292971                
O              188                                                      
    -3.694266464         5.050174380        -2.116968854                
    -6.412052198        0.8268752992        -2.399297651                
     3882.673044         10945.95114         1698.398058                
O              189                                                      
     5.862331283        -5.232090229        -6.365497172                
     4.645489800         3.247943948        -3.496106691                
     3829.297794        -431.6560481         3369.151057                
O              190                                                      
    -4.159436524        -5.137577689       -0.6358198642                
    -2.323637540        -4.897445006         1.093872658                
    -3407.227117         9046.046894         12662.42753                
O              191                                                      
     2.215620293        -5.096742136        -6.408124428                
    0.2925535347        -3.861293648         3.120387496                
     5957.964232        -8094.049138         1176.336406                
O              192                                                      
    -7.927805131        -5.031977472       -0.4733050071                
    -8.178977658         5.944231973        -8.941478583                
    -2664.677467        -10701.16659        -756.9245448                
O              193                                                      
     7.735959428         1.121236792         3.517971186                
     2.346197604         7.943809371         1.582644589                
     11765.48501        -1454.224381        -12772.63735                
O              194                                                      
    -2.756419588         8.946854829         3.329967568                
    -5.165702166        -9.323135199         3.046767254                
    -3245.799012         6907.300955         4537.711885                
O              195                                                      
    -2.387093298         1.027787466         3.437079337                
     3.154053268        -3.725301326         4.203331810                
    -10904.18247        -2549.646687        -348.2719164                
O              196                                                      
     7.323608741         9.039958179         3.114413485                
    -2.494491307        0.3844997143         8.028390176                
     31131.73578        -1309.712505        -22875.86800                
O              197                                                      
     6.381387527        0.7977780948         5.840772557                
     1.244332979        -3.241356743         8.939701644                
    -6992.614557         4181.724596         5776.207398                
O              198                                                      
    -4.135864149         8.987053637         1.063637283                
     7.543222469         3.928755216         1.599574520                
     298.5621222         5907.419037         22634.80717                
O              199                                                      
    -3.905541796         1.149847942         1.195557197                
     2.030421132       -0.7863843872        0.5657258704                
     4213.595844        -5119.237591        -7938.880829                
O              200                                                      
     6.164004387         8.932462881         5.432052939                
    0.5109353817       -0.3317577668        0.5719515409                
    -17279.50149        -1045.894229         17041.55637                
O              201                                                      
     6.133401193        -1.176067951        0.4344612271                
    -7.949009299        -12.00334202         2.476093413                
    -1813.867882        -1871.416372         3425.731070                
O              202                                                      
    -4.112713306        -8.892671600         6.436745751                
     2.937332583         1.956014115         2.454614356                
    -7720.100062        -4400.923667        -4545.352117                
O              203                                                      
    -4.035322821        -1.082905488         6.316387491                
    -4.391452348        -3.499246805       -0.6980051450                
     32224.10818         6686.482829         7304.094295                
O              204                                                      
     5.944722606        -8.740824786        0.2069042088                
    -1.310681497        -3.879986951        0.7429065224                
     27888.08463        -382.4163181        -6082.628158                
O              205                                                      
     2.131780860        0.8748807388         5.723204601                
     3.454689120        -5.768082406        0.4528686260                
    -14088.04146        -2596.724480        -26501.89625                
O              206                                                      
    -8.216918259         8.927531914         1.207447125                
    -1.130480365         6.180878010         2.051461339                
    -3484.301506        -8551.441452        -16547.72061                
O              207                                                      
    -8.087280533        0.8894406540         1.041866171                
    -3.625062324        -4.332552111         7.493769232                
    -11226.42722         6815.362711        -2429.510726                
O              208                                                      
     1.928005907         8.988446349         5.526777252                
    0.5186560167E-01   -0.2916575068         4.675249779                
     4341.878772        -9868.259961         21937.92196                
O              209                                                      
     2.722429478         1.093351848         3.241700574                
    0.2127367922         3.704951948        -2.738067008                
     11767.15702         8718.736064        -14088.40635                
O              210                                                      
    -7.750665485         8.965756409         3.688411632                
    0.9022255547         1.989566438        -2.805695525                
    -32446.78815        -5102.020407        -12607.54559                
O              211                                                      
    -7.553094649         1.055734566         3.482955775                
     2.911738170       -0.1782905155       -0.5490005490                
    -15826.26112         5899.127343         6779.343999                
O              212                                                      
     2.315523994         9.002494388         2.996165100                
    0.2960471451        -5.389248158         1.928652912                
    -29517.77206         3392.334961         22254.98454                
O              213                                                      
     5.266742656         1.065374574         3.460607318                
     1.522656427        0.9740300185         1.329800078                
     3914.268344         812.0554599        -1043.550760                
O              214                                                      
    -5.336024666         9.025925311         3.501129374                
     5.192368948       -0.9054273847E-01     6.070895150                
     16779.47606        -6155.233643        -2054.729110                
O              215                                                      
    -5.000321669         1.059980727         3.540492249                
     3.962966229        -4.456821742         4.905537604                
     2430.856482         3344.429271         1019.524905                
O              216                                                      
     4.786202839         9.069387313         3.175250684                
   -0.4176952413        -5.869230719        -1.394072870                
     4387.762401        -7466.728657         10368.40700                
O              217                                                      
     7.561658050        -3.253190766         3.393910504                
    -2.984565543        -1.833251090        0.5042043660                
    -2653.572521         6046.489916         1378.400660                
O              218                                                      
    -2.799153881        -7.062561815         3.377198337                
   -0.3437178379        -3.626824982         7.716601153                
     9699.000610        -6710.341914         418.2870274                
O              219                                                      
    -2.529128662        -3.086542946         3.308351857                
    -1.036600219        -4.021252793        -8.462824703                
     7392.386446        -2580.356555        -73.52730885                
O              220                                                      
     7.464915875        -7.025823589         3.159842365                
    -1.217504576        0.6032034745         3.518855886                
    -4778.518989        -12389.36337         4465.859693                
O              221                                                      
     6.147194968        -3.159356223         5.786255851                
     3.187530741        -1.996292921        -2.123488212                
     7506.638968         7423.055892        -30734.47335                
O              222                                                      
    -4.114960381        -7.092657565         1.085008968                
     2.079150966        0.5521548479        0.9392294967                
     5439.611198         5808.977887         1281.276409                
O              223                                                      
    -4.113428272        -3.120958595         1.122861427                
    -8.609052014        -4.111184661        0.8038359265                
     14421.59954        -8805.908260        -11383.40558                
O              224                                                      
     6.188872081        -7.084040633         5.486667371                
    -2.553190620        -8.222029617       -0.6745303475                
    -3848.347741        -3860.743998        -348.1609274                
O              225                                                      
     6.181919086         3.461666099        0.3407838693                
    0.4371778002         1.077235789        -1.314434276                
    -8697.500916        -5685.408894        -9588.170549                
O              226                                                      
    -4.173928962         6.723567393         6.412424108                
    -2.548382791         3.408818357        -4.021377896                
    -2989.949765        -1973.985810         2272.055626                
O              227                                                      
    -4.044086991         3.291571688         6.535303720                
    -5.605218947        -5.408175358        -4.338698692                
    -17005.68706        -979.9690738         957.2364019                
O              228                                                      
     6.110417078         6.806053424        0.2321781552                
     1.188875734        -6.546624708         5.544896861                
    -14246.52771        -1540.708372         354.9775086                
O              229                                                      
     2.029194979        -2.977393642         5.708815924                
    -2.096828844        -6.113011212        0.3499945075                
    -5820.816463        -6853.704936         11260.83402                
O              230                                                      
    -8.146343817        -7.092100822         1.131266968                
    -2.117082436         6.562434087       -0.8657891993                
    -7967.950959         6852.355485        -13585.19783                
O              231                                                      
    -8.090114632        -3.080176446         1.131315089                
     7.776601303        -1.559182477        -3.930200222                
    -11256.37922        -402.9430010         8224.838273                
O              232                                                      
     1.857472565        -7.011993875         5.590049397                
    -1.072815019        -3.379421636        -2.518034779                
     2992.466270        -4733.215833        -9287.144147                
O              233                                                      
     2.512542421        -3.176991448         3.294163467                
    -2.231324088         2.340788473       -0.8563213774                
     4959.523452        -5449.623528        -16317.82135                
O              234                                                      
    -7.792609539        -6.918706265         3.558726408                
     5.360630505         6.499141912        -5.751469496                
     7179.065133         2602.831464         20191.24389                
O              235                                                      
    -7.599296275        -3.107560454         3.663193061                
     3.217680269         8.535773236        0.9260981892                
    -9963.277199        -3183.370469         1103.875936                
O              236                                                      
     2.320339967        -7.031580902         3.050422638                
    -1.395070745        -1.383609551       -0.2049154526                
     6718.216241         6830.104814        -3926.527969                
O              237                                                      
     5.023180600        -3.254858794         3.395029956                
     2.586813514        -1.289255466         2.175201972                
     21301.79570         14897.41294         14051.31311                
O              238                                                      
    -5.268428801        -7.025004580         3.408861986                
     1.749241549        -1.756222910        -5.099387095                
    -10690.76257         1085.401680         6613.421412                
O              239                                                      
    -5.080732057        -3.033263440         3.438978096                
    -5.599638950        0.2620002916         3.403057565                
     1174.923091        -10968.31911         7402.046736                
O              240                                                      
     4.872324762        -7.120313354         3.245489053                
     5.307323580         2.255557662        -5.949196282                
     11001.41247        -2815.718687         3175.780545                
O              241                                                      
     6.432215887        -1.089917132         4.203095602                
     3.195147279        -2.900402280        -3.210639883                
     2587.741066        -5915.582474        -3623.381894                
O              242                                                      
    -4.091016619        -9.164754528         2.519113183                
    -1.911037626        -1.035266852         8.337788435                
     5349.824195         8544.957600         10056.08365                
O              243                                                      
    -3.810542680       -0.9980608329         2.575725081                
     5.888270559         3.686216324         1.875420619                
     11153.22592         11223.84757        -721.8597302                
O              244                                                      
     6.208284636        -9.159372993         3.963385850                
    -1.421325790       -0.8278972436        0.2251217701                
     2243.367717         20991.27279         8008.713496                
O              245                                                      
     1.582078603       -0.9912408256         4.105820690                
    -6.810302997        -6.245906567         1.161821593                
    -8863.931198        -3651.000107         1382.181141                
O              246                                                      
    -8.715145203        -9.152541101         2.626935865                
    -1.056078962        -4.652165231         4.584466904                
     1678.958451         3604.724032        -3865.163592                
O              247                                                      
    -8.698233049        -1.080125553         2.621351273                
    -2.442862193         2.176337097         3.951996248                
    -4757.003903         17876.75375         1921.848336                
O              248                                                      
     1.345267574        -9.112067434         4.141275499                
    -3.128520343       -0.3756439887        -1.697321512                
    -803.1165015        -9697.787655        -810.7974849                
O              249                                                      
     8.330449207         2.582692590         1.384045651                
    -1.048076048        -4.921370661        -2.352241061                
     3810.529557         7020.261193        -1232.998350                
O              250                                                      
    -1.989827322         7.619269416         5.380571582                
    0.3506405350         4.062549224         1.611559007                
    -6306.900189        -2699.402888        -4008.962790                
O              251                                                      
    -1.795773714         2.464907810         5.574379233                
    -1.710476036         7.970349123         2.946861876                
     3490.670026        -4783.051586        -10377.57615                
O              252                                                      
     8.296013079         7.687633324         1.131885509                
     5.996126250         6.731693913        -3.239229960                
     6541.967081         4353.865647         2566.105243                
O              253                                                      
     8.211307456        0.5468113854E-01     1.223020563                
    0.5230441355         6.442591362        0.3440935487E-01            
     6440.421949         13849.38322         23448.13636                
O              254                                                      
    -2.035140326        -9.999248472         5.368404049                
   -0.2116107821         6.597816342         1.309564475                
    -3854.509737        -82.36948592         723.9417785                
O              255                                                      
    -1.821074702        0.1506752631E-01     5.617398694                
     2.074299560        -3.122816336        0.2824348882                
     6930.130620        -4787.584605        -5491.423077                
O              256                                                      
     8.192793636        -9.955954308        0.9945026857                
   -0.4030505455         3.111297026       -0.8571411736                
    -10848.16122         7554.465937        -4354.567187                
O              257                                                      
     8.160551162        -2.590617496         1.019859369                
    -5.297108147        -16.45408618        -3.214933105                
     10353.02010        -3578.429272         25680.65210                
O              258                                                      
    -2.085089041        -7.487438345         5.666780955                
    0.9823814648        0.8136293929        0.8805286263                
    -9514.807885        -25507.87641         9737.283053                
O              259                                                      
    -2.030781244        -2.558826635         5.631434593                
     2.198569649         6.824413605        -1.530048693                
     11643.44640         8697.824724         2882.082081                
O              260                                                      
     8.261114368        -7.520738571        0.8187816454                
    -3.821703129         4.910805813         5.829396451                
    -19228.82286        -7921.122727        -10115.03504                
O              261                                                      
     4.171171358         2.621098513         1.559451277                
    -4.604188693         6.108469677       -0.3558764299E-01            
    -1101.747855        -9224.789361        -9411.025186                
O              262                                                      
    -6.402314198         7.515945588         5.480672553                
     3.627068114        -2.158663158        -5.093215392                
     6012.276270        -5205.261007        -4394.506544                
O              263                                                      
    -6.191501958         2.586883071         5.310847758                
     1.826772331       -0.7569181280        0.6563654771E-02            
    -5187.721555        -13999.79060        -3734.313552                
O              264                                                      
     3.748302548         7.607382305         1.250877788                
     10.11312372        -2.355184513        0.2090178335                
     14009.65751        -3381.114972        -3390.392331                
O              265                                                      
     4.180587249        0.4341866274E-01     1.466335660                
     4.004056529         4.327003305       -0.2717947560                
     74.71352653        -10993.45928        -14347.39526                
O              266                                                      
    -6.231719274         9.984754054         5.634044284                
     6.537369819        -4.740889522       -0.7980836225                
     6550.745619        -810.9722784        -5234.306161                
O              267                                                      
    -6.164773691        0.7185706392E-01     5.456854656                
   -0.1620537044        -2.696079058         4.845939311                
    -2113.615526         3172.442001         7772.499997                
O              268                                                      
     3.870525153        -10.04549875         1.220313676                
     3.203983338        0.2930893879        -2.764278206                
    -1184.855675         9272.905141        -13808.39790                
O              269                                                      
     4.088849546        -2.547696591         1.213198976                
     4.780835589         2.917836994        -7.792257958                
    -11800.46174        -9257.939046         17118.03093                
O              270                                                      
    -6.195057960        -7.629816633         5.564512240                
     1.208242643        -3.880971538         3.456164730                
     897.1550801        -10323.82348         10539.90074                
O              271                                                      
    -5.959319493        -2.489029978         5.648925579                
    0.4670304258       -0.2545475430        -1.112410979                
    -12043.04995        -4012.507939        -8443.487435                
O              272                                                      
     3.843152936        -7.549047256        0.9780581293                
    -2.242586724        0.7949053982E-01     2.328957061                
    -6486.586192         16162.21563         15894.76584                
O              273                                                      
    0.1139956791         1.128330611         4.143086368                
     4.786980103        -1.010867682         1.033034229                
     9210.009939        -10820.86064         11221.46703                
O              274                                                      
     9.944829139         9.191912084         2.546590494                
     1.623145262        -2.347985777         2.945150828                
     14266.30181        -12668.82493        -177.7032545                
O              275                                                      
    -10.15684592         1.014502897         2.510354300                
    0.5876831356         1.628579503        -1.701020615                
     9867.058662         10345.07977         5799.627080                
O              276                                                      
   -0.1549436716         8.976333145         4.109546520                
     1.426058273        -2.600272717        -6.987058689                
    -9419.659293         2068.547225         1508.486738                
O              277                                                      
   -0.3626251251E-02    -3.029552403         4.168227889                
   -0.9353712133       -0.3520579018        -5.503456206                
    -2275.874656        -3648.796539         6343.567213                
O              278                                                      
     10.03746157        -7.155693482         2.487750493                
   -0.7082038954       -0.8775227228E-01   -0.8328431334                
     11316.31599         8139.559209         5067.018648                
O              279                                                      
     10.10604327        -3.162065455         2.647098524                
     3.808104716        -5.647838977       -0.3262329166                
     3382.087495        -4340.547737        -6640.887190                
O              280                                                      
   -0.1799418473        -7.086521286         4.108588412                
     1.103283735        -4.737155335       -0.5574897544                
     7398.917722        -5419.140634        -9435.378496                
O              281                                                      
     8.546568342        -5.137022170         2.001049924                
    0.9873712654         1.949270254         3.297853181                
     7389.712774         6445.059837        -3629.224937                
O              282                                                      
    -1.572644405        -5.088044511         4.542148620                
     5.617745915        -5.633772210        0.3328199841E-01            
     622.5388807         2945.180048         1455.209394                
O              283                                                      
     3.809959133        -5.091376424         2.182927081                
    -2.516533409         5.898602228       -0.8527740943                
    -11628.31134        -17813.12215        -7510.823247                
O              284                                                      
    -6.367694138        -5.058086683         4.643024144                
     1.534940153         1.409213392        0.8548920936                
     1892.126938         3124.909140         2236.615729                
O              285                                                      
     4.309167233         5.107674623        0.3976658325                
     1.282427911        -2.351999984        -4.589310321                
    -3770.544581        -10767.99395        -2741.369182                
O              286                                                      
    -5.912362139         4.987568517         6.368530243                
    -1.520027005        -1.187857741        0.4417765834                
    -1930.981057        -3096.601564         3740.527254                
O              287                                                      
     7.949593972         5.090532028        0.3173369118                
    -7.759422932         2.795632837       -0.8239386835                
     10341.81344        -10506.74265         258.6249697                
O              288                                                      
    -2.300849742         5.016504175         6.274917266                
     2.219395098         3.150048110         4.316501041                
    -7508.037582         9623.699476         818.8321037                
C              289                                                      
    0.5475476027         6.825158558       -0.4509311304                
    -2.091218988       -0.3011578486       -0.9897438965                
    -73.76726429        -81.13910948         75.17855653                
C              290                                                      
    0.8220553641E-01     7.113395191        0.8375913428                
     1.014704943       -0.8817965142        0.2618279055                
    -50.18677154        -102.8193922        -105.4372475                
C              291                                                      
   -0.1642564453         6.073360603         1.741795161                
     4.872661110        -1.181052023        0.9691943531                
    -6.572329800        -106.0007259        -20.81978395                
C              292                                                      
    0.5462363860E-01     4.745089381         1.357476507                
     5.624693350       -0.8996688669        0.4249890002                
     26.19186974        -53.89016445        -53.02849816                
C              293                                                      
    0.5199657053         4.456852748        0.6895403229E-01            
     2.518769415       -0.3190302008       -0.8265828030                
     39.29898880        -87.57930394        -39.14194367                
C              294                                                      
    0.7664276871         5.496887336       -0.8352497858                
    -1.339186752       -0.1977469183E-01    -1.533949251                
    -50.99288340        -170.4455309         125.3733049                
H              295                                                      
    0.7376754175         7.627470955        -1.148459791                
    -5.067356607       -0.7030359852E-01    -1.535426586                
    -32.49871507        -4.548075632        -42.58088674                
H              296                                                      
   -0.8665045776E-01     8.138074896         1.134079531                
    0.4345852016        -1.098870631        0.6816582757                
    -59.02806096        -74.85921439        -28.77317658                
H              297                                                      
   -0.5232402550         6.295727911         2.735812011                
     7.268678990        -1.628980390         1.934707414                
     77.38921074        -109.3000941        -117.8395311                
H              298                                                      
   -0.1355041761         3.942776984         2.055005167                
     8.600830967        -1.130523117        0.9706716888                
    -4.970104521        -19.99218237         44.31747452                
H              299                                                      
    0.6888216992         3.432173043       -0.2275341551                
     3.098889160       -0.1019560847        -1.246413172                
    -100.4823705         43.67696357         10.90743100                
H              300                                                      
     1.125411496         5.274520027        -1.829266634                
    -3.735204626        0.4281536748        -2.499462310                
    -183.2275852         82.12339461         437.6572863                
