Diffusion in Zeolites. ZSM5 (Silicate) Crystal Structure, Si(96)O(192) +
         2         2       300    100000   1.0000000E-03   1.0000000E+02
       20.3183600000        0.0000000000        0.0000000000            
        0.0000000000       20.1714600000        0.0000000000            
        0.0000000000        0.0000000000       13.5858629500            
Si               1                                                      
     1.597695032        -1.238227205        -4.498628435                
    -2.586441299         1.738892135        -2.755629245                
     11227.52142        -11591.61581        -5416.795708                
Si               2                                                      
    -8.484433987        -8.796175942        -2.130998390                
     1.155081471         4.849493171         4.553697468                
    -985.3906981        -3274.249798         6075.598822                
Si               3                                                      
    -8.472078523        -1.397868953        -2.308202405                
    0.4099402089        -1.153378278        0.1261019860                
    -20185.50522         13629.89731         9108.810877                
Si               4                                                      
     1.589876703        -8.870099020        -4.536617148                
     1.365712669        -1.813574733        -1.182671333                
    -2300.672082        -1767.839865        -10261.11203                
Si               5                                                      
     3.995204845       -0.6541899693        -2.688845247                
    -4.287197572        0.7552259688        -1.934403891                
    -5893.657894        -4134.839298         15864.06890                
Si               6                                                      
    -6.246743942        -9.563701906        -4.144943830                
     4.371824960        0.9089924742         1.930966994                
     14290.20998        -1714.616162        -4542.967112                
Si               7                                                      
    -6.291637908       -0.6062676757        -4.292055693                
    -2.907971508        -2.550779084         1.530617077                
     7650.205703        -6423.688671        -12470.31392                
Si               8                                                      
     3.951401535        -9.430262766        -2.585845602                
    -1.411690753        -1.823633657        -2.326349584                
    -19401.21361        -1644.064818         5196.934212                
Si               9                                                      
     5.781041287         1.184354492        -6.358803112                
   -0.2833684913        -2.444990609        -8.146305176                
    -22861.14897         6951.752918        -3929.875621                
Si              10                                                      
    -4.595357751         8.776038158       -0.5014630362                
     3.078835395        -3.716392447         2.387762381                
    -4091.570858        -6251.160777         32274.74833                
Si              11                                                      
    -4.458982046         1.083117185       -0.5425992212                
     1.285421762        -5.139037202        0.8424384865                
    -28485.10314         5448.428124         5905.663307                
Si              12                                                      
     5.632098627         8.748819758        -6.472747024                
    -4.133236812         1.568884745        -4.979929247                
     14439.50781        -1900.888021         11042.51545                
Si              13                                                      
     2.579452757         1.266561448        -6.375543086                
     3.608368616         2.802559417         1.832037782                
    -15216.71863        -1978.154246         27607.59559                
Si              14                                                      
    -7.777453831         8.761888267       -0.4173788543                
    -3.127232629         5.622854730        -1.777777444                
    -2169.662870        -313.2788197        -1130.893662                
Si              15                                                      
    -7.709281216         1.122727839       -0.4399712727                
    -1.923499079       -0.2928475081         1.415890167                
     14339.58864        -12085.51561         447.6430237                
Si              16                                                      
     2.469791319         8.885827424        -6.494596585                
    -2.641761994         1.409770207         6.021638310                
     10331.19182        -8757.696620         13265.89094                
Si              17                                                      
     8.776641424       -0.7851879815        -2.538187763                
     1.208046541        -5.667754821        0.8992760359                
     8468.940734         14662.89453         11203.36559                
Si              18                                                      
    -1.401940895        -9.406788643        -4.278958894                
     1.155293138         2.186984932        -1.297107708                
    -31789.40012        -6114.447909         7975.050325                
Si              19                                                      
    -1.429795038       -0.5532056483        -4.346717574                
    -1.436363362        -3.656713200        -2.129912774                
     9058.494154        -13807.42183         16138.33836                
Si              20                                                      
     8.856388161        -9.467161463        -2.588441991                
    -4.547551674        0.4028415930         3.947940723                
    -3525.919830         11512.48880         2871.293912                
Si              21                                                      
     6.483867883        -1.233146768        -4.531235089                
    0.6806258259         1.519280932        -3.471991328                
    -5671.693371        -35419.32449         34109.68597                
Si              22                                                      
    -3.808644415        -8.883128649        -2.234675503                
     2.553575190         4.375949167        0.5275594765                
     11111.86438         905.9198365        -11505.00515                
Si              23                                                      
    -3.785644582        -1.268012594        -2.488752717                
     2.141832229        -1.139604428         2.112882008                
    -6806.962144        -8863.144805         1848.117781                
Si              24                                                      
     6.408113743        -9.046033965        -4.471434878                
    0.9986116227         1.081800795         3.755469522                
    -4777.720491         8575.981074        -13400.86940                
Si              25                                                      
     1.592334749         3.497408841        -4.456050644                
    -2.242220911         1.308513214         6.323939649                
    -12572.50598         2884.392836        -5569.681617                
Si              26                                                      
    -8.590489919         6.422079326        -2.399935330                
     6.866960100        -1.385713950        -2.968466378                
     32491.15999         16125.64089         11345.97209                
Si              27                                                      
    -8.518970817         3.302514828        -2.477244862                
     2.722849754        -2.734031416        -3.395428040                
    -16121.42264         21859.82291         7914.867940                
Si              28                                                      
     1.532415304         6.618794844        -4.532547806                
    0.5986037015        -2.412121873        -2.924945500                
     23504.56046        -172.7236686        -12775.71836                
Si              29                                                      
     3.945826597         2.503593415        -2.668329956                
     6.797211787        -5.171914980         2.351611804                
     10722.02995         14685.48143         14002.94469                
Si              30                                                      
    -6.204722672         7.420118552        -4.261458109                
    -1.276313678        -4.473023245        -1.922871638                
     10400.37220         360.4880818         4326.462832                
Si              31                                                      
    -6.239014445         2.526607628        -4.351297204                
    0.1527783967       -0.6497604620        -4.313986836                
     42652.60222         4425.152022        -10413.75931                
Si              32                                                      
     3.910923854         7.630738453        -2.735849817                
     3.304362323        -2.354313360         3.884887432                
     7866.931273        -37454.43395         14887.79354                
Si              33                                                      
     5.748732126        -3.632130920        -6.357868472                
    -1.225574979        -4.059787441        -4.977283560                
     929.9538871        -1121.816418        -6077.384481                
Si              34                                                      
    -4.412680414        -6.571816859       -0.2238467755                
     4.079722770       -0.9454469741         2.079294360                
     2170.015687        -14352.18469         4314.231297                
Si              35                                                      
    -4.341603136        -3.494881608       -0.3943364132                
    -3.087474174         2.349950444        0.1643916053                
    -3858.498721         1364.347093         5587.827878                
Si              36                                                      
     5.678787480        -6.734424933        -6.519319985                
    -4.047848641         2.319797990         4.006912559                
     6208.107750         5185.432528         36738.79632                
Si              37                                                      
     2.615236943        -3.532840577        -6.463482217                
    0.7972534197         1.098472409       -0.3040113059                
    -12635.72206         4334.052062         23490.10618                
Si              38                                                      
    -7.582985951        -6.583982106       -0.1480509279                
     4.338184322         4.722796387        -2.247148492                
     18078.44176         13487.66080        -19193.14459                
Si              39                                                      
    -7.509200277        -3.456199746       -0.1627257834                
    -5.144569823        0.3438782318       -0.9168687084E-01            
    -5880.602150         8868.914586        -22054.60549                
Si              40                                                      
     2.501621963        -6.612105345        -6.477122130                
     4.088483444        -6.612477748        -3.921334712                
     6985.731280         1130.121985        -17658.61513                
Si              41                                                      
     8.803903952         2.462709655        -2.599987667                
    -1.339477611         3.139834582         3.653175747                
    -10980.90891        -10469.74470         16083.57981                
Si              42                                                      
    -1.425324916         7.598429093        -4.335559455                
    0.9791292706         2.459225302        0.7368703391                
    -17978.45517        -20356.96876        -3241.611646                
Si              43                                                      
    -1.419975071         2.570551765        -4.330187753                
    0.8654817620         1.537020709         1.659515428                
    -1194.554636         4879.822722        -12795.72332                
Si              44                                                      
     8.862213247         7.552970204        -2.620422584                
     1.351688877         1.358852916       -0.1425745066E-01            
    -25982.75535        -620.2166248        -19065.65259                
Si              45                                                      
     6.387288040         3.443661982        -4.358599445                
    0.2269646399        -1.072821170       -0.3140602396E-01            
     24972.46353         11175.29157         884.2488180                
Si              46                                                      
    -3.734699153         6.518251436        -2.471352767                
    -1.025604610        -5.525960010       -0.3970140170                
     3183.989952         14783.67190        -14414.82526                
Si              47                                                      
    -3.713392539         3.391958188        -2.478397565                
    -1.424730052        -2.913040272         1.164253862                
    -43768.23119         11658.04388         5578.564165                
Si              48                                                      
     6.419768294         6.577841255        -4.418062789                
     6.321540890         4.245441422        0.5777870003                
    -11373.72545         18189.67772         9964.899363                
Si              49                                                      
     8.532776736         1.244867197         2.228086354                
    -2.081538590        -1.891189742         4.274680083                
    -6206.294694         5509.251798        -20445.67350                
Si              50                                                      
    -1.488959910         8.901663642         4.447953031                
    -2.026912948        -3.562169224        -2.243736481                
    -19529.89590         1384.666397        -5650.831523                
Si              51                                                      
    -1.531823298         1.184086979         4.485763631                
    -3.829589109         5.547053795         2.561314766                
    -23697.51573         9275.741439         10919.19890                
Si              52                                                      
     8.607991573         8.764324116         2.151599424                
     3.502706624        0.3811521689        -2.276750426                
    -14215.79699        -21828.54027         20966.48030                
Si              53                                                      
     6.257562785        0.5839500823         4.223051000                
    0.3805689773         5.113086139         3.516146341                
     4957.905950        -5631.843549        -5087.101760                
Si              54                                                      
    -3.938919030         9.403471878         2.573797274                
    -5.772318516        -3.871079552        -3.748824699                
     5351.003013         1836.488041        -23244.53324                
Si              55                                                      
    -3.757716342        0.5437223597         2.434762926                
     2.163326314         2.537983326         3.821490013                
     15909.10049        -18148.60926         15738.63160                
Si              56                                                      
     6.172671389         9.348813397         4.057685389                
     6.066985540        0.3081810089        -3.280995806                
     11832.00845        -4597.350810         11759.07163                
Si              57                                                      
     4.479375424        -1.224639707        0.3736984829                
    -1.394393300        -7.570621371        0.1208311288                
    -12856.20119         18991.26110        -10704.49172                
Si              58                                                      
    -5.583205874        -8.780667647         6.473376030                
    -2.500881473         2.982899873        0.5121649586                
    -18074.96919        -655.8010754        -11929.94172                
Si              59                                                      
    -5.677421728        -1.328087054         6.295544723                
     2.256421151         1.161577353        0.4587306169                
    -12589.84714        -4946.800306        -17512.03975                
Si              60                                                      
     4.579114769        -8.928990607        0.3935898232                
    -4.433018893        -3.173608164         3.580849730                
     1479.231632        -9703.909053         16753.31672                
Si              61                                                      
     7.629744368        -1.241991908        0.4306126259                
    -5.068176562       -0.2256775852         2.683610941                
    -9006.625685         13600.15131        -41773.61442                
Si              62                                                      
    -2.419520940        -8.879713918         6.346158555                
     3.056902953        0.3391354103         2.225326475                
    -11732.95044        -5117.623593         2769.761820                
Si              63                                                      
    -2.559727745        -1.209010140         6.369441288                
     2.174795299         1.854723370         4.420874229                
     25880.93596         69.47359531         1918.036682                
Si              64                                                      
     7.766417498        -9.004589343        0.3785469926                
     1.529424347        -6.639037590         3.362917259                
    -1415.926169         22706.59521        -11164.04648                
Si              65                                                      
     1.527817709        0.5766617287         4.362299256                
    -3.346863697       -0.1477870631         4.986369836                
    -4808.079398         8095.831055        -14956.84418                
Si              66                                                      
    -8.711699274         9.415869559         2.477844228                
    -4.390377940        -2.867422509        -2.224594021                
    -1960.084148         10476.02457         36036.46978                
Si              67                                                      
    -8.804603444        0.6412609121         2.527870713                
   -0.1818576134        -1.827842062       -0.5740356627                
     21963.54088         6001.039969        -7.603397099                
Si              68                                                      
     1.544776142         9.635557170         4.159499869                
     2.457218984         4.873043349        -1.930535219                
    -17516.86591        -22800.15085         10085.88697                
Si              69                                                      
     3.825058956         1.244877787         2.326042890                
     1.327828220       -0.5911472852       -0.7537827247                
    -6465.127059         9421.501001        -2132.331927                
Si              70                                                      
    -6.289547829         8.966194102         4.519769697                
     1.582205718         3.002178518         1.432927554                
    -17529.77544         5018.858875        -392.4189167                
Si              71                                                      
    -6.262176570         1.072159511         4.321285483                
     2.139332337       -0.4415839715        -1.477374429                
     14924.41796         4249.861174        -7072.760878                
Si              72                                                      
     3.740925391         8.795702591         2.187680483                
    0.2435014250         3.612176657        -3.193580179                
    -3212.560810        -8157.926351         7204.585867                
Si              73                                                      
     8.572262366        -3.540022420         2.267008735                
    -2.552964115         2.806299930        0.7130862359                
    -961.3227856        -5376.326638         9548.020003                
Si              74                                                      
    -1.431714653        -6.692408339         4.409463740                
   -0.3312404313         3.911836194         2.272337139                
    -23686.66448         10507.16090         11400.01090                
Si              75                                                      
    -1.448077960        -3.510205123         4.537475982                
    -1.556345784        0.5720063661        -1.402499339                
    -9614.957399        -2708.000010         7142.527556                
Si              76                                                      
     8.550235512        -6.617596422         2.292878351                
    -1.267012195        0.5617158367         6.766595505                
    -5682.986198        -9673.640737        -26861.74279                
Si              77                                                      
     6.328302370        -2.684101152         4.249380666                
   -0.3088362444        0.7027200865         1.692874465                
     5524.985359         15475.63443         8483.229898                
Si              78                                                      
    -3.916721816        -7.623066492         2.704140143                
     1.969328173        -3.253596593        0.2159283175                
     5604.176197        -2335.199844         5054.165317                
Si              79                                                      
    -3.641528258        -2.626028282         2.528093172                
    -1.674819343        -1.374204677         2.999611479                
    -2009.492023        -6400.057135        -4574.243769                
Si              80                                                      
     6.274329197        -7.626749737         4.176409364                
     3.530338676        -5.968001173        -1.133251531                
     6559.329874        -9967.626800        -12619.09469                
Si              81                                                      
     4.496330275         3.493552233        0.2650647086                
    0.2224006727        -1.343921698        -1.425144743                
    -4212.663006         6742.765451        -12326.32758                
Si              82                                                      
    -5.613630843         6.528268847         6.344326412                
    0.5274342854         2.236187930        -2.010616656                
     942.1409731        -9762.491700         11475.72154                
Si              83                                                      
    -5.547075075         3.431910502         6.229283389                
    0.7725473884         1.074724585         1.251340449                
     18462.53647        -8709.655192         7243.612444                
Si              84                                                      
     4.443699360         6.554815777        0.1752045865                
     3.238933812       -0.1099942176       -0.8824219191                
     20366.30478        -5558.051762        -6288.530293                
Si              85                                                      
     7.661640922         3.464578759        0.2567301208                
    0.5669861363         5.165452492       -0.1378740824                
     8704.088738         18716.95183        -34528.71088                
Si              86                                                      
    -2.419959711         6.646811503         6.373383037                
    0.9859061579         3.954508428        0.6845487705                
    -5096.480333        -12463.24582        -8802.058932                
Si              87                                                      
    -2.327729393         3.520671750         6.353279076                
    -1.088128415        -3.134907735         3.077064566                
    -11444.10297        -5678.948444        -3743.531254                
Si              88                                                      
     7.613556946         6.576026076        0.1304968582                
    0.1035898823        -1.815442454        -3.414969527                
     6649.046614        -3618.060741         2190.286693                
Si              89                                                      
     1.557313363        -2.604743295         4.324110963                
    -1.925161149        0.5044694455        -1.837616428                
    -14877.35449        -3918.059497        -4048.961304                
Si              90                                                      
    -8.816438775        -7.530690766         2.617051438                
    -2.243268074        -1.066430370        0.6089424189                
     12531.69309        -16716.71840         3665.929424                
Si              91                                                      
    -8.789750291        -2.522138557         2.610639136                
    0.9908424826        -2.499161842        -2.007316549                
     5226.513420         9921.353544        -6808.863079                
Si              92                                                      
     1.625490424        -7.397371899         4.163972579                
    -1.281287284         1.881278536        -1.107581843                
    -10383.87208        -2598.580473         18258.04755                
Si              93                                                      
     3.889225559        -3.473269243         2.426320079                
    0.4678735587         1.940524081         2.495304321                
    -5627.465469        -12588.82072        -19483.45024                
Si              94                                                      
    -6.415614525        -6.694695350         4.459214095                
    -3.397074873       -0.7597485984        0.6885749231E-01            
     18538.59842         16435.06888        -6382.261848                
Si              95                                                      
    -6.246744238        -3.557683054         4.154886673                
    -2.930063395        -1.525416465        -1.461722477                
     13497.22735         15318.69761         23273.08311                
Si              96                                                      
     3.955728665        -6.604621283         2.277116271                
    -1.052300266         2.960495067       -0.4810454627                
    -1674.436921         28919.83159         31740.19067                
O               97                                                      
     2.657513951        -1.164824325        -3.321568204                
    -3.336561974         2.612987145        -2.074575795                
    -9093.310806         2031.579057        -8155.948687                
O               98                                                      
    -7.459115197        -9.083387754        -3.284131802                
    -1.671802868        0.5020141348        -3.991831682                
    -2893.692540        -809.6618233        -765.6020468                
O               99                                                      
    -7.526295486        -1.155236163        -3.539283034                
     1.603837567         2.497299738        -3.330010084                
    -8271.935343        -5532.680071         9082.648469                
O              100                                                      
     2.571615514        -9.097507530        -3.330641894                
    0.8763739792        -2.165608525       -0.5104516396                
     9111.077429         14886.49201         808.0276717                
O              101                                                      
     4.114421702        -1.006437138        -1.174343164                
     3.497594283        0.1000900857E-01    -3.817989141                
    -4100.462541        -5310.924100         26526.71916                
O              102                                                      
    -6.080095775        -9.049204216        -5.638158496                
   -0.6242032517E-01    -2.071106280       -0.5565246446                
     4247.120239         657.4702838         3590.085775                
O              103                                                      
    -6.213017460        -1.065172524        -5.817676859                
    -9.965206438         3.703591707         5.220344640                
     7760.129522         11.18011277        -3066.542329                
O              104                                                      
     4.109111373        -8.979483727        -1.078274147                
    -6.008718012         3.210909042       -0.2886634242                
    -1455.594234        -1433.108098        -12532.44318                
O              105                                                      
     4.125169721         1.255865829        -6.353741081                
    -4.507758961         4.067364526       -0.6859519331                
     32230.90508        -3787.847418        -59.12451351                
O              106                                                      
    -6.190773179         8.779033837       -0.4656718875                
    0.7851404640         4.963895102        0.8873532975E-01            
    -1467.319747         996.8034967        -3678.791837                
O              107                                                      
    -6.089340011         1.122526145       -0.3770817622                
    -6.621554663        0.7608618617       -0.1550745987                
     1211.795163        -2106.572881        -6109.346644                
O              108                                                      
     4.068234209         8.835533131        -6.449965158                
    -1.229533498        -4.645546874        -7.065104215                
    -10576.35168         8397.008424        -1507.520796                
O              109                                                      
     8.162932209        -1.102576207        -1.115496618                
    0.5589670901        -5.822733682         1.750133816                
    -25.53584471        -10196.80242         19172.68701                
O              110                                                      
    -1.862438541        -9.073109625        -5.756681894                
   -0.6320318377        -3.833545391        -2.494205429                
    -8656.752482         4278.953562        -3742.018748                
O              111                                                      
    -1.863240070        -1.013411501        -5.749168429                
     2.341924701       -0.3049799950        -1.282869357                
    -18870.08276         2979.628571        -28688.42453                
O              112                                                      
     8.279276175        -9.113573839        -1.126207022                
     2.675381790       -0.7880626986         5.877618239                
     1133.498939        -5716.214017        -848.6015463                
O              113                                                      
     7.821294179        -1.166699427        -3.700568617                
   -0.6613808577         1.522532655        0.2754011055                
    -10145.89009        -2696.028925        -8983.327948                
O              114                                                      
    -2.440563967        -9.002307599        -3.117279528                
    0.8486435044         1.450800470         5.925799585                
    -5258.509699         2577.027843         1796.002558                
O              115                                                      
    -2.480737970        -1.098615254        -3.317450106                
     1.528483585        -1.346055967        -1.181391555                
    -1269.361260         1457.953116         1226.305859                
O              116                                                      
     7.722238595        -9.085007038        -3.628792337                
     8.055413329       -0.9006377240        -2.922497177                
     6061.580288         3606.366330         1528.109011                
O              117                                                      
     5.252593072        -1.118663374        -3.425745060                
    -3.619405369         3.519266667         1.596309621                
     28040.01214        -7159.394630        -32916.03145                
O              118                                                      
    -4.968453639        -9.089545751        -3.296438760                
    -6.757920745       -0.7874879836         4.113400233                
    -4538.150595         1413.018437        -2823.780908                
O              119                                                      
    -5.013297202        -1.078943965        -3.481725565                
     1.663222175         1.535624416        -8.638202705                
     1757.692177        -4678.707218        -3936.469260                
O              120                                                      
     5.151405989        -9.060679033        -3.458683232                
    -3.484662093        -1.727259365        0.2615508115                
     19490.53599         12241.62635        -15873.16484                
O              121                                                      
     2.748137804         3.122038533        -3.466730680                
     3.251282328        -5.221690223        -3.047335875                
    -6721.903273        -13577.19209         5575.146017                
O              122                                                      
    -7.428411233         6.857674253        -3.421320726                
     6.541199995         7.542351567        -1.533605718                
    -8493.386572        -1309.119867        -8237.889155                
O              123                                                      
    -7.480474566         2.980548330        -3.579367369                
     3.160434685        -2.711476191       -0.9739940848                
    -8108.977745         10000.55005        -5376.254568                
O              124                                                      
     2.629107042         7.115403181        -3.522978138                
     10.41559415         3.328275446         1.561990081                
     1364.331784         10770.39982         9409.304306                
O              125                                                      
     3.964910462         3.046435173        -1.174171175                
    -9.513847928       -0.4563043633E-01    -3.485583187                
     2733.104044        -14390.59495         3894.599491                
O              126                                                      
    -6.062491107         6.915498976        -5.751109343                
    -1.357759516         4.051084772         2.698721365                
    -8425.707347        -1507.195097        -5828.354228                
O              127                                                      
    -6.022532449         2.967043070        -5.886717809                
    -1.549752464        -3.065221006        0.9334535469                
    -3796.136179         292.9754531         4894.944052                
O              128                                                      
     3.959621261         7.004471780        -1.213392446                
    -5.102948141         2.574508524         6.082171391                
    -11173.13739         19103.87728        -27019.16838                
O              129                                                      
     4.163491490        -3.483363964        -6.344273476                
   -0.6392823925        -5.633369029        -4.402432753                
     12894.38562        -721.1259115        -1567.521615                
O              130                                                      
    -5.971209154        -6.699849337       -0.2278557180                
    -3.330244159         2.050890978       -0.9011282378                
    -22345.94107        -1675.389002         9908.791006                
O              131                                                      
    -5.953427066        -3.314525525       -0.2174620568                
   -0.3814576157         3.887666583         1.973087622                
     21639.22147        -5383.630979        -301.6180465                
O              132                                                      
     4.103305486        -6.767915943        -6.490836800                
     2.199356487        -5.347017483         4.661695438                
    -8386.398951        -994.3361364         9389.053402                
O              133                                                      
     8.339172708         2.988609241        -1.158752152                
   -0.4032703795         7.520208182        -1.056143800                
    -5788.222951        -2685.490993         12567.52187                
O              134                                                      
    -1.954006138         7.105855964        -5.768091976                
    0.6333652197        -2.742502333         1.188923672                
     7330.957342         3217.628421        -8614.033614                
O              135                                                      
    -1.844509936         2.958523082        -5.802803501                
    0.2059063890         1.918323633         2.290482029                
    -6800.123100         14227.48625        -6672.262862                
O              136                                                      
     8.234242323         7.092942207        -1.244448382                
   -0.7481071086         1.133551256        -1.987220582                
     8267.427702         1954.452566         6203.846115                
O              137                                                      
     7.714547294         3.032923227        -3.576602617                
     8.737704870        -2.831065058         2.326308998                
     3292.920641        -1508.469475        -11943.93180                
O              138                                                      
    -2.430902197         6.953252915        -3.301190078                
     3.046063509        -1.418239102         3.122137638                
     3032.689447        -3179.019458         12798.59705                
O              139                                                      
    -2.464454710         3.133054556        -3.284491710                
    -2.339519350        -5.679742387        -2.057703462                
     29149.92932        -7364.916141        -9865.390946                
O              140                                                      
     7.723137011         7.099669205        -3.668685631                
    -8.473178461        -4.415503923        0.8239399594                
     9773.678440        -9269.876846        -867.6368937                
O              141                                                      
     5.281502531         3.057244895        -3.346335803                
     1.033936459        -5.801881083         4.849026718                
    -19745.75766        -10186.36294        -7562.060964                
O              142                                                      
    -4.892729772         6.980402291        -3.474644834                
   -0.6062290856         1.278453492        -2.673123117                
    -7170.172047        -7732.832439         5976.574814                
O              143                                                      
    -4.931789322         2.999370492        -3.480564611                
   -0.8206638682        -3.336054055        -1.506807087                
    -9045.847625         1925.318683        -2084.451613                
O              144                                                      
     5.170793666         6.999456038        -3.456105140                
     3.658702612        -2.351583965         2.384851553                
     6441.876318         2598.910227        -11798.68161                
O              145                                                      
     3.972649988        0.9202076065        -2.767856318                
    0.4574481864       -0.8605512718        -2.568774778                
    -5414.761022         16183.04251         1907.873763                
O              146                                                      
    -6.250341804         9.013106736        -4.230007384                
    -3.798808932         2.245714616         4.034153556                
    -5338.486892         4012.301360        -407.7483840                
O              147                                                      
    -6.275224764        0.9605551786        -4.255048725                
     2.011371240        0.7966746779        -3.929712813                
    -1425.708428        -2511.978073        -8542.954624                
O              148                                                      
     4.016126247         9.179777837        -2.648668375                
    -1.804740234        -3.373840576        -3.921231651                
    -7709.614422        -5639.990280         7031.034869                
O              149                                                      
     8.768082867        0.8341605589        -2.588647235                
    -8.402124787         5.021768227        -4.820969432                
     8178.735904         7234.363561        -6272.594178                
O              150                                                      
    -1.514197760         9.147681953        -4.253192174                
    -3.988827127         4.692931563       -0.3547041006E-01            
     18600.08138         16168.39842         2853.246977                
O              151                                                      
    -1.484400129         1.013867301        -4.207618133                
    -6.170678488       -0.5663607015         1.389451260                
     4846.771494        -7013.311215        -83.10802267                
O              152                                                      
     8.926305547         9.144544897        -2.763308447                
   -0.3032467840        -8.077045132        -4.957091831                
     9989.550005        -11534.58482         12329.67075                
O              153                                                      
     2.022041132        -2.537629702        -5.368207069                
    -3.030384731        -7.540253641        -6.192474631                
    -9896.884481         9096.641000        -1046.202903                
O              154                                                      
    -8.074501680        -7.506430586        -1.317584587                
     1.497648632        0.3848874838        -2.357720250                
    -9620.091187        -8778.003372         4696.908843                
O              155                                                      
    -8.082457805        -2.569417236        -1.361066119                
     4.161359190         2.642906312        -1.561067450                
     2873.670442        -6308.136529         1247.003498                
O              156                                                      
     1.825169914        -7.593336151        -5.463705780                
     4.186860732         8.175265213        -4.893255020                
     14353.88988        -3296.965774         10038.77195                
O              157                                                      
     2.071140371        0.2000122039E-01    -5.400112373                
     1.414484161        -1.399430826        0.6394475192                
    -4904.337262         6845.311055        -10769.01069                
O              158                                                      
    -8.366778836        -10.07882856        -1.136411436                
    -7.783356548        0.4056770569         3.199669327                
     13584.51772        -3237.376561        -4619.197533                
O              159                                                      
    -8.184991254       -0.9074224308E-01    -1.364014166                
     2.729598644         1.425204116        0.4100443436                
     1817.844358        -8861.341400        -4222.371952                
O              160                                                      
     1.953096270         10.07331458        -5.500551279                
    -2.818320686        -6.298701704        -2.237238833                
     520.3669456        -6595.627963        -9420.381348                
O              161                                                      
     1.994358754         2.574672304        -5.647919412                
    -6.735576650        -4.762798017        -3.090968475                
     11087.21089        -14498.12371        -11762.73126                
O              162                                                      
    -8.202096327         7.460472992        -1.207780955                
     9.203030051         1.537473263         3.602051599                
    -10550.80213        -894.3714665        -3155.434678                
O              163                                                      
    -8.131488186         2.363020393        -1.309008974                
    -3.463459052        -4.951742717       -0.2247159988                
     811.3340951         48.68275712         12465.30570                
O              164                                                      
     1.997260098         7.524930310        -5.801293561                
     2.384924765         10.36669735        -3.514394557                
    -12074.98394         4146.603978         4003.461402                
O              165                                                      
     6.334637094        -2.615966648        -5.348400691                
    -2.701856710        -5.579467571         3.447795421                
     1051.474544         20022.50584         8143.524727                
O              166                                                      
    -3.911998316        -7.557222889        -1.349158372                
    -6.078221086        -2.396283881       -0.8715454498                
     5298.149929        -15771.79073        -576.0964894                
O              167                                                      
    -3.902432558        -2.522962727        -1.544993717                
    -4.957290863         8.643419200        -1.850578540                
    -654.8255309        -12700.58542        -5588.093396                
O              168                                                      
     6.229398940        -7.718578783        -5.403053249                
    -2.746613935         3.778163106         3.843151645                
    -2713.355608        -16010.62156         5278.876528                
O              169                                                      
     6.209254515       -0.4359767769E-01    -5.439834092                
     2.270810208        -2.919027262        -2.606714157                
    -1379.100002         15456.36989        -23947.67019                
O              170                                                      
    -4.141573881         10.04664968        -1.272297571                
     10.37419492        -1.689808907        0.6770895103                
     12972.10452         14844.87066        -6633.834351                
O              171                                                      
    -4.049451129       -0.1275025441        -1.457108490                
    0.5430511526        -1.896332355        -6.950389934                
     3731.010062         13526.97181         4856.236601                
O              172                                                      
     6.210804444         9.864018896        -5.444573453                
    -2.292287609        -6.750307085        -4.123706281                
    -7235.700604         13964.89881        -6987.781666                
O              173                                                      
     6.254263295         2.459537403        -5.618574415                
    -6.185792823         3.089194272         3.313028649                
    -2657.010184         11165.84865         13447.56533                
O              174                                                      
    -4.012290846         7.528501358        -1.277012091                
    -2.173512710         5.429132509        -2.719771645                
    -179.9268009        -3793.903590         3839.788365                
O              175                                                      
    -3.982939495         2.384569975        -1.289878094                
    -2.483683498         6.788893821        -3.537181695                
     6915.108944         1611.285354        -1464.136118                
O              176                                                      
     6.098821900         7.467689374        -5.703012415                
    -1.207847037         1.058773695        -4.562560543                
     4957.999583        -13282.56966         2929.876100                
O              177                                                      
    -10.04954025        -1.344936764        -2.613430923                
     7.292838645         4.712062785         2.889798006                
     5261.828787         6162.355739         2203.375841                
O              178                                                      
    0.6320078491E-01    -8.903680944        -4.215032877                
    -3.841079755        -3.279700559        -6.341554121                
     3265.358335        -10278.11230         9640.553124                
O              179                                                      
    0.5411704149E-01    -1.080499654        -4.164655414                
     1.893986994       -0.7518975196        -6.520078664                
     12660.09932         7582.100118        -5905.824116                
O              180                                                      
    -9.971856357        -8.888371270        -2.581700426                
    0.5434024583E-01   -0.6451407275         1.120028019                
    -16034.58722        -1680.284457        -4548.094549                
O              181                                                      
    -10.03164771         2.958387434        -2.786993062                
    -1.556878253        -6.723889080        0.5484507645                
     3159.362515        -2469.501644        -3522.219136                
O              182                                                      
    0.6872593185E-01     7.041283395        -4.268898675                
    -7.845233118        -3.768341443        0.5510972364                
    -14415.26487         11716.84176         3300.256684                
O              183                                                      
    0.5713127174E-01     3.059245743        -4.263258079                
     7.214160137        -1.224828032         2.065857555                
     14864.52909         5145.687918         16419.23912                
O              184                                                      
    -10.03917484         6.853407378        -2.726220676                
    -2.472153055        -5.600379698       -0.9461147850                
    -12476.96638         9558.513370        -3473.385477                
O              185                                                      
     1.618067390         5.047450950        -4.556636718                
    0.5745300488E-01   -0.7352306009        -5.601140542                
    -6311.771231         8126.095021        -8058.173227                
O              186                                                      
    -8.468411150         4.898092679        -2.208962615                
   -0.2975364714         1.595723016        -7.302414245                
    -2938.665560        -21404.56777        -4507.559190                
O              187                                                      
     6.399837802         5.020274847        -4.589126801                
     4.492023287       -0.6064546972         4.092323257                
     2908.982180        -9804.512803        -3829.690414                
O              188                                                      
    -3.775261309         4.971627014        -2.225227233                
     4.965087170        -1.859219355        -3.707526283                
     2558.917329        -5746.867173         2997.389763                
O              189                                                      
     5.986325719        -5.176816714        -6.234334355                
    -1.518615786        0.8010460899       -0.7706070129                
     320.3700390        -10121.42903        -11512.76564                
O              190                                                      
    -4.159852324        -5.086221307       -0.4864745785                
   -0.8991546326         9.698542899        0.8848693831                
     6140.657713         32104.67199        -3916.177861                
O              191                                                      
     2.263754333        -5.069291790        -6.307665847                
    -5.543864889         1.689186115        -1.020941543                
     793.8010146         225.0681661         2212.299972                
O              192                                                      
    -7.776554665        -4.998723665       -0.3541602006                
    -2.045184042         6.882326461         3.363438068                
    -2250.925951        -12077.91818         16781.19083                
O              193                                                      
     7.506778348         1.045881257         3.361730149                
     2.049270380        -1.632540335        -1.308877933                
    -2840.745096        -5895.071493         15481.18162                
O              194                                                      
    -2.628564756         9.013282542         3.332031522                
     2.944641192        -1.721655573        -3.275413655                
     15760.57149        -6577.766039         46.45197918                
O              195                                                      
    -2.482003142         1.069397077         3.235546542                
     5.844731646        -4.833081415        -3.878054046                
    -1427.141037         2253.383839        -7541.255579                
O              196                                                      
     7.480961815         8.862851422         3.296140658                
     7.413180251         4.589149808        -1.139767644                
    -929.8689568         5861.149719        -2801.688282                
O              197                                                      
     6.172870155         1.057267564         5.715810847                
     1.687734055         1.513442110        -1.295179948                
     1042.800080        -6983.777232         4134.888856                
O              198                                                      
    -4.210729976         8.915441456         1.087993720                
    -6.804167627       -0.3852115254E-01    -2.330507864                
     6610.161179        -3566.920179        -17409.02448                
O              199                                                      
    -3.980488542        0.9086973505        0.9329661860                
     7.050493548        -2.495511225        -5.457704627                
     7974.157596        -183.3507922         2870.708635                
O              200                                                      
     6.057961283         8.921456776         5.608353902                
    -1.698929748        0.8377063494         4.189423394                
     869.6661254         10511.58132        -10514.32926                
O              201                                                      
     6.029168855        -1.230527714        0.3804569842                
    -3.559167588         8.513882924        -7.034701641                
     21111.34434         1922.412200         5789.366054                
O              202                                                      
    -4.034032440        -8.834508214         6.342453134                
    0.4985176741         5.848656084         2.183307766                
     18320.15347         53.37790671         16068.21616                
O              203                                                      
    -4.100418921        -1.243896606         6.382044490                
     4.380277730       -0.7025624121         1.354767729                
    -11497.49407        -5352.106448         13462.85236                
O              204                                                      
     6.165903231        -9.044705148        0.4385415677                
     3.841262485       -0.3536024569         1.833958182                
     1238.042008         3152.149635        -6017.474674                
O              205                                                      
     2.086694367         1.057377552         5.754601776                
     1.122978020         2.023491235         1.646561041                
    -4112.414622        -9844.441375        -5329.228686                
O              206                                                      
    -8.281580404         8.893074822         1.089099619                
     9.001815548        0.8936032747        -8.458042651                
     7107.563294         923.3741266        -14671.18735                
O              207                                                      
    -8.317536272        0.9547585033         1.015058902                
     2.756908863        0.9871899260        0.7799458041                
     36.77392265         2198.512598         9831.951653                
O              208                                                      
     2.067094836         9.158221966         5.603721288                
     1.913380851        -2.146828791        -1.201384982                
    -10810.52835         6096.013140        -4201.161008                
O              209                                                      
     2.492819223         1.153813465         3.212925207                
     5.981049144        0.5069490801        0.4153181944                
     5290.253256        -15209.59853         3504.749487                
O              210                                                      
    -7.628978670         9.061683872         3.618592742                
     2.817213650         4.012489253         5.057205587                
     2498.917187         511.9449035        -1221.248883                
O              211                                                      
    -7.612491011         1.039245120         3.555697058                
    -3.791484559        0.4990516142         1.401561930                
    -20965.71027        -3454.989393        -18284.17752                
O              212                                                      
     2.425639104         9.031774110         3.028510265                
    0.8045941621        0.5969129255        -1.744508700                
     2103.956022        -232.6986350        -6882.632755                
O              213                                                      
     5.042597726         1.069017669         3.359402908                
    -4.833677511        -1.752569303         4.319446087                
    -13785.75400        -2574.840168        -5359.663500                
O              214                                                      
    -5.104575861         9.044652098         3.498184144                
    -6.681778419         2.126607662        -5.184919134                
    -14970.74581        -8405.415009         11234.74780                
O              215                                                      
    -5.020724982        0.9225890619         3.288440895                
     2.755468984         3.534972928        -1.252480388                
    -12091.60301         1254.693362         3815.607970                
O              216                                                      
     4.855096898         8.892758089         3.315077734                
     4.371116937         2.240300620        -2.306536051                
     8221.898656         4695.937776        -6124.589470                
O              217                                                      
     7.622287046        -3.211249532         3.489829873                
    0.3595455602        -1.492793908        -2.410510939                
    -7922.366160         5452.060053         2505.977442                
O              218                                                      
    -2.562521995        -7.215912934         3.432016317                
     2.190480830        0.5162320997        -2.834663615                
     2736.258819         7576.901832        -9080.049701                
O              219                                                      
    -2.454617087        -3.101412005         3.403840011                
    -4.732408646        -5.629127066         3.489241515                
     5867.238801        -14753.60279         87.94959276                
O              220                                                      
     7.515008216        -7.057781094         3.367149587                
    -2.718418199         4.325460586        -2.639721193                
     2989.123667         1621.686380         14107.90669                
O              221                                                      
     6.148053318        -3.143143312         5.752533039                
     2.208234649         2.785306644       -0.4723340767                
     1853.079606        -5058.119680        -3004.893310                
O              222                                                      
    -4.018012440        -6.960961831         1.282992405                
    0.8831209983         1.395741222        -2.094172165                
     1407.974792        -571.9394863        -14532.85155                
O              223                                                      
    -3.710338713        -3.043248087        0.9846302102                
     6.984402608        -8.149419987         5.509078926                
    -7842.809984        -6698.557480         6277.912544                
O              224                                                      
     6.149674738        -7.284895325         5.706910613                
     4.815520551       -0.8677462018        -1.557187107                
     4294.835631         5579.873932        -17709.00992                
O              225                                                      
     6.084851918         3.416493456        0.2029497652                
    -6.095818925         4.360529129       -0.9452481121                
    -3278.441542        -8395.954251         3654.893584                
O              226                                                      
    -4.052460309         6.669895346         6.361644387                
     3.429775435       -0.4423224621         2.045368521                
     26854.90723         7412.039326        -6951.915544                
O              227                                                      
    -3.916722746         3.332440641         6.230292791                
     2.046446596        -2.353952390         3.120883122                
    -13054.57337         3202.258401         6129.715300                
O              228                                                      
     6.060254669         6.707003091        0.1050848939                
    0.7996721714        -2.297641092         2.846019470                
    -13311.07704        -3346.455340         4462.970502                
O              229                                                      
     2.130703740        -3.074253711         5.715768555                
    -9.035787493        -2.046255656         6.482648904                
    -5278.402204         863.6551992        -5447.079378                
O              230                                                      
    -8.177503763        -7.047965762         1.230217434                
     1.094652893       -0.8166103970        -1.233980817                
    -496.3896617         4235.698767         3012.960832                
O              231                                                      
    -8.125655075        -2.903177532         1.157377638                
     4.335128797        -1.738900685         1.704821042                
    -14967.80563        -2430.692629         23228.08676                
O              232                                                      
     2.152916122        -6.975019622         5.602438803                
   -0.9202458295        -2.709660673         5.381941864                
    -15889.10483         956.1578911         2535.395355                
O              233                                                      
     2.585674537        -3.141486719         3.264505196                
    -8.530164600         1.916335935         1.351720568                
     4941.219267         2707.385773        -2515.338976                
O              234                                                      
    -7.766172706        -7.093960625         3.755060671                
     3.497924046       -0.8702726975        -3.801278704                
    -8015.007128         7437.472833        -13580.49461                
O              235                                                      
    -7.637485618        -3.094092480         3.539768158                
    -3.540530011        -1.100021017        -4.233361886                
    -4577.739219        -5120.026343        -8981.867798                
O              236                                                      
     2.677727789        -6.947140814         3.150953888                
    -2.234969008         3.107058099        -2.905773695                
    -1838.195798         8992.477186        -18751.72576                
O              237                                                      
     5.161202424        -3.241020928         3.328310785                
    0.8569126565         1.958047941        0.6205369779                
    -2302.479807         10849.71775         7801.508092                
O              238                                                      
    -5.144422070        -7.176072748         3.580882231                
     3.410238501        -3.033736550        0.6919445193                
    -13203.25076         3397.854493        -1639.422908                
O              239                                                      
    -4.970281276        -3.169985313         3.274191213                
    -1.820055800         3.333769872        0.3849982581                
    -3829.442308         819.9382149        -10260.79121                
O              240                                                      
     5.121882488        -6.966743087         3.344556117                
     9.665814470        -4.493476167         1.218699248                
    -9501.692341         3312.218758        -10401.21618                
O              241                                                      
     6.259539964        -1.027768761         4.285904671                
     5.693631128        -2.457167491         2.090539556                
     2241.541158        -13791.66061        -5388.323103                
O              242                                                      
    -3.958308836        -9.192232311         2.512918451                
    -2.548553828         4.385744120         2.109766809                
     3867.120498         8131.799502        -672.2157922                
O              243                                                      
    -3.535621291        -1.092717454         2.537564263                
     5.392216978        -2.459329100         1.190860562                
    -17410.91684         36575.14418        -7646.523540                
O              244                                                      
     6.277690815        -9.209093627         3.988216091                
     7.036944251         3.234622431        -7.127698860                
    -7498.676786        -6120.529479         9248.909566                
O              245                                                      
     1.554592678        -1.042589697         4.320552467                
     2.793974913         1.710037873        -2.087378392                
     4273.022127         23342.49943        -2683.474741                
O              246                                                      
    -8.808655561        -9.132985498         2.571886296                
     6.482605426         4.006153882       -0.5895446546                
    -1282.441411        -2068.009755        -4102.206428                
O              247                                                      
    -8.925006217       -0.9199924098         2.688272038                
    -4.316500974       -0.4797848285       -0.2447911338E-01            
     4274.261507        -16644.78961        -1244.393530                
O              248                                                      
     1.621194471        -8.982175021         4.147084572                
    0.4640413025         8.026852939        -2.600128958                
    -6402.618574         2838.040312        -5060.556864                
O              249                                                      
     8.142597695         2.548682682         1.379401435                
     1.147373808         1.892286673         4.506351554                
     12645.38779        -20882.68974         15818.47689                
O              250                                                      
    -1.701866816         7.568321795         5.247827043                
     2.031903024         1.440899945         4.333095438                
    -18828.59844        -5208.828164         20708.60598                
O              251                                                      
    -1.750286400         2.568997214         5.268199934                
     5.878498597        0.2428611173        -3.950220847                
     5776.854445        -14414.23374        -6468.415985                
O              252                                                      
     8.160144475         7.516167396         1.276970837                
   -0.3368890730       -0.3882059946         1.241071005                
     11837.75278         3725.037874        -1721.032469                
O              253                                                      
     8.165645556       -0.6410248451E-02     1.228782328                
    -4.029918308         2.553843831         1.998177137                
     7067.302331         11799.92430         16272.50975                
O              254                                                      
    -1.930370863        -10.07017595         5.425833578                
    -3.329812923        -2.206213985         2.745178343                
     4167.295654        -7220.938388         4156.148435                
O              255                                                      
    -2.156252235        0.2790683431E-01     5.460480237                
    -1.416354509        0.7465966270        -3.137839244                
     17556.21503         6194.921935        -3012.845792                
O              256                                                      
     8.334657431         9.976276770         1.206891056                
     3.276723182        -6.818595927        0.2009682622                
    -188.8156574         5298.030249        -2188.707872                
O              257                                                      
     8.072948931        -2.521784111         1.186112335                
    -3.206525804        -7.877593344         3.549013502                
     7873.918285        -5301.655073         1035.862349                
O              258                                                      
    -1.926634834        -7.604423347         5.624181574                
    -2.131177434        -6.356956319         9.678281034                
     17461.87626         9330.702158        -1230.562407                
O              259                                                      
    -1.959098124        -2.517801532         5.697017696                
    -6.317795740       -0.2980671278         3.707052642                
     2181.780288        -5470.603056        -2985.446016                
O              260                                                      
     8.215618410        -7.633260259         1.095133606                
    -2.097067859        0.9472569648       -0.6367644462E-01            
    -2143.090819        -8511.913537         3147.987632                
O              261                                                      
     4.001289299         2.549603197         1.403037456                
    -5.833565088        -2.246663999        -2.187061198                
    -203.2612918        -18373.99763         8509.845201                
O              262                                                      
    -6.133181780         7.608168563         5.349474427                
    -4.047792038         1.629805843         1.644919103                
    -7457.220416         11141.64056        -3959.013541                
O              263                                                      
    -6.089507575         2.415704103         5.159125699                
     1.932983414        -4.521245428         2.056422662                
     850.5769830        -7275.547339         3563.596802                
O              264                                                      
     3.964911961         7.544262311         1.260729399                
    -7.292691457         7.476141739        0.5937877743                
    -11486.31455         7832.727848         13316.67310                
O              265                                                      
     3.986961186       -0.2682825264E-02     1.334994750                
     3.185485218        -1.440911968       -0.6862167224                
     2008.831358         1431.152134        -4597.975394                
O              266                                                      
    -6.078017285        -9.938008652         5.496957981                
    -6.247463204         2.450204822         9.987673026                
    -5213.026389        -17814.85785        -1093.973908                
O              267                                                      
    -6.098076048       -0.1960702546         5.247022981                
     2.825347152        0.9194081312         1.805449975                
    -2432.213157         9460.471668         14407.36172                
O              268                                                      
     4.003891220         10.02427859         1.254329034                
    -5.089823878         3.386763910         1.093356401                
     3848.759825         7824.458085        -9644.581966                
O              269                                                      
     4.054725682        -2.466463828         1.201812904                
     3.006099801         8.310206554         7.892697264                
    -7397.942865        -12119.54857         9041.860801                
O              270                                                      
    -6.168829601        -7.490937702         5.740217827                
    0.2894594225       -0.5220374535        -2.848727281                
     2624.335872        -8510.542686         20597.65169                
O              271                                                      
    -6.063293816        -2.607236814         5.438563083                
     1.872259639         7.069009758        0.8358213516E-02            
     943.0526504        -4941.559659         5250.768655                
O              272                                                      
     4.137487796        -7.642965112         1.190369974                
     1.382627349         7.044647499         2.348963180                
     6212.712063        -4812.041138        -21228.22127                
O              273                                                      
   -0.8928337100E-02    0.9992327081         4.304439547                
     5.426484270         5.529303061        0.5782450712                
     16779.42222        -12724.01099        -3685.207533                
O              274                                                      
     10.09480732         8.917091175         2.616218300                
    0.3527001236        -1.401092863        -2.145581265                
     6800.398878        -1081.255872        -4441.477482                
O              275                                                      
     10.05126068         1.177007147         2.612877115                
    -3.489723821         3.180630287         1.447844186                
    -4425.411707         765.5149851        -101.3868719                
O              276                                                      
   -0.2222761749E-01     9.147594256         4.103031691                
     5.659081775        -3.445344562        -4.221809213                
     33028.47167         13351.08577        -4680.728763                
O              277                                                      
    0.2452415337E-01    -3.073292145         4.225695493                
     6.005963651       -0.2070697090       -0.8562511920                
     17938.23190        -4243.547644         5127.517783                
O              278                                                      
     10.05423267        -6.923333629         2.619335646                
     4.265206353        -1.932281461       -0.1247109049                
     5723.863756        -2717.476373         9095.766264                
O              279                                                      
     10.05406761        -3.119787411         2.657759683                
    0.5161480950        -2.479884839         1.036512902                
     10348.00981        -3280.640313        -9855.034125                
O              280                                                      
    0.6245465695E-01    -6.950624888         4.087621170                
    0.3746681677        -1.126547376         1.052188122                
     24341.04019        -7765.194686        -3128.684601                
O              281                                                      
     8.450912876        -5.090432854         1.958348550                
    0.8542944915E-01    -2.917048602         1.092466457                
     5631.178495         11281.76608         10128.93154                
O              282                                                      
    -1.519858670        -5.112999670         4.666712667                
   -0.7730048079         4.045970374        -2.271739609                
     4284.387500         6265.524332        -4891.079129                
O              283                                                      
     3.868549712        -5.011633686         2.029392791                
    -5.567659028         1.636374364       -0.8420939355E-01            
     5253.520923        -12681.25359         3826.463802                
O              284                                                      
    -6.222785349        -5.089361688         4.487396714                
     5.051247860         1.145851343         1.761167319                
    -17651.77341        -12705.67370        -8592.660544                
O              285                                                      
     4.236220024         5.027619891        0.4028248407                
    0.3666537685        -7.748980410       -0.8483806921                
    -4480.856885        -157.2612081         6200.556337                
O              286                                                      
    -5.820844758         4.960230129         6.095524871                
    -1.285825545        -5.489844525         2.233030892                
    -7808.498641         13119.26102         17.62707277                
O              287                                                      
     7.939325102         5.028442518        0.3532320186                
    -4.996028001        -1.061801045         1.182243075                
    -4485.802428         3470.944740        -1787.371676                
O              288                                                      
    -2.146968849         5.077335516         6.157339513                
    -5.085050306        0.7603527859        -3.716204850                
     3532.992329         9061.070185         14253.98992                
C              289                                                      
    0.6969609424         5.613559075        0.9509317953                
     2.153058037        -1.898271405         2.949215273                
    -7.887855031         55.84429618        -92.75965376                
C              290                                                      
   -0.6794527374E-01     5.121887992         2.015399637                
     2.121229895        -2.601678226         2.601444939                
     12.28314272         27.21004269        -110.9975161                
C              291                                                      
   -0.5298145285         3.800445652         1.993791045                
   -0.2444226223        -1.738936139        0.4059405648                
     27.98419327       -0.3080312468        -144.9733780                
C              292                                                      
   -0.2267775676         2.970674394        0.9077146126                
    -2.578246999       -0.1727872310        -1.441793477                
     5.384786751        -35.86922221        -150.6212676                
C              293                                                      
    0.5381286496         3.462345478       -0.1567532296                
    -2.546418855        0.5306195892        -1.094023141                
    -76.09235919        -60.19033223        -119.3684968                
C              294                                                      
    0.9999979042         4.783787818       -0.1351446381                
   -0.1807663386       -0.3321224975         1.101481232                
    -275.5549745        -12.78200890        -77.71103505                
H              295                                                      
     1.053260082         6.632957453        0.9676012800                
     3.977989981        -2.563815302         4.642890078                
    -69.88019515        -59.00501992         110.2753063                
H              296                                                      
   -0.3017254526         5.762000037         2.853247766                
     3.921627687        -3.809868961         4.026852143                
    -31.95411757        -60.25648509         210.6751970                
H              297                                                      
    -1.119893848         3.421159319         2.814969691                
   -0.2689567734        -2.281582978        0.1376729643                
     97.63774385         606.2732909        -307.3303849                
H              298                                                      
   -0.5830767071         1.951276017        0.8910451277                
    -4.403178941        0.4927566648        -3.135468280                
    -39.77732761         18.64058756         174.9566522                
H              299                                                      
    0.7719088279         2.822233432       -0.9946013585                
    -4.346816648         1.738810324        -2.519430346                
     95.00996743         92.66581341         155.5291487                
H              300                                                      
     1.590077223         5.163074149       -0.9563232834                
   -0.1562321893        0.2105243421         1.369748831                
     227.3003707        -26.96250199        -108.4641484                
