Diffusion in Zeolites. ZSM5 (Silicate) Crystal Structure, Si(96)O(192) +
         2         2       300    133340   1.0000000E-03   1.3334000E+02
       20.3183600000        0.0000000000        0.0000000000            
        0.0000000000       20.1714600000        0.0000000000            
        0.0000000000        0.0000000000       13.5858629500            
Si               1                                                      
     1.712655747        -1.225365625        -4.633856416                
    -2.059879439        -2.516620881        -1.373732178                
     10329.20159         2279.516365         20033.24172                
Si               2                                                      
    -8.470137847        -8.840484466        -2.279949087                
    -1.062311905        -3.675158414         2.558676965                
     7127.639372        -10558.23050        -7897.128023                
Si               3                                                      
    -8.478201312        -1.232274632        -2.162342120                
     4.041659115       -0.1381199925        -3.823389181                
     1631.010579        -9969.440928        -12271.47980                
Si               4                                                      
     1.723475634        -8.965306633        -4.759434043                
    -5.895981440         5.300794277        0.8322174253                
    -10126.85825        -387.5109800         7948.733265                
Si               5                                                      
     4.026049624       -0.6970425075        -2.617668742                
     4.122060986        -1.805926261         8.593101043                
     5270.095809         267.3992409         3890.067764                
Si               6                                                      
    -6.136679445        -9.439600066        -4.311728387                
   -0.4903844732        -2.470239991        -3.801095746                
    -17531.31587        -3850.131507         2237.120430                
Si               7                                                      
    -6.152871967       -0.6650054808        -4.174118116                
    -1.401416792         2.171299034        -3.183190987                
     4722.898977        -3314.866343         2854.119765                
Si               8                                                      
     3.987826385        -9.703860003        -2.738724278                
    0.4315887156        -1.737401008         1.492159667                
    -9668.561952        -4656.990850         9585.076230                
Si               9                                                      
     5.734214468         1.200691930        -6.493702349                
    -5.162866040        -4.573301551       -0.8947320552                
    -22373.65809         11864.89682         21490.35283                
Si              10                                                      
    -4.419533482         8.819636869       -0.4565730399                
    -4.174887394        -4.555034940         3.362263980                
    -20624.02976         11868.10264        -9710.140568                
Si              11                                                      
    -4.342603194         1.226912079       -0.4756426854                
     3.424061008        -2.109776593        -1.238353907                
     5996.614482        -8854.235228        -1870.584344                
Si              12                                                      
     5.764823928         8.685590392        -6.538609318                
     3.354008871        -2.311380447        -2.987825613                
    -24796.68049         21334.45733        -31797.22328                
Si              13                                                      
     2.517867850         1.203590635        -6.522752928                
    -2.441305820        0.6023056724        -1.935545050                
     4308.614925         11266.12946        -236.0374353                
Si              14                                                      
    -7.674862968         8.888044810       -0.2945385816                
   -0.7435653252       -0.9624774110        -2.923674124                
     20265.96102         8046.566900        -4281.152515                
Si              15                                                      
    -7.505049750         1.210377674       -0.3627087369                
     1.625665735         2.224152451         3.742740881                
    -21425.76852         8230.335366         3530.691856                
Si              16                                                      
     2.574085751         8.759459230        -6.575093762                
     6.071065965        0.8073306855E-01    -1.474105227                
     14398.60684         24910.40895        -32830.88544                
Si              17                                                      
     8.787443890       -0.6132933568        -2.568458959                
   -0.4263618240        -3.544391850       -0.7907144351                
    -2691.616130        -4355.147648        -13453.43262                
Si              18                                                      
    -1.306973568        -9.613603170        -4.390954278                
    -2.682423834       -0.1160228928         5.469677563                
     2507.092115         7131.849077        -17713.06133                
Si              19                                                      
    -1.308377025       -0.6449580536        -4.286106462                
     2.609634802         1.261960948         1.482312950                
    -3649.621344         10565.51739         6658.193272                
Si              20                                                      
     8.806558293        -9.436759680        -2.699035897                
    -2.172480160       -0.4310004071         3.789744020                
    -7467.668847        -5274.145996        -5367.606992                
Si              21                                                      
     6.476653752        -1.206916237        -4.598714200                
    0.2818274016        0.6725057134       -0.8740599450                
    -723.4861937         2253.407621         13506.93890                
Si              22                                                      
    -3.648071403        -8.967683760        -2.454812474                
    0.7691214929        -4.669596677        -2.205317956                
    -20681.27830         7108.774578         15799.08649                
Si              23                                                      
    -3.616921752        -1.282808065        -2.272407119                
    -2.622739121         1.396572981       -0.8205299712                
    -8592.426283        -7362.567364        -9230.990609                
Si              24                                                      
     6.393939601        -8.999516548        -4.647196345                
    0.9897491649       -0.8317496597        -1.851214127                
     8156.725135         1638.368230        -14489.48287                
Si              25                                                      
     1.637944815         3.472635198        -4.582180455                
   -0.7534930525        -3.748178680        0.6322018403                
     14916.72351        -11185.94359         2426.099658                
Si              26                                                      
    -8.543874991         6.638276591        -2.229358696                
     1.496413815       -0.2183459109        -1.969914521                
    -9465.909147        -15843.92485         173.3251707                
Si              27                                                      
    -8.534206881         3.524285134        -2.269258491                
   -0.1244157489E-01    -1.636368731        -3.424048667                
     1386.058918        -14573.56271         9263.157952                
Si              28                                                      
     1.730670856         6.536480161        -4.612277341                
     1.387219795        -2.107003405       -0.1288956383                
    -5901.650411         5115.642867         4281.183190                
Si              29                                                      
     3.935467062         2.470416330        -2.659935840                
   -0.1571826354         2.202896131        -4.369641711                
     14726.14764        -2820.409861         4428.046132                
Si              30                                                      
    -6.305610756         7.524406875        -4.223212302                
     4.017554609         3.401391450         4.495965785                
     12538.35221         6886.346177         4545.203369                
Si              31                                                      
    -6.264248548         2.512952015        -4.147035921                
     1.038649705       -0.2621541028        -3.494521262                
     1651.929354         4932.242206         2899.748161                
Si              32                                                      
     4.006215219         7.324056250        -2.579899812                
     1.038719192         1.381873816         1.693895253                
     12938.71120        -5573.042981        -2843.110341                
Si              33                                                      
     5.611541583        -3.496194668        -6.495889837                
    -6.626379255       -0.2263918207       -0.3112080516                
     6612.514902        -1619.964325        -3462.950005                
Si              34                                                      
    -4.346188344        -6.667413351       -0.4334047519                
    -4.261574819        0.3499509537         1.186039924                
    -16616.67119         7820.830586         1546.018208                
Si              35                                                      
    -4.422481782        -3.607651367       -0.3156262502                
   -0.2857586054        -1.494270073        0.9969423581                
     8296.297526         17779.38671         25912.67084                
Si              36                                                      
     5.744894792        -6.528952505        -6.474882809                
    -1.412721427       -0.5212800647        0.8794918070                
    -20058.95583        -6812.603309        -772.0678488                
Si              37                                                      
     2.460495629        -3.496248222        -6.509428836                
     6.099395141       -0.4426826396       -0.2046318597                
     13338.43347        -27966.32355         10074.16649                
Si              38                                                      
    -7.554171270        -6.571616024       -0.3725513596                
    -4.176673922         3.662688953         1.567362518                
     9413.912495        -9494.921964         8617.226132                
Si              39                                                      
    -7.619799588        -3.492459841       -0.1430967416                
     1.781691467        -2.522806016        0.1835670224                
     10202.28739        -4343.437963        -29755.97524                
Si              40                                                      
     2.558658868        -6.598766405        -6.509284434                
     3.498051707         2.083608526         6.114750612                
    -4969.273981        -5254.126818        -15408.22400                
Si              41                                                      
     8.822569982         2.518504553        -2.502417603                
    -3.898279713       -0.5799931220        -3.605216866                
    -10443.73004         18678.05074         10168.08420                
Si              42                                                      
    -1.323741308         7.356798688        -4.392213963                
    -2.138643060        0.6341365196        -3.008717740                
     10238.87865         19175.22279         10256.66540                
Si              43                                                      
    -1.298119913         2.542529719        -4.205208338                
    -4.433477047        0.3928166962       -0.3057478187                
    -22355.38776        -4945.127033         2134.951210                
Si              44                                                      
     8.776309974         7.539690206        -2.606442770                
   -0.1290384528         2.462228079         1.208017708                
     4799.244916        -2617.806556         23714.95979                
Si              45                                                      
     6.451240184         3.359072166        -4.410997458                
    -4.092195221        -3.309157438         2.895317836                
     11525.60229         6790.597827        -6700.745150                
Si              46                                                      
    -3.758551645         6.615015724        -2.512178704                
     1.276776933         5.494612637         5.177828686                
     7174.879935         66.43671400         2862.751891                
Si              47                                                      
    -3.752791818         3.484293410        -2.437171227                
   -0.9779042900         1.592292041        -1.036477426                
     629.7460103         2223.074779        -872.8099492                
Si              48                                                      
     6.490411506         6.532713596        -4.453691549                
    -2.926938853        -1.263824404        -3.053075721                
     11031.29489        -1727.707777        -5461.399102                
Si              49                                                      
     8.547237872         1.074183271         2.213427121                
   -0.6442991170         6.947151645        -5.527372802                
    -914.0672514        -11848.90483         3955.903481                
Si              50                                                      
    -1.575371900         8.766622705         4.509496118                
     6.372591813       -0.8309020568        -3.305719805                
    -19199.14884         22921.08787         153.9705623                
Si              51                                                      
    -1.613988559         1.251147997         4.577650776                
    0.4787943784E-01     6.576737413        -3.821037981                
     19707.12506         9366.492168        -18270.51826                
Si              52                                                      
     8.618190568         8.863733716         2.132986423                
    -4.906206801        -3.230089057        -3.020533018                
    -2530.401682        -6110.808722        -20791.49587                
Si              53                                                      
     6.161216970        0.5146960192         4.168487520                
     1.764271380        -4.913125693        -3.607326498                
    -6217.719723        -26610.26296        -17004.32243                
Si              54                                                      
    -3.923648373         9.491936762         2.600854903                
     1.127887737        0.1320643304E-01     2.937169646                
    -262.0141079        -12000.09220        -30575.29591                
Si              55                                                      
    -3.857523988        0.6298644897         2.533355645                
    -2.209054951       -0.8838051440         1.907451595                
    -1441.447059         233.5228557        -9470.976330                
Si              56                                                      
     6.295956184         9.556226580         4.052947524                
    -5.170999818         2.865357737        0.1214104324                
    -29500.50259        -15245.42400         10068.45782                
Si              57                                                      
     4.468482225        -1.359405334        0.3894839035                
   -0.7216655222       -0.3259800499        -1.016759568                
    -10554.07926        -855.2509751         11586.66901                
Si              58                                                      
    -5.637946863        -8.736935782         6.282773257                
    -2.152198625        -5.005490509         2.601609174                
     22731.88143        -10883.39358        -13070.04555                
Si              59                                                      
    -5.612977426        -1.188837469         6.387223956                
    -3.128101782         3.993886318         3.308285207                
     5298.108919        -13402.78991        -4363.474450                
Si              60                                                      
     4.590723224        -8.893745698        0.2193546600                
    -6.263977654         1.346247824        0.7764488620                
    -4866.154745        -10998.11463         16178.58504                
Si              61                                                      
     7.668499597        -1.299583820        0.3109314527                
    -2.045320004        -3.875857425        -1.966499398                
    -11799.73075         9158.057399         1118.464739                
Si              62                                                      
    -2.414610014        -8.902614449         6.314354089                
    -2.091215822        0.1357325349         1.224894611                
    -2166.368064         15798.86169         9630.108062                
Si              63                                                      
    -2.421336150        -1.180498445         6.403051031                
    -1.074085470        -1.453325415         1.762288681                
    -4851.342778        -7519.934193        -3353.081870                
Si              64                                                      
     7.787112119        -8.922237955        0.2163723614                
    -4.742324970         2.501752927        -2.514594639                
    -12188.91612         18944.75509         16667.07965                
Si              65                                                      
     1.418420839        0.5545864806         4.164069980                
    0.1076369452E-01    -3.801834157        -7.264928572                
    -610.1804773        -6333.396885         11725.13188                
Si              66                                                      
    -8.681039881         9.571146138         2.576191286                
    -3.366225273         2.830799931        -1.110620972                
    -16682.93578        -9631.219480         19426.23220                
Si              67                                                      
    -8.723947108        0.6012666136         2.560294968                
     2.117168521        -1.509980829         2.915848395                
     15421.81561        -940.1416813        -17999.18423                
Si              68                                                      
     1.465205782         9.349553199         4.130122459                
    -2.219420680       -0.1963736680        -2.015045735                
    -11658.76358         2953.289821         21688.43798                
Si              69                                                      
     3.768305027         1.144150969         2.241676347                
    -2.702589523        -4.696319653        -1.828525634                
    -9441.569073        -8479.077067        -960.7423378                
Si              70                                                      
    -6.338423877         8.930990603         4.487787296                
     1.473322966         5.833552696       -0.5902059251                
     191.6011672        -5854.671362        -7032.827716                
Si              71                                                      
    -6.293931400         1.186144446         4.400665090                
     1.587151598         2.866661026        -1.958060640                
    -2310.277338         12597.77917        -2863.749766                
Si              72                                                      
     3.817929586         8.901747351         2.223593811                
    -2.819020732         1.871539944        0.7042686393                
    -7644.532443         10029.33641        -17279.25565                
Si              73                                                      
     8.572114409        -3.505401474         2.271213272                
   -0.4683474045       -0.3720969609        -2.490113249                
     12547.17979         7260.314797        -13319.89948                
Si              74                                                      
    -1.433399804        -6.643350274         4.378181475                
    0.5258199452        0.8887372144        0.3498344335                
    -9065.538594        -2425.247657        -1334.014377                
Si              75                                                      
    -1.535777247        -3.485907657         4.428643293                
     1.279827776        0.1257142656        0.5347291871                
    -7703.446015        -6120.901754         11204.68983                
Si              76                                                      
     8.641749385        -6.630772872         2.250751586                
   -0.1623521655        -3.665580336        -2.886634005                
     14251.90696         12020.67933        -15752.62881                
Si              77                                                      
     6.190629461        -2.721295112         4.158851044                
     1.891363146         1.802618931        -5.824461906                
     14566.40599         27799.42722        -16809.87859                
Si              78                                                      
    -3.787086736        -7.549075952         2.526554438                
   -0.4708121460         5.412730469         1.094403151                
    -22993.96409        -2886.642716         2282.897949                
Si              79                                                      
    -3.817731671        -2.563699143         2.605187990                
     2.054265309         2.215508291         6.670479765                
    -13398.66159        -796.1183268        -4334.978834                
Si              80                                                      
     6.316313118        -7.482627681         4.161323453                
    -1.767937519         2.530779840         3.007473600                
    -12772.09451         8054.308029         1753.771843                
Si              81                                                      
     4.558329213         3.438314392        0.3149696418                
     2.256926529         4.764802665        -1.179271951                
    -6303.280934         6604.537203        -14762.66236                
Si              82                                                      
    -5.775027777         6.539443443         6.435285635                
    -5.180396491         2.315454235        -1.617831895                
     23502.34618        -12363.15769        -4070.649536                
Si              83                                                      
    -5.612091466         3.416661272         6.468640400                
    0.2730688481         2.627843004        -1.202054942                
    -1662.195593         12163.24358         2143.166694                
Si              84                                                      
     4.629851569         6.520477146        0.3847409397                
   -0.9886482185       -0.6552301082         2.747004677                
     14774.78205         5315.837966         7164.251660                
Si              85                                                      
     7.681856378         3.411632481        0.3790177846                
    -1.096631151        -4.863390178         5.423918737                
     27146.21179        -16712.48118        -13036.54550                
Si              86                                                      
    -2.559884448         6.562869654         6.410590993                
    -3.628665066         3.287217523         1.935564337                
    -26547.62769        -17031.65228         9796.138945                
Si              87                                                      
    -2.435303662         3.476216771         6.577829310                
   -0.9422148489        -2.281037282        -1.140994914                
     860.3465766        -5861.688332        -18338.22089                
Si              88                                                      
     7.824927514         6.447437166        0.2875173831                
     2.631094077         5.234769092        -3.902109809                
    -6926.799733         34195.65257         7066.172026                
Si              89                                                      
     1.445112124        -2.638233842         4.208079604                
     2.721095670         2.491528213        -1.028483607                
     6192.430145        -407.4993508        -1624.204177                
Si              90                                                      
    -8.585556919        -7.415247773         2.482133641                
    0.1234204303        -4.439168767         2.296348982                
    -25722.61942        -20202.98869        -9307.909569                
Si              91                                                      
    -8.746098333        -2.579214043         2.603172990                
    -3.138761852        -4.144339264         3.108807168                
    -4782.965221        -6622.083822         5416.564788                
Si              92                                                      
     1.509923000        -7.661900763         4.252182705                
    -5.562730531       -0.2728873603         1.740060153                
    -6905.987609         9945.935180        -4362.366790                
Si              93                                                      
     3.801970189        -3.662848745         2.317692713                
     2.137096423       -0.6347484791         7.729126347                
     1256.255821         28539.45884         13652.10388                
Si              94                                                      
    -6.225013094        -6.466536568         4.254161669                
     1.146967240        0.5087263717        0.9457749758                
    -170.3812974        -18393.24070         8008.741819                
Si              95                                                      
    -6.317102249        -3.384873068         4.422472238                
     3.021116111        -3.382972429        -3.260745905                
     5395.540223        -3534.114725         6566.216171                
Si              96                                                      
     3.840185885        -6.743478084         2.354031518                
    -1.051490437         3.838962134       -0.8777224994                
     14268.99275         504.1919229        -13144.60607                
O               97                                                      
     2.819865757        -1.082960357        -3.486756678                
    -7.254273282        0.9379101059         1.514208681                
    -24975.60705        -8083.512761        -9951.367832                
O               98                                                      
    -7.426150282        -8.929493661        -3.475691596                
     3.489286827        0.6212183102       -0.1853219083                
     7066.916283        -7225.238296        -3206.418917                
O               99                                                      
    -7.403530534        -1.173499695        -3.371634116                
    -3.670253469         1.230753398       -0.3329753035                
    -10539.76904         2519.353988         11064.75777                
O              100                                                      
     2.692868084        -9.208885223        -3.533977950                
     1.310991719         2.090091030       -0.6003695101                
     9254.026049        -8501.152928         1881.682367                
O              101                                                      
     4.107046274        -1.231326923        -1.130521615                
     2.438308581       -0.1992275328         1.364480076                
     2325.734842         7407.260582        -6064.327233                
O              102                                                      
    -6.033465455        -8.976700356        -5.830565686                
    -4.962660499        -1.918294798       -0.7925590602                
    -4802.283358         2490.853743         17979.42173                
O              103                                                      
    -6.121334078        -1.001664467        -5.740215316                
     1.941366459        -5.226199508         3.683903026                
     9384.588029         4781.977413         17814.73679                
O              104                                                      
     4.166208662        -9.183066744        -1.263381004                
     3.437751434        -6.882033962       -0.6254640501                
    -1535.549018         9823.893195        -2486.114276                
O              105                                                      
     4.102305391         1.288986843        -6.528875537                
     4.876624520        -2.806947512        -5.798734949                
     8893.824812        -9239.965227         8371.839773                
O              106                                                      
    -6.038836555         8.798591386       -0.3652097817                
     9.013770749        -2.270392327        -1.600335256                
    -13360.40854         1655.126686         254.7048601                
O              107                                                      
    -5.933236498         1.157519595       -0.4590694277                
    -4.475657595        0.2702818252         1.624066784                
     2651.263939        -3407.124648         10185.92294                
O              108                                                      
     4.136907458         8.759345887        -6.656592259                
     1.523404798        -7.195302374        -1.707737497                
     21578.02082        -2791.670513         10950.21771                
O              109                                                      
     8.154270196       -0.9428464513        -1.151460884                
    -1.416336627         5.498816949        -4.141024858                
    -536.6590686        -9907.230122        -3282.102231                
O              110                                                      
    -1.960543177        -9.135218440        -5.775531078                
    0.9750702997        -1.576639806         1.377753887                
     9309.449659        -7561.826940         2561.196368                
O              111                                                      
    -1.881371862       -0.9981241435        -5.717438463                
     1.397597635        -6.392553960        -1.847516266                
     4926.708865        -310.2782622         1756.302979                
O              112                                                      
     8.241912191        -8.951389116        -1.257834762                
     3.839727071        -2.105121320         5.605018988                
     13468.68432        -6108.193975        -24404.12821                
O              113                                                      
     7.835423518        -1.200745904        -3.732696205                
     1.973665444         7.530423123        -2.613178478                
    -9021.095584         11378.34461         3368.593216                
O              114                                                      
    -2.344109303        -9.140788143        -3.311908184                
     6.760344892         1.646826015         11.50780793                
     1249.296844        -2340.812129         13708.94944                
O              115                                                      
    -2.323869248        -1.207937944        -3.179371888                
     1.077784908         6.962588232        -3.522223316                
     8260.972400         6657.152711        -3088.819725                
O              116                                                      
     7.797341872        -9.007806720        -3.869917808                
    0.9787857990         5.203800467        0.1352833340                
    -5646.122088        -4748.827969         9529.377757                
O              117                                                      
     5.255994306        -1.066465941        -3.547702817                
     2.337860535       -0.5998872182         1.304043903                
     16001.13929         2727.601956         3987.667201                
O              118                                                      
    -4.876488753        -9.109794768        -3.440838205                
    -5.085322309         4.733493448       -0.2566716454                
     4370.815660         3315.163010        -7387.396674                
O              119                                                      
    -4.849609037        -1.156399313        -3.345232997                
    -1.020005393        0.5117676614         8.925269977                
    -37.12210320         2955.990308         3097.545475                
O              120                                                      
     5.222299568        -9.308141061        -3.625979993                
    0.5724473503        -6.561934804       -0.8142125201                
     4869.731272         5912.894748        -1154.136857                
O              121                                                      
     2.775002880         3.123703847        -3.477185985                
     1.010926694        -2.019855570         6.187146634                
    -22650.50531        -6368.910210        -5119.406496                
O              122                                                      
    -7.534228483         6.999167709        -3.375493008                
    -3.158272869        -3.394934350         4.608935576                
     4402.533486         9077.957172        -5239.304887                
O              123                                                      
    -7.549731185         3.034807222        -3.384802301                
   -0.5885386547        -6.933260696       -0.5885609913                
     7365.818880         1146.393831        -11791.17058                
O              124                                                      
     2.720840842         6.865666474        -3.425901352                
   -0.7977221248        -1.452906964        -1.637054134                
     10199.32933        -254.8799435         4890.287707                
O              125                                                      
     4.239673312         2.978436672        -1.218527399                
     3.804129587        -1.982375402         2.199235206                
    -11713.11447         15140.91565         29787.40877                
O              126                                                      
    -6.136227951         6.945574119        -5.680442437                
    -2.059027663        -3.872269884        -1.366372625                
    -12894.50525         3973.416690         3743.685596                
O              127                                                      
    -6.137635623         2.950707343        -5.667887390                
    -2.927864920       -0.7630533137        -7.759117466                
     7608.929944         2354.940306        -5493.062652                
O              128                                                      
     4.224303802         6.843715570        -1.086699495                
    -2.961471711        -3.930166646        -4.685170665                
    -11489.05625        -713.5446183        -15983.46433                
O              129                                                      
     4.051580323        -3.420816757        -6.488001403                
    -3.201086176         6.911793591         1.886956251                
    -6504.971438         8456.796810         1040.038153                
O              130                                                      
    -5.945126335        -6.664390852       -0.3992595100                
    -6.615114667        -2.011618557         2.058299840                
    -8441.312433        -3386.081711        -4393.045430                
O              131                                                      
    -5.994794892        -3.401911473       -0.2051883142                
    -3.702233644        -3.155346177         3.661397140                
    -12543.51596         1387.547019        -3961.245506                
O              132                                                      
     4.146200301        -6.659175814        -6.488315728                
     1.188120770         3.790191232         7.555381699                
    -4805.762708        -583.7211754         416.3944437                
O              133                                                      
     8.250773211         2.881668359        -1.008912293                
    -5.570900641        -5.735329716         2.060259428                
     4615.540680         3234.626182        -18349.69817                
O              134                                                      
    -1.993186360         7.002123406        -5.757383313                
    -1.499840668         2.739619701        -6.716938595                
     6628.567854        -7740.175784        -7601.610822                
O              135                                                      
    -1.915384229         3.093998530        -5.570964662                
     4.039432251        -2.537861502        -1.189230727                
     10721.03617         629.9007542        -4992.503019                
O              136                                                      
     8.251115978         6.998121450        -1.131133627                
     1.140364436       -0.6791477810        -7.982995799                
     9309.369839         3619.064399        -16703.59498                
O              137                                                      
     7.759896152         3.008300793        -3.574428429                
     3.680133559        -2.446850449         1.658319930                
    -6415.263279         4396.937496         1496.398070                
O              138                                                      
    -2.381885634         6.939333885        -3.307663481                
    -5.095932922         4.078001600         8.401365855                
    -10941.56494        -695.3432620         4870.380410                
O              139                                                      
    -2.416165228         3.033186319        -3.176338800                
     3.464372779        -2.436165628         1.887011594                
     5999.541410         61.01373507         3826.824695                
O              140                                                      
     7.826753375         7.008540818        -3.713288694                
    0.5969074058         3.265371058         3.243590545                
    -10761.32947        -4546.431986        -6531.699115                
O              141                                                      
     5.177645332         2.906914293        -3.525482194                
    -3.383149606       -0.5732105279       -0.7617894476E-01            
     18854.43276         7523.906058        -15469.51187                
O              142                                                      
    -5.041756190         7.068085953        -3.337158074                
    -5.577496759        -1.355475648         4.213418980                
     2523.054271        -728.1341976        -7576.940348                
O              143                                                      
    -5.010889517         3.085056991        -3.310949304                
   -0.8740197650        -4.280315026        0.8515825224                
    -4853.968999        -3761.207584        -9677.681634                
O              144                                                      
     5.332751005         6.947692145        -3.458855778                
     1.057842559         6.266656929        -4.263442271                
    -17756.82939        -9377.658643         3716.966245                
O              145                                                      
     3.905997647        0.8878932702        -2.500298961                
    0.9803956495E-01   -0.3616759504        0.4566456569                
     162.5237502         3020.013853        -7562.020314                
O              146                                                      
    -6.248546894         9.134187912        -4.344978298                
   -0.5172422441        -1.250350358        -1.573821225                
    -4483.277052        -8407.126474         2787.137717                
O              147                                                      
    -6.191278969        0.9372201711        -4.097416045                
     1.204436250        0.1770766355         6.940565704                
     1241.239533        -8264.300267        -3605.391876                
O              148                                                      
     3.972001680         8.873604930        -2.569486994                
     1.823241817         1.721305529         4.947405958                
    -5511.620292         18070.32169        -8240.804402                
O              149                                                      
     8.774765188        0.9719176381        -2.698261041                
    0.1976888179         3.765596967         4.212374935                
     8224.909836        -12085.98885         3843.364714                
O              150                                                      
    -1.175240704         8.984917858        -4.342990697                
   -0.6066263812         7.203547009        -9.257886512                
    -7342.091404        -15482.40606         2802.333346                
O              151                                                      
    -1.278582570        0.9715384140        -4.219209510                
    -5.525497091         1.299292387        -8.347928157                
    -6311.540702        -14377.30579         4333.402478                
O              152                                                      
     8.719704715         9.127068650        -2.668609124                
     2.847285026         2.927359792        -7.060185768                
     3765.670973         5699.380785         446.4847657                
O              153                                                      
     1.897193025        -2.597615346        -5.364816217                
     2.970624041         2.644948631        -7.495954616                
     563.9062470         6946.022587        -8267.986079                
O              154                                                      
    -8.147685853        -7.535892031        -1.460360598                
    0.4048227677         6.711096642        -2.785316570                
    -4510.476529        -331.3022798        -2611.942791                
O              155                                                      
    -8.235960663        -2.545607973        -1.295694874                
     5.562182594         1.826011862        -2.185666564                
     7618.280552         3460.892777         9409.550819                
O              156                                                      
     2.029197258        -7.604592590        -5.421017454                
    -3.379976406        0.5655239118         5.351587202                
     5145.903273         8810.457554        -8251.572574                
O              157                                                      
     2.064442523       -0.3851992905E-01    -5.608065387                
   -0.1261877573        -12.87893079        -2.053270569                
     5199.429560         7628.189920        -8937.423029                
O              158                                                      
    -8.126560065        -10.05382713        -1.258967329                
    -4.598593498         4.055719439         2.775736867                
    -265.5513679        -2163.628374         4113.499075                
O              159                                                      
    -8.059952823       -0.1469084684E-01    -1.231467588                
    -3.560759360        -1.372273329        -6.299464387                
     1359.378831        -1594.502838         1596.116349                
O              160                                                      
     2.094433856         10.05905740        -5.796188412                
    -4.124766426        -3.709611847        -3.372936057                
    -220.8871531        -6297.941317         10904.07273                
O              161                                                      
     2.011635799         2.551312448        -5.808962017                
    -4.051900058         1.479850178        0.1986506099                
     260.5039817        -12269.81237         4691.403129                
O              162                                                      
    -8.207990734         7.604243973        -1.029544046                
    -1.881075850         1.176739664        -5.194888013                
     2068.834246        -1485.392484        -1503.519994                
O              163                                                      
    -8.030972390         2.519445796        -1.125771810                
    -2.400731909        -4.366214657         6.187639185                
    -1594.020099        -3534.445862         5720.182364                
O              164                                                      
     2.242174683         7.504678386        -5.773558626                
    -4.183800290        -1.334647366         3.845891320                
    -21700.56884        -19329.15144         20294.67700                
O              165                                                      
     6.162024402        -2.404636756        -5.530981846                
    -4.901028715        -4.141782949        -6.338978285                
     7136.369628        -10167.61695         2408.355370                
O              166                                                      
    -3.892098576        -7.637066366        -1.573210140                
     6.201725829         3.164862075         1.490251497                
     16837.46042        -6106.419179        -3886.934369                
O              167                                                      
    -3.824530425        -2.541428757        -1.296124404                
     2.375089508        -5.029660425         4.192198912                
    -1737.783457         10867.39605        -16511.58674                
O              168                                                      
     6.187855122        -7.645708509        -5.471961669                
   -0.7296460838        -3.130342801         3.867331618                
     9157.273089        -6331.593183         8979.298703                
O              169                                                      
     6.245849631        0.5554623904E-02    -5.585194711                
     10.93391321        -1.159288964        0.7254394039                
     1594.040095         3753.998538        -1486.580647                
O              170                                                      
    -3.968231651         10.05348138        -1.384122486                
    -2.192777967         2.505132621        -3.215823683                
     11491.58905        -4770.634964        -6437.748689                
O              171                                                      
    -3.769492898        0.1578123931E-01    -1.385884105                
    -1.646496904         4.400375204        -5.255936522                
    -7759.787851         6496.531821         7391.113418                
O              172                                                      
     6.212635604         9.956700381        -5.683859926                
    -5.333743915        -4.410463486         3.361076136                
     5768.377532        -2126.848742         6779.339182                
O              173                                                      
     6.292109802         2.443864028        -5.716683869                
    -1.540155867         5.980790714        -2.306242085                
    -2196.694413         10117.38394         12446.51603                
O              174                                                      
    -3.933111502         7.536142053        -1.233394326                
     2.808928800        0.1088875230         3.544177958                
     4760.011306        -584.8341142        -2455.078601                
O              175                                                      
    -3.992502834         2.576129004        -1.163047365                
    -3.189502883        -2.071466110        0.5467754165                
     9222.004219         2997.265549        -7020.002446                
O              176                                                      
     6.164645737         7.416990846        -5.744706181                
     1.780285494        0.9452069862         1.097891079                
     9527.996120        -5675.512721         8740.309299                
O              177                                                      
    -10.00868832        -1.040420185        -2.563494412                
     3.387222201         2.710312104        0.5968449983                
     3474.320802        -704.9496238         4643.118983                
O              178                                                      
    0.1905727950        -9.121083515        -4.439600559                
    -2.015206555        -3.101638535        0.2346591534                
    -1553.351281        -1450.828732         7557.301015                
O              179                                                      
    0.2264290661        -1.007689354        -4.247318412                
   -0.4785261437        -4.822489650         3.589756054                
    -13044.44896        -6759.152288         4188.565396                
O              180                                                      
    -9.974388475        -9.080564384        -2.751540064                
    0.5146526848         2.703166501        -4.522331937                
    -1637.349005         8100.197064         8661.418486                
O              181                                                      
    -10.04873969         3.192957474        -2.558247226                
     5.963255311         4.419496368        -1.462277281                
    -9528.475325        -13498.86008         1340.837689                
O              182                                                      
    0.1793511026         6.802745134        -4.354126509                
     1.742847420       -0.8118095618        -4.180730043                
    -4861.053240         9797.373007        -3358.112037                
O              183                                                      
    0.1862170464         2.998037976        -4.175340506                
     5.303606146        -1.128874728         2.690356970                
     6957.366461         12159.94629         3517.540719                
O              184                                                      
    -10.03495588         7.017098766        -2.608356547                
   -0.9129061412         5.538221258         4.024841872                
    -4983.318356         3459.218207         84.97372992                
O              185                                                      
     1.719024787         4.999714513        -4.805664435                
     3.959146125         1.683309029         3.550948295                
     1883.976437        -1192.173350        -3266.765011                
O              186                                                      
    -8.427078923         5.044620819        -2.038982261                
     1.734642947        -3.463453661       -0.3691730293                
    -1430.476344         24429.10052         1135.020708                
O              187                                                      
     6.568545011         4.967831201        -4.661910717                
   -0.9705851159         7.964901177         1.518539189                
    -16463.98378        -13097.36391         8462.008723                
O              188                                                      
    -3.735011879         5.049365942        -2.311579184                
    -5.436510057         5.183347613         6.470763354                
    -1187.186107         4231.742026         1319.120570                
O              189                                                      
     5.962412269        -4.998373194        -6.214474219                
     2.454033633         8.532522147        -2.617252313                
     6446.445190        -4180.101423         2602.890793                
O              190                                                      
    -4.110637181        -5.084054999       -0.5610016163                
    -2.989251917        -1.199083890         4.300435060                
     4754.595079        -24356.27780        -8263.346791                
O              191                                                      
     2.281133094        -5.073397616        -6.374863540                
   -0.4038323857        0.9784399228        -11.03519425                
    -8489.556593         8566.035780         838.5184885                
O              192                                                      
    -7.831137161        -5.045715246       -0.3808213528                
     1.801412198        -2.563434800         1.749353874                
    -1579.453570         12297.61479        -3275.090979                
O              193                                                      
     7.471750158        0.8686267563         3.383773541                
     11.31460939        0.9236803054         3.039006096                
     13400.12073         4119.542188         1063.726967                
O              194                                                      
    -2.627206482         8.993593715         3.320082163                
     2.150938363        -1.465075793        -2.068241061                
     13642.85483        -8405.474363         5121.242651                
O              195                                                      
    -2.715540158         1.175842548         3.441177698                
    -5.126649709         2.584131850         1.893029593                
     14049.55961        -6514.830300        -1997.875153                
O              196                                                      
     7.515512800         9.102491482         3.197502331                
   -0.2694243718         1.046956948       -0.8090339672                
    -415.5836064         2210.538887         8291.748584                
O              197                                                      
     6.014822453         1.040169033         5.612240083                
    -4.706832860        -6.540191818         2.228742235                
     16418.47486        -2889.201648        -12044.23479                
O              198                                                      
    -4.019146031         9.124961969        0.9892769880                
     6.040309211        -7.023688972         4.631795885                
     9929.749421        -2853.811044         37962.43065                
O              199                                                      
    -3.846525708         1.048485069         1.007340533                
     1.665741832        -2.373793249        0.2986691780                
    -7262.734796        -2205.607912         2018.609534                
O              200                                                      
     6.156389319         8.940094892         5.500018521                
    -1.914997774       -0.9606349217        -3.201264960                
     10957.26013        -6487.853410         13256.38191                
O              201                                                      
     6.043869037        -1.401600352        0.4176761013                
    -4.993228122       -0.8170579819         1.849464259                
     18338.49441         13483.34936        -6640.993547                
O              202                                                      
    -3.984855719        -8.762652358         6.330266400                
     1.927500413       -0.2520450217E-01     3.475666861                
    -21782.11849         1417.067923        -5989.601801                
O              203                                                      
    -3.993969397        -1.222966531         6.415539727                
     5.510614521        -1.964411625         3.066639328                
    -16617.46922         6476.023284         4083.886451                
O              204                                                      
     6.174779075        -8.866199899        0.2390475951                
    -3.014977630        -2.405938310       -0.5568436876                
     7412.147475        -3542.331659        -1250.760297                
O              205                                                      
     1.961965804        0.9626604499         5.627642267                
    -2.091701828        -2.151018775         4.722491614                
    -1309.809003        -7225.061785        -10535.84241                
O              206                                                      
    -8.218694079         9.077929843         1.191437525                
    -2.559520603         5.780902917        -3.845447457                
     10981.91278        -3233.035409        -27831.67007                
O              207                                                      
    -8.143639418         1.048664706         1.121310033                
     5.062376059         1.483039464        -4.506105467                
     11426.35122        -5549.892776        -5698.898739                
O              208                                                      
     1.980069141         8.907835588         5.548130487                
     3.411896306         7.046902709       -0.4777314681                
     525.5149930        -7449.727007         5923.798999                
O              209                                                      
     2.454607384         1.045392610         3.108456619                
     4.927113110        0.6775593470         2.406730538                
     2301.110780         1964.183260        -3842.424267                
O              210                                                      
    -7.663355594         9.097257860         3.675415531                
     2.647305996         2.972243643        -4.810921816                
    -5159.306116        -9974.566299         334.9783016                
O              211                                                      
    -7.655003775         1.093601265         3.628639964                
    -2.038383639       -0.1867350584         1.066744417                
    -11252.42686        -7591.367198        -1425.380429                
O              212                                                      
     2.458413644         8.942725803         3.039024555                
     3.667603132        0.5320631366         5.411947534                
     6113.405729        -6804.478971        -16765.32574                
O              213                                                      
     4.990357210        0.9630698050         3.230986297                
    -4.735603301        -2.581714847        -3.050694702                
    -7074.521531         10537.03171        -5074.087815                
O              214                                                      
    -5.150937814         8.952718207         3.407616046                
    -4.031517481       -0.3354916481         3.332731756                
    -5800.125453         1495.586000         8143.539255                
O              215                                                      
    -5.171873715         1.111121507         3.265717607                
    -5.601114193       -0.4117697738         3.828619426                
    -3495.014803        -9328.729032         8901.151548                
O              216                                                      
     4.936034019         9.206932713         3.230301184                
     2.688153566         5.749932861        -3.719913188                
     26511.16610        -1107.675868         14725.96599                
O              217                                                      
     7.568026043        -3.071420886         3.387588753                
     4.309869608       -0.8662509977         3.011738946                
    -14017.09914        -417.5585191         5782.514150                
O              218                                                      
    -2.516801469        -7.128972822         3.297072470                
    -1.278996032        -2.363796624         6.219705500                
     11562.37353         6583.152495         7322.042315                
O              219                                                      
    -2.582339047        -3.077040297         3.370622554                
    -2.677805534         6.940172626        -1.085620123                
     2715.119573         5689.146252         1865.643552                
O              220                                                      
     7.601650012        -6.989836288         3.371251789                
    0.4605344540        -8.586943951       -0.6239919517                
    -1097.943357        -3125.117747         7913.011455                
O              221                                                      
     6.099964061        -3.223856013         5.600549880                
    0.8138671812        -6.659394969         4.379163690                
    -4201.983819        -4058.487415         16685.29320                
O              222                                                      
    -3.937623396        -7.114827900         1.027367555                
    -3.141703288        -1.045900256         6.565448608                
     11190.39152        -652.4202994        -7229.621200                
O              223                                                      
    -3.910805593        -3.233499457         1.186362120                
     1.135200720         2.971306990        -11.86795594                
    -11906.87301         5096.236037        -9980.979744                
O              224                                                      
     6.100940477        -6.910481280         5.627199780                
    -5.751881818         1.376809293         1.572954788                
     17008.13353        -3399.141764        -6496.099559                
O              225                                                      
     6.132968345         3.334474740        0.3838608135                
    0.3256005055         3.369740215        -9.191449264                
    -10362.60386         3219.186910         7229.008324                
O              226                                                      
    -4.148800363         6.606587902         6.435647470                
    0.8028530536         4.653764927         3.416991091                
    -8138.005311         6190.678206        -4099.175341                
O              227                                                      
    -3.991731809         3.318991153         6.527272484                
     5.499867185        -1.327699632        -5.008775493                
    -25486.36989        -6906.103246         1728.003471                
O              228                                                      
     6.233621121         6.532466972        0.3911883443                
     1.749357891         2.221448902        -4.598673223                
    -4576.280342        -2299.129859         419.9982376                
O              229                                                      
     1.967723127        -3.056348916         5.690248111                
     1.408182912        -3.037684664         3.974819593                
    -18034.90030         11994.33507        -20994.63837                
O              230                                                      
    -8.129037919        -7.082036638         1.024081138                
     2.049030057        0.1410412137        0.8592072278                
     6317.038842         498.0758951        -6564.611807                
O              231                                                      
    -8.174833469        -3.069660677         1.220502953                
    0.2518462405         5.226099584        -2.367979483                
    -2424.948873         3236.096154         4590.627019                
O              232                                                      
     1.885016346        -7.121040021         5.661836126                
     1.865551680       -0.1321819347        -2.917697754                
     20225.09182         5214.041523         23191.11377                
O              233                                                      
     2.539320808        -3.229394779         3.233121156                
     5.353950489       -0.2362253718        -1.122500405                
    -1628.967134        -3316.534208        -10367.37113                
O              234                                                      
    -7.536171518        -6.793063563         3.422805116                
   -0.3795336785        -2.818968397        -9.171689980                
     1071.757299         5395.442350         12427.69894                
O              235                                                      
    -7.639595545        -3.029797304         3.637227553                
     2.619546472        -6.465922016        -5.381030233                
    -2330.969518        -8185.337073         3917.764218                
O              236                                                      
     2.658467880        -7.188746911         3.232593998                
    0.1747283979        0.7923759759        -4.965021919                
    -28207.37776        -4795.783771         4525.773318                
O              237                                                      
     5.068456245        -3.239916705         3.229004208                
    -3.018181303         3.288172869        -2.705190755                
    -13237.19810        -12146.87103        -8388.262452                
O              238                                                      
    -5.050023003        -6.938386043         3.320676489                
     1.056084598        -1.556397759        -3.850652713                
     11605.01676         4864.752550        -1023.229175                
O              239                                                      
    -5.060085987        -2.925272654         3.565995037                
     8.861498791       -0.5474114014       -0.8081511692                
    -1035.930840        -3842.588156        -12634.41248                
O              240                                                      
     5.084015219        -7.007677425         3.256295401                
     2.118957272        -1.358205078        -1.707286970                
     17905.29316        -8201.620914         8785.179263                
O              241                                                      
     6.012469389        -1.107154717         4.235811125                
   -0.8340273385       -0.4094824323         4.180393972                
     14042.51614         2988.737161         2531.926189                
O              242                                                      
    -3.920088422        -9.126291616         2.635807129                
     4.195640701        -6.257002381        -9.190492632                
     3300.920147         9277.563496        -2907.448078                
O              243                                                      
    -3.820103816       -0.9798444059         2.512712932                
    -3.512731722         3.302834320         6.129853047                
     714.0217494         9514.356069         523.7868412                
O              244                                                      
     6.319389897        -9.071196748         4.212022067                
    -3.197158139         3.725778538        -1.244969973                
     7541.129045         17319.35557        -3447.761146                
O              245                                                      
     1.390441383        -1.065321450         4.074634214                
    0.3326187979E-01    -1.070819319        -2.955938010                
     3293.382778         11309.99453         5266.453640                
O              246                                                      
    -8.565808751        -9.072736032         2.646346637                
    -3.156995114       -0.2961310257        -3.264222360                
    -7424.549033         45056.19901        -3371.513285                
O              247                                                      
    -8.685495220        -1.024141655         2.629567264                
    0.6117441176         3.915927404        -2.711605186                
    -8633.654134         24930.89401         2183.071087                
O              248                                                      
     1.492470747        -9.234739843         4.152405362                
     5.697417505       -0.5294949154        -2.005663535                
    -8011.128428         1939.617631        -5037.186404                
O              249                                                      
     8.214946687         2.334869965         1.411906670                
    -2.220488376        -2.709054992        -7.845418725                
    -8098.982604         26635.51601         117.3998323                
O              250                                                      
    -2.000076998         7.537468879         5.371590416                
     1.187577317        -3.332106952         5.870029688                
     11694.64708         2135.657791        -11929.62302                
O              251                                                      
    -1.807968279         2.485464626         5.464281672                
     1.854191408       -0.5309173823        -5.225506855                
    -7560.250193         20933.06767         22408.88178                
O              252                                                      
     8.331669939         7.469242243         1.423418881                
   -0.4616669908        0.1141844213        -2.869020235                
     8335.333053        -973.5829881        -7756.095638                
O              253                                                      
     8.214262769       -0.1235323527         1.241173005                
    -5.677935355         1.496116632        -2.860636873                
    -6552.618134        -8026.852860        -2176.268575                
O              254                                                      
    -2.007583921         10.03719587         5.448231021                
     7.090116754        -1.650836500        0.5648331907                
     12387.21190        -16292.18330        -10622.79273                
O              255                                                      
    -1.995405606        0.5504354619E-01     5.486130224                
     5.493232482         4.614296349         5.375448330                
    -286.7556518        -18815.16800         12109.48662                
O              256                                                      
     8.294617814         9.992641350         1.004944455                
     2.050619868         2.911959936         2.560586287                
     1511.384967        -7406.400238         9266.568677                
O              257                                                      
     8.221262767        -2.571283211         1.006517398                
     6.040316868         6.024945929         5.062318630                
     1700.979261        -9975.071308         9430.796120                
O              258                                                      
    -1.754440036        -7.616474221         5.602707143                
     1.335268096        -6.164212958         2.278495466                
    -11673.16915        -1014.948831        -994.1952960                
O              259                                                      
    -1.924654509        -2.492054978         5.675337617                
     7.349683929        0.2569231043        -2.662426850                
     8257.438361        -11559.02870        -12376.04115                
O              260                                                      
     8.302645912        -7.664401595         1.101774267                
   -0.8934675590         6.116843476         6.898409831                
    -7097.737760        -6811.098062        -6464.573855                
O              261                                                      
     3.904234379         2.448030162         1.345777611                
     5.546890648        0.5857633426        -2.547731748                
     6680.611991        -5589.369651        -1575.109094                
O              262                                                      
    -6.230841626         7.634274594         5.394062704                
     3.185266679        -3.419831406        -1.460041717                
    -3761.716388        -2368.585882         2579.715155                
O              263                                                      
    -6.129158397         2.472496812         5.320006371                
    -6.156294046         8.225534273         3.740427940                
     5408.757897        -8564.883107         3388.062456                
O              264                                                      
     4.087529878         7.616940840         1.373216122                
     2.765703328       -0.1396927105         7.660394798                
    -2582.603087        -14340.51345         2033.612398                
O              265                                                      
     3.879269662       -0.1406491739         1.298980652                
     9.052623444         1.700623820         5.968689767                
     13508.90742         1126.291073        -13649.59723                
O              266                                                      
    -6.120548380        -9.964459561         5.367521504                
    -4.384179855        0.3297528976         3.550188835                
     7768.972334         1728.745338         12831.73251                
O              267                                                      
    -6.048897938       -0.3722095246E-01     5.400730579                
     1.442628075         4.399413088         2.368880428                
     2079.537301         9012.285038        -3933.092531                
O              268                                                      
     4.039945590         10.04983432         1.140153600                
     3.287521480         2.465026394         1.037841979                
     1264.351145         13250.02511        -5365.640448                
O              269                                                      
     3.984457720        -2.664911503         1.094422739                
     2.096197429        -1.173639623         1.886584713                
    -7905.888294        -12111.85540         7456.191349                
O              270                                                      
    -6.087771139        -7.497849525         5.474979440                
    0.5855890127        -2.627202543        -4.782152218                
    -2693.193964         17329.57637        -3435.147464                
O              271                                                      
    -6.134660898        -2.514601246         5.699048771                
    -5.807508844       -0.5656368413        0.1194813520                
    -132.2335612         8300.225697         3127.646473                
O              272                                                      
     4.104193459        -7.628003627         1.052298788                
     4.875344987        0.5425218022        -2.062908151                
    -6459.635176        -475.0110062        -1523.358912                
O              273                                                      
   -0.5244778765E-01     1.060469982         4.183108490                
     7.308473531       -0.8312303290        -6.761506317                
    -20895.46507        -1867.319560        -5563.724883                
O              274                                                      
     10.07189664         9.152947607         2.593211387                
    -4.517887616        -2.703043268       -0.2159098352                
     16205.21039        -1418.262557         4728.254520                
O              275                                                      
     10.08845607         1.013416597         2.522189409                
     5.950431330         4.881195395        -1.649201104                
    -1852.556626        -3763.103473         16683.10688                
O              276                                                      
   -0.5877508600E-01     8.869703093         4.185653880                
    -4.324040030       -0.6902912087         3.961708365                
     4018.722596         2020.662208        -11629.02821                
O              277                                                      
   -0.7599255333E-01    -3.109107646         4.089478755                
    -1.491712952        0.9725926366       -0.7427043617                
     23023.91985         1058.193513         5518.856486                
O              278                                                      
    -10.12871480        -6.888484471         2.526020028                
     3.101183058         1.741254224        -1.377092513                
     10321.57726        -9769.623519         10336.32461                
O              279                                                      
     10.07509115        -3.127975083         2.633722319                
     6.873485123        -5.815868718         9.188218422                
     7177.863993         5042.099704         4161.218835                
O              280                                                      
    0.2786336263E-01    -7.022030114         4.066763624                
   -0.7942186175         5.467020992       -0.1012405177                
     26243.45781        -11793.06878        -9574.141290                
O              281                                                      
     8.510625898        -5.035399051         1.990917728                
    -3.997121966        -2.535613115        -2.379487781                
    -2483.140500        -19952.90789         9381.239171                
O              282                                                      
    -1.589837123        -5.079390321         4.460280268                
     1.209976734         4.825756318         2.859446008                
     1804.315431         5611.895950         16405.50450                
O              283                                                      
     3.795306863        -5.180922283         2.136989041                
     3.041552963        -3.772772801         1.347294391                
    -6661.499410        -10626.08336        -9031.042381                
O              284                                                      
    -6.209156211        -4.958588619         4.625025096                
     7.890786492       -0.5380840449E-01    -1.531218803                
    -3860.601025         8421.895006        -8789.616681                
O              285                                                      
     4.308996117         5.000541694        0.5908632603                
     3.432133966        -3.982191040        -1.535848428                
    -4209.744210        -17556.94775        -4155.689762                
O              286                                                      
    -5.987681053         4.964133418         6.260836803                
     3.285810017       -0.4463012626E-01     5.586325452                
     1151.695385         372.0036787         2497.211657                
O              287                                                      
     8.100273272         4.945188029        0.4573534495                
    -1.323157104        -1.385537625         3.884932481                
    -3113.724609        -19469.97381         4650.883744                
O              288                                                      
    -2.321231260         5.001456657         6.233060334                
    0.6467713047         5.366812029         5.153525494                
     16547.52746         9201.636271         9972.958807                
C              289                                                      
   -0.9505402043         5.660095850         2.309797618                
     2.127843695        -2.912201720        -3.944688186                
     18.27781543         128.5882860         49.33650214                
C              290                                                      
    0.2302999934         4.988557855         1.971320280                
     1.544707940        -3.526374084        -4.760548012                
     15.11885918         46.95951399        -23.02936727                
C              291                                                      
    0.1696981039         3.754314110         1.313315883                
    0.4043365750        -4.943523376        -1.997319808                
     29.72916347        -20.60348403        -74.56707638                
C              292                                                      
    -1.071743982         3.191608359        0.9937888227                
   -0.1528990363        -5.746500304         1.581768221                
     150.1991749         32.06841486        -67.02770735                
C              293                                                      
    -2.252584181         3.863146356         1.332266161                
    0.4302367194        -5.132327939         2.397628046                
     279.1223649         333.0747708         96.51654406                
C              294                                                      
    -2.191982291         5.097390100         1.990270558                
     1.570608084        -3.715178647       -0.3656001569                
     36.48700503         66.32443658         23.42980537                
H              295                                                      
   -0.9037901755         6.612226741         2.817401010                
     3.007558749        -1.818972265        -6.076321374                
     109.4620025        -591.4755971        -435.3183512                
H              296                                                      
     1.188003868         5.422644251         2.217812427                
     1.974575198        -2.906933182        -7.521595028                
     97.43423210        -57.07664481         26.95277818                
H              297                                                      
     1.080651952         3.236269616         1.052204637                
   -0.4551122160E-01    -5.417311929        -2.626733640                
     1.539728657        -33.70360438         204.9962875                
H              298                                                      
    -1.118494011         2.239477470        0.4861854305                
    -1.032614090        -6.839729758         3.713401407                
    -129.2692492         6.266356043         108.2138636                
H              299                                                      
    -3.210288055         3.429059959         1.085774014                
    0.3694606504E-03    -5.751768842         5.158675064                
     509.1836032         1258.286024         554.0137404                
H              300                                                      
    -3.102936139         5.615434593         2.251381803                
     2.020455879        -3.241390096        0.2638136778                
    -33.21917870        -54.06386370        -2.081688107                
