Diffusion in Zeolites. ZSM5 (Silicate) Crystal Structure, Si(96)O(192) +
         2         2       300     13334   1.0000000E-03   1.3334000E+01
       20.3183600000        0.0000000000        0.0000000000            
        0.0000000000       20.1714600000        0.0000000000            
        0.0000000000        0.0000000000       13.5858629500            
Si               1                                                      
     1.753421614        -1.279585397        -4.483385944                
   -0.7874652514        -6.514024208        -2.866948361                
     4697.059135        -3531.101505         5329.535071                
Si               2                                                      
    -8.570588530        -8.890721120        -2.498031725                
    -3.195311583        -2.337510792         10.25320483                
     21199.16728        -2124.643965         1058.674276                
Si               3                                                      
    -8.411107918        -1.208955098        -2.227477491                
    -1.696136118         3.908344484        -2.735643772                
    -25863.74555        -9444.777810        -9641.435203                
Si               4                                                      
     1.689154982        -9.007319104        -4.712411385                
    -5.154347834         3.108691908        -3.773284909                
    -11365.33641         5535.701390        -11198.00126                
Si               5                                                      
     4.195685954       -0.5854424379        -2.709057939                
    -5.072440636        0.2649920975        0.4540161596                
    -11685.11477        -17639.56354        -11614.49682                
Si               6                                                      
    -6.086722750        -9.455651927        -4.421782281                
     3.364340584        0.8402363879        0.5718614241                
    -19022.76902         13074.64935         19608.23134                
Si               7                                                      
    -6.104478541       -0.6032176218        -4.097801116                
     2.618098630         1.626448920        -6.277082334                
     9413.500072         11170.03427         16699.58176                
Si               8                                                      
     3.883782381        -9.534420827        -2.702183326                
     1.541975556       -0.7598465334        -8.323861059                
     13208.91209         3803.717285        -13063.81314                
Si               9                                                      
     5.878554873         1.179166939        -6.486205636                
     4.951283379         6.776674734       -0.4486239936                
    -7939.306266         4395.215571        -1560.650584                
Si              10                                                      
    -4.547165578         8.997060007       -0.4440374276                
    -3.753662693         2.014845765        -3.389013500                
     23390.12529         6782.854640         34616.81514                
Si              11                                                      
    -4.274228271         1.236085349       -0.4276128255                
     4.539498054         2.994976511        -3.226560817                
    -8425.660496        -8466.565120        -46540.00780                
Si              12                                                      
     5.569630401         8.749087453        -6.611139008                
     4.351780330        -2.885011737        -4.322723644                
    -7654.738485        -13692.60992        -4500.519403                
Si              13                                                      
     2.732925166         1.179658016        -6.238562928                
    -5.534437579       -0.3845959762         4.768710895                
    -25798.70021        -17321.67833        -11579.54751                
Si              14                                                      
    -7.678953132         8.967082412       -0.4589010364                
    0.5962845815        -5.421069695         1.218342542                
     2642.383469         31506.18488         25816.13538                
Si              15                                                      
    -7.539351684         1.107467786       -0.2643123011                
     3.110338505         2.464822555        -3.557289206                
     23528.62619        -1307.789856        -4036.160418                
Si              16                                                      
     2.363732558         8.655905754        -6.560512043                
     3.447614922        -7.935593850        -2.980809839                
    -17234.38591        -13542.01139        -2614.510760                
Si              17                                                      
     8.870562403       -0.5885543265        -2.575373818                
     4.014229012        -8.395217687         6.257380250                
     12909.31626         292.3247615        -23381.50909                
Si              18                                                      
    -1.360107416        -9.369590777        -4.326948210                
     2.093934434        -5.533629354         5.250130684                
     7593.714877        -8026.587748         11572.40885                
Si              19                                                      
    -1.299439712       -0.7158544199        -4.178829762                
   -0.3937047494         4.093732018         3.066816406                
     1536.869305        -13609.61146         3756.981278                
Si              20                                                      
     8.752055954        -9.635497426        -2.643731277                
    0.4385525046         6.777401475         6.400283708                
     25900.58324         29387.61819        -4651.952679                
Si              21                                                      
     6.624910762        -1.280305063        -4.657937017                
   -0.2799680173         3.514914153        -6.534481180                
     17176.38506         18941.81603         3998.988029                
Si              22                                                      
    -3.717625441        -8.842978573        -2.436288103                
    -3.400246411         1.758749831        -3.242339190                
     2578.115854        -18439.44663         10458.52526                
Si              23                                                      
    -3.641257672        -1.318707130        -2.205132406                
     1.772810272         1.113446411         1.617057799                
    -4167.406319         3344.645586        -38152.16219                
Si              24                                                      
     6.365675005        -9.056814734        -4.608251556                
     4.599333172        -3.817447052        -3.725400171                
    -3881.487514        -9154.966091         1367.335338                
Si              25                                                      
     1.538225006         3.505246084        -4.472254585                
    0.7632509397         2.876884887       -0.1817446185E-01            
     40567.88806        -25286.40190        -2115.451349                
Si              26                                                      
    -8.636877550         6.660426300        -2.301940670                
     3.050365615        -6.082818738         4.667608207                
     15943.60826        -16544.23421        -3153.962103                
Si              27                                                      
    -8.479563461         3.451327458        -2.212302753                
   -0.5250159861       -0.6626770378       -0.3499133883                
    -18397.94287         3002.125194         33050.55228                
Si              28                                                      
     1.266927894         6.624343622        -4.376844484                
     1.520759278         4.710315363         5.413341003                
    -15518.49613         8991.879279        -27004.33460                
Si              29                                                      
     4.128081408         2.547276885        -2.731269188                
    -3.575286586         3.362860561        -9.001633774                
    -16485.84020         24396.04812        -74005.00248                
Si              30                                                      
    -6.271956136         7.603187123        -4.268087649                
     3.914846259        0.2776325780        -5.963697516                
    -44462.38279        -7253.389329         15478.99642                
Si              31                                                      
    -6.232396686         2.572455329        -4.118398676                
     2.580195489        -1.055554543        -4.109439694                
     18443.50665        -517.6435109        -24914.68830                
Si              32                                                      
     3.770309894         7.515925300        -2.837492728                
    0.9100916322       -0.9339888990E-01     2.926125262                
     908.0341148        -31850.09685         30914.42485                
Si              33                                                      
     5.822213017        -3.700750581        -6.377214041                
    0.6510722277        -1.276330321         2.843626182                
    -24930.89952         6855.821351         21613.03492                
Si              34                                                      
    -4.553344096        -6.595185265       -0.5485541898                
    -10.19117188         8.577277193        -6.636986261                
    -16711.96924         5088.684663         37779.64472                
Si              35                                                      
    -4.445801133        -3.559295876       -0.2383693749                
     2.662076911        -5.499054854         4.193423043                
    -31284.18586         8427.888898        -17990.88029                
Si              36                                                      
     5.687768734        -6.774377476        -6.562107040                
     3.597598701         6.233616595         5.041683751                
    -10531.93593         2634.326178         2203.867642                
Si              37                                                      
     2.613672811        -3.506289807        -6.441795215                
    0.3199771283         1.385404068        0.6864154308E-01            
     16688.24170        -5801.672084         17565.87699                
Si              38                                                      
    -7.708472342        -6.666978901       -0.4876025633                
     14.01619127        -1.138418327        -5.692245867                
    -5801.264526        -10370.40931         23827.85430                
Si              39                                                      
    -7.706043496        -3.511777937       -0.2651755955                
    -2.126014773         2.514748049       -0.1677840546                
     20472.57982        -15299.47458        -18185.76096                
Si              40                                                      
     2.515373469        -6.623616766        -6.660557667                
    -3.333199199         1.120727138        -6.923871016                
     7133.348963        -18360.51159        -2688.814270                
Si              41                                                      
     8.809256685         2.629672429        -2.429257526                
     9.043377289        -1.282008494        -2.193057977                
     8678.653671        -15872.47232        -14650.33302                
Si              42                                                      
    -1.684721241         7.666363987        -4.217393350                
    -3.137776329         2.196538780         5.595985843                
    -5175.287460         7397.113502        -16944.93332                
Si              43                                                      
    -1.378048399         2.449127061        -4.320686545                
     2.000055229         6.409015489        -2.260937553                
     19139.58590        -11127.92500         45346.69920                
Si              44                                                      
     8.665166316         7.361674926        -2.444894888                
    -3.876790264         2.750686026       -0.2383341137                
    -16247.62477         2262.050319        -6126.535605                
Si              45                                                      
     6.594870556         3.440804927        -4.564657658                
   -0.6801927304       -0.9230132055        -1.907487535                
     12922.72771        -2285.752881         34570.26139                
Si              46                                                      
    -3.940008515         6.696860376        -2.359015294                
    0.3819740438        -3.268168474        -4.977569620                
    -9418.494433        -31203.83884         2914.211831                
Si              47                                                      
    -3.653001955         3.530278052        -2.424656575                
     4.908960646       -0.9440521515         6.344215436                
     2654.735060        -31005.28404        -21121.07485                
Si              48                                                      
     6.271596693         6.481191766        -4.535222858                
    -1.986148548         1.498394639         2.360388265                
     9583.105222         16440.73072         19300.14898                
Si              49                                                      
     8.743491355         1.004610075         2.102942937                
    -1.983714543         1.780194649         7.270537391                
    -26357.70523        -33071.22735         1773.402249                
Si              50                                                      
    -1.538291380         8.839463764         4.530676693                
     6.505571647       -0.1069927673E-02     8.371706849                
    -17303.39971        -12754.73707         4229.960899                
Si              51                                                      
    -1.443634221         1.237915013         4.633325378                
    -2.193836143        0.6778301550E-01     4.349842125                
     1737.949881        -19756.06567         5641.979776                
Si              52                                                      
     8.620048510         8.778863994         2.196102424                
     2.195352333         3.502928418         2.343008552                
     12913.00316        -44003.88972        -23674.91319                
Si              53                                                      
     6.480140579        0.5725484689         4.127591576                
     4.300540234        -7.191719969         4.191723085                
    -31601.09576        -36995.98038        -7604.817504                
Si              54                                                      
    -3.873287673         9.596251400         2.598318226                
     4.409248875         5.238089832         1.208127930                
     986.8378029         24668.73022        -11852.48957                
Si              55                                                      
    -3.618462538        0.4154117937         2.474458626                
    -3.788364565        0.3293503037        -1.415325921                
    -9281.894385         6982.000467         34460.73433                
Si              56                                                      
     6.221200590         9.374638699         3.946039489                
    -2.729267729        -7.115248505         1.764292064                
    -31794.41663        -9637.385907         31949.79742                
Si              57                                                      
     4.554780881        -1.308664222        0.3289758993                
    0.9698644708        -3.172079082        -2.032244005                
    -18031.77650         9847.365032        -231.2585034                
Si              58                                                      
    -5.647109969        -8.876789775         6.154688384                
    -1.282094139        -1.294131987        0.9309754452                
     10456.81311        -14858.41413        -2630.586657                
Si              59                                                      
    -5.611915531        -1.142144840         6.503716945                
     6.099277641        -1.407329449        -2.450827044                
    -19144.82053        -21338.21311        -34667.31612                
Si              60                                                      
     4.583227695        -8.992121564        0.3121826451                
    -6.385503788         3.776864601        -2.633337915                
     8595.885852        -13717.33998        -29621.54247                
Si              61                                                      
     7.695946752        -1.422467171        0.2254478831                
    -5.452958708        0.3212752591        -2.319018938                
     10676.87685        -7410.123451         30304.97228                
Si              62                                                      
    -2.432512120        -8.855645562         6.357621218                
     2.600448718        -2.588521271         4.784078599                
    -13710.04352         6485.441654        -14954.32201                
Si              63                                                      
    -2.388105583        -1.278260817         6.518120201                
    -4.859947959         1.874840492         3.699730313                
    -4224.202354         10658.76772        -31204.62261                
Si              64                                                      
     7.731233910        -9.038085838        0.2439743945                
    -2.017508818        0.6333380547        -3.767184689                
     22931.39451         1750.122541         13285.26006                
Si              65                                                      
     1.636834101        0.7963537336         4.449520376                
     4.866128073        -4.305109268         8.898585601                
    -5275.958548        -10964.72937        -33833.17654                
Si              66                                                      
    -8.703932311         9.462069644         2.515698270                
     1.512001312         5.919315535         1.284463187                
     7816.194609        -23241.19222        -18871.22887                
Si              67                                                      
    -8.651576724        0.3554656634         2.631549189                
   -0.4548042583E-03    -6.237301157        -1.101504732                
     35178.23793         44683.46959        -14571.86716                
Si              68                                                      
     1.420954445         9.506743089         4.144124969                
    -6.123726425        0.5884491280         1.977932004                
     10587.08507        -1624.746696        -35589.84558                
Si              69                                                      
     3.837311004         1.154004327         2.300740046                
    -4.435126459         4.595623728         4.464531188                
     58659.41421         4372.776752        -26143.16366                
Si              70                                                      
    -6.314038019         8.733416852         4.343040283                
    0.9789365223         1.229666598        -3.248232407                
     1616.085273         26523.12766         25616.09605                
Si              71                                                      
    -6.139920036         1.171084122         4.396973941                
    -7.169332572         1.669412539         6.972704810                
    -26073.74008        -18234.14316         1878.477049                
Si              72                                                      
     3.722591185         8.782289493         2.136491541                
    -4.997539257         3.771727636        -6.067266194                
    -18029.30599        -6499.585266         6189.362762                
Si              73                                                      
     8.597943809        -3.659126661         2.226803928                
     4.759678450        -4.381822710        -7.344932916                
     27685.87231         3477.602912         21107.45571                
Si              74                                                      
    -1.481422341        -6.547329410         4.438861215                
    0.7914512734         4.333024550        -2.064061393                
     9455.929423        -9427.839510        -22949.89972                
Si              75                                                      
    -1.423341051        -3.421461219         4.472791843                
    -1.442519757         2.811400651        -4.408546227                
    -25351.32932        -15859.40476         28112.12480                
Si              76                                                      
     8.619465177        -6.721551290         2.279378122                
     2.135687026        -1.782815725         6.632005020                
     48157.91697        -15429.91704        -27065.40495                
Si              77                                                      
     6.369109069        -2.654847201         4.320131804                
    -7.149293088        -1.192513433        -1.682867531                
     8598.548653        -1210.702736        -26882.62096                
Si              78                                                      
    -3.722050381        -7.416487978         2.453805924                
    -3.805697298        -3.792664292        -2.404067314                
    -28408.66305         13794.84316        -12363.72004                
Si              79                                                      
    -3.774530631        -2.688645265         2.661212521                
    -4.839232313        -8.163888406        -3.819540696                
    -17949.46412        -34279.62910         26698.15246                
Si              80                                                      
     6.305828030        -7.560861188         4.071604109                
   -0.5274916629        -1.371080316        -2.877942005                
    -25400.03983        -27093.62762        -11299.33874                
Si              81                                                      
     4.502560154         3.399540140        0.2013606641                
    0.5023241652        0.7456416778       -0.4207486327                
     15577.38918        -7621.741583         20016.23104                
Si              82                                                      
    -5.779026147         6.483569266         6.506671872                
     2.215127428         4.943145139         2.363629046                
     14708.40686         2650.690339        -7737.779526                
Si              83                                                      
    -5.642515236         3.416526804         6.505349940                
    -5.809065516        -4.591717181         2.449910492                
    -38019.42671        -11763.18348        -7311.573866                
Si              84                                                      
     4.441469655         6.504622907        0.1683325855                
     4.540541804         1.301691055         4.260323562                
    -4231.796737         14094.55325        -8950.057511                
Si              85                                                      
     7.652961657         3.346110700        0.4121542527                
     4.760798613        -3.816744659         7.288696578                
    -5036.006151         8883.273918         11894.23570                
Si              86                                                      
    -2.602281717         6.488069911         6.539300286                
    -5.720371121         3.659660292         1.850676124                
     31160.70753         17593.50964        -13752.42541                
Si              87                                                      
    -2.539833247         3.420813962         6.576460262                
    -5.426213950        -7.378530770       -0.4581048576                
     8368.440885        -21660.44053        -12755.79664                
Si              88                                                      
     7.548680161         6.454402802        0.4460009983                
    -11.18311342       -0.7224761342         2.088269776                
     29962.94451         10097.32918        -17927.75145                
Si              89                                                      
     1.488755052        -2.407287240         4.316809759                
    -5.075683050        -3.289363480       -0.4702816180                
     28388.74409         992.9001591        -215.1123962                
Si              90                                                      
    -8.640245480        -7.527728313         2.461906118                
    -1.685104279        -1.143766658        -5.686250562                
     6084.464349        -11336.37674         5200.022037                
Si              91                                                      
    -8.707727042        -2.746608508         2.627710152                
    -7.877295445        -3.243219066         2.410262582                
    -15329.87241        -12242.45649        -23496.10296                
Si              92                                                      
     1.555094036        -7.507558087         4.060693097                
     5.061526818        -11.45910493         1.951995078                
     8349.239407        -4110.674141         9517.791451                
Si              93                                                      
     3.877980990        -3.485555066         2.400673226                
     6.358940660         1.883423217        -2.146926495                
    -2457.169096         16094.48415        -10539.79281                
Si              94                                                      
    -6.192410943        -6.553418970         4.213068817                
    -6.973527294         5.047157469        -6.650931415                
    -544.0028682         8203.925499         13415.48529                
Si              95                                                      
    -6.311784126        -3.444659561         4.468332478                
     1.845802954         7.187789758        -5.366484951                
     20568.70731        -1954.002673         20091.21351                
Si              96                                                      
     3.967694466        -6.682339361         2.158447317                
    -1.579196228         2.654575659         4.951932865                
    -12636.95383         50160.65772         22973.96514                
O               97                                                      
     2.827957446        -1.057616811        -3.356878832                
     7.799879981        -8.228203189        -4.552327272                
     7632.684257        -4389.220919        -6249.846196                
O               98                                                      
    -7.434701975        -8.986873649        -3.610584242                
     3.772158894         6.144027048         1.195791701                
     10937.87174        -6087.973674        -5125.896321                
O               99                                                      
    -7.440749909        -1.062418037        -3.460303420                
     1.365307866        -7.177492998         3.331097002                
     1518.737769        -3081.720072         17921.95885                
O              100                                                      
     2.706741119        -8.991591228        -3.571970302                
     5.039911001         3.456383480         7.559561597                
     7329.992368         2086.919263         16754.13788                
O              101                                                      
     4.191237728        -1.112735490        -1.228912327                
     4.986030702        -6.445129994        -1.079995106                
     13099.17167         12140.80067         12488.30286                
O              102                                                      
    -6.054030052        -9.164515515        -5.942287922                
   -0.1814618532         3.467456092       -0.4454229508E-01            
    -2174.003193         17603.74198         3700.283873                
O              103                                                      
    -5.977481189       -0.8739184798        -5.579913629                
     6.220869837        -2.340623262        -6.380429806                
     13849.60250        -15722.51162        -29492.74030                
O              104                                                      
     4.088229032        -9.198940515        -1.206937181                
     5.610026292       -0.3592449778        -3.908876666                
     4074.966881         10328.32061         16610.29392                
O              105                                                      
     4.291634246         1.253006091        -6.305823966                
     4.391977819        -4.770210000        -4.273921877                
     3949.822322        -1369.420623        -1994.756966                
O              106                                                      
    -6.073000223         9.053342311       -0.3824247206                
     1.280074329         8.053796819        -5.348611335                
    -27600.09718        -5381.352510        -13931.14997                
O              107                                                      
    -5.847058777         1.266638618       -0.3991226464                
     2.137419244         2.573700531         14.48135742                
    -32658.51815        -6092.232688         10300.93660                
O              108                                                      
     3.951299114         8.478371103        -6.645651679                
     3.608172624         2.461773039        -1.925573265                
     138.8411909         17287.53502         7956.986560                
O              109                                                      
     8.225228487        -1.164159996        -1.250718357                
     2.132851945       -0.8214543800         10.35234410                
    -8253.223259        -3379.484763         7491.738410                
O              110                                                      
    -1.980904737        -8.959507270        -5.748138668                
     3.828261166         10.76325868        -8.567941105                
     20763.60884         3320.855427         16271.84336                
O              111                                                      
    -1.851091227        -1.195483450        -5.613783560                
    0.2804597902        -4.297985119         8.713126598                
    -1634.533947         11430.17796         9054.182271                
O              112                                                      
     8.277927682        -9.021535252        -1.241370676                
     12.82180801        -4.200345276        -6.743196890                
    -4601.903469        -14813.90097         1362.755046                
O              113                                                      
     8.037622724       -0.9704632697        -3.905062159                
   -0.5900968555         3.573223835        -2.174599132                
    -20026.80674        -6528.440230         12335.24522                
O              114                                                      
    -2.307897931        -8.876448418        -3.163310971                
    -5.347673100         5.634676120        -3.783195346                
    -7081.451088         4214.987518        -2739.777958                
O              115                                                      
    -2.342957547        -1.285131454        -3.111004254                
     1.017353082         5.976733581         2.704746489                
     11164.27310         9329.976048        -429.1281008                
O              116                                                      
     7.700221447        -9.210250138        -3.743892376                
    -7.149837221        -2.216899679         1.581181999                
    -9108.316816        -8808.147286        -7216.280212                
O              117                                                      
     5.512507656       -0.9597116533        -3.584978145                
     3.576652911        -7.029229489         1.548427534                
    -13855.84759        -2308.942647         16423.92528                
O              118                                                      
    -4.825976341        -9.013624066        -3.536118622                
     3.453728979        -9.312251395         3.248938362                
    -5970.562120        -2894.688845        -9763.323558                
O              119                                                      
    -4.869390956        -1.221737570        -3.272665762                
    -2.286896094         2.449412646        -3.197511985                
    -4759.242117         6831.384309         2393.894001                
O              120                                                      
     5.160768851        -9.194918154        -3.591151309                
     11.57658032        -2.280925119         5.828684473                
     6440.246166         4733.785230         6926.157579                
O              121                                                      
     2.810899771         3.146130611        -3.587858408                
     1.663216183        -4.730298150       -0.2376077802                
     13463.09330        -4050.400233         30522.49395                
O              122                                                      
    -7.637292400         7.104771143        -3.453513617                
    -1.859800669         1.468225263         9.543323176                
     15113.50773         2811.796407        -4301.367212                
O              123                                                      
    -7.453602242         3.045180458        -3.291684165                
   -0.8738854049        -6.965746667        -3.173392430                
     3861.397312         651.5444838         5758.779755                
O              124                                                      
     2.323912154         7.054386287        -3.339488289                
    -8.078727718         5.168992594         8.408651539                
     17194.24670         11684.07752        -818.8274168                
O              125                                                      
     4.240561116         3.062389597        -1.323253628                
    -3.511261774         1.106170149        -12.82872483                
    -4504.602922         110.5810134         32379.90743                
O              126                                                      
    -6.275912540         7.023197266        -5.721389706                
     2.956353673        -8.786991612         4.777043416                
     6176.832715         4999.258506         6989.519191                
O              127                                                      
    -6.258079242         3.030550941        -5.679313480                
     3.808446615         8.437878730         16.34441014                
     13419.08224        -13929.89423         16103.98815                
O              128                                                      
     4.078427338         6.893846636        -1.361669020                
    -5.131557809        -8.868736131        -3.058716772                
    -6821.244607         10127.49001         11393.78150                
O              129                                                      
     4.213929558        -3.400212860        -6.410825948                
     14.54572314         4.749670243        -6.922426052                
     8151.044967        -6736.111811         837.6014781                
O              130                                                      
    -6.135654109        -6.782931422       -0.3508640228                
    -2.407850361        -3.119227624         2.331655627                
     9333.310054        -2775.692929        -19969.11163                
O              131                                                      
    -6.066709008        -3.382635895       -0.2899354589                
     3.757890571        0.7816884312        -6.038363669                
    -2455.247810         7877.112354         2225.721197                
O              132                                                      
     4.110186246        -6.886067903        -6.652166662                
    0.4583028316E-01    -6.979912662        -11.94393873                
    -10629.17569         2726.515530         9508.696191                
O              133                                                      
     8.236117508         3.037815097        -1.010525060                
     1.065987982        -13.14757045         9.897727589                
     1675.125680        -6911.681045        -5786.187694                
O              134                                                      
    -2.204313037         7.074014962        -5.658101948                
    -8.482032071         3.234960087        -1.615976389                
     16530.57165         5480.080591         23863.17983                
O              135                                                      
    -1.838900762         2.911877909        -5.703895186                
    -3.366387146        -1.666868970        -5.064625440                
    -12123.04826         2554.223185        -4388.952471                
O              136                                                      
     8.170656896         6.896012635        -1.041004741                
    -9.017327905        -4.388207505         5.052157715                
    -9858.570118         2168.749059         26061.25985                
O              137                                                      
     7.858766244         3.038050093        -3.625621973                
    -12.89331498        0.7219792115        -7.695307303                
    -1477.197325         9205.535506        -1578.965146                
O              138                                                      
    -2.766479938         7.243641620        -3.164099083                
     5.545933486        -1.953195489         2.792657606                
     23187.41780        -7883.177670        -13192.27033                
O              139                                                      
    -2.332917145         3.073814346        -3.186719576                
    -2.620283172         8.930296250         2.590398799                
     1154.464563         7068.780959        -19194.12151                
O              140                                                      
     7.510129237         6.797849901        -3.417863742                
     9.174501941         3.331042647        -1.457062569                
    -7565.420197         9596.449166        -30360.20465                
O              141                                                      
     5.419450723         3.118720962        -3.553287215                
     6.366438623        -8.695934744         5.287938550                
    -16822.77551        -13757.04595         8842.848482                
O              142                                                      
    -5.160528554         7.032945688        -3.350246511                
     4.168134867        0.7137984019         1.015718899                
     12913.97633        -13170.53980         10099.90673                
O              143                                                      
    -4.879181095         3.121155786        -3.440599213                
    0.4012002595E-01    -10.71249323        0.7837292618                
    -2837.777710         11585.59014         6002.844725                
O              144                                                      
     4.926067261         6.866681815        -3.671036689                
    -7.135802547        -6.536080063        -1.131801938                
     18331.62564         2766.154577        -28566.16520                
O              145                                                      
     4.060144310        0.9734148475        -2.833878410                
     2.741305244        -5.708993345        -11.76344700                
     13358.77975         10734.08949         15783.55744                
O              146                                                      
    -6.157073693         9.168792047        -4.296914144                
     6.378408763        0.9828908061        -9.151804395                
     2416.818046        -15543.54922        -145.7176400                
O              147                                                      
    -6.129048000         1.004475662        -4.056668172                
     1.265605495        -5.191321999       -0.3997102453                
     485.0699707        -6090.933497         4314.328534                
O              148                                                      
     3.812714635         9.074275052        -2.848134103                
    -6.416645026         5.098523567        -7.828156289                
    -2777.671942        -7215.490218         5311.759462                
O              149                                                      
     8.849106858        0.9913213105        -2.415824539                
     5.969735578       -0.4644021827        -4.033615320                
    -1259.015131         12720.23063        -1100.838565                
O              150                                                      
    -1.539899863         9.237011677        -4.269039343                
    -9.066351296       -0.5833183808        -6.292607833                
    -4155.654373        -5706.741594        -2744.068012                
O              151                                                      
    -1.373885151        0.8584649878        -4.161469756                
     5.024067295         4.258800228         5.504199917                
    -5391.787710         5770.918910        -6344.419400                
O              152                                                      
     8.780989520         8.987191215        -2.541326909                
    -1.946736817         8.796556232       -0.7857823719                
    -15279.88136        -15598.31419        -1222.796635                
O              153                                                      
     2.063819856        -2.656450540        -5.216057184                
   -0.8292112800        -3.618030623       -0.7107120632                
    -4012.581410         4032.263109        -11505.11991                
O              154                                                      
    -8.307287118        -7.571740534        -1.701539522                
    -5.349363710         3.992601552        -5.527371845                
     12647.94954         20914.35548         23850.77713                
O              155                                                      
    -8.263495913        -2.488189818        -1.366476812                
    -5.424200829        -6.504063946       -0.8134538564                
     15747.66871        -23531.53169         5983.453146                
O              156                                                      
     1.874720048        -7.759342306        -5.669792094                
    0.5310579201        0.4479072958E-01     6.090159260                
     6850.628018         19263.56712        -7379.878128                
O              157                                                      
     2.152802757       -0.1557324462        -5.528910501                
     9.950630044         4.093024281         8.026419383                
     12840.80156         5201.417048        -3718.939710                
O              158                                                      
    -8.279882317        -10.04329797        -1.383603169                
    -3.227926396        -8.458177003        -1.118810215                
     9704.237181        -499.2719861        -9945.258607                
O              159                                                      
    -8.030138832       -0.9297952117E-01    -1.200137789                
    -1.096943378        -3.438087082         6.693020798                
     13119.51324         19736.98175        -4461.546622                
O              160                                                      
     1.953577281         9.886784628        -5.588464600                
     1.397520362        -3.514668016         4.291745224                
     15291.71143        -14040.58871        -16883.52565                
O              161                                                      
     2.003780412         2.324229625        -5.511486726                
    -1.097868361         1.842824213         14.21864588                
    -4808.661093         30488.03989        -5770.528781                
O              162                                                      
    -8.094782919         7.661807488        -1.147250392                
    0.5391181846        -3.780912307         1.665410357                
    -13767.99129        -24892.55885        -13466.81017                
O              163                                                      
    -8.088460780         2.445222018       -0.8920585813                
    -1.559085906       -0.1903595931        -4.634372720                
    -4921.069614         13186.28467        -29418.58799                
O              164                                                      
     1.657840919         7.427649380        -5.770825069                
     2.920902398        -4.005606669         1.602318092                
     9538.934549         7413.150087         15152.46941                
O              165                                                      
     6.390006308        -2.688836333        -5.274621831                
   -0.9334786635         8.095481505        -4.961644748                
     3347.931636        -7999.670828        -13802.12273                
O              166                                                      
    -4.105766364        -7.563306070        -1.623234921                
    -6.244868712       -0.7000495273         4.440627659                
     16552.11342        -8835.737442        -13422.44544                
O              167                                                      
    -3.797065210        -2.480037285        -1.230077637                
    0.4432158316E-01     2.942422728        -11.95417069                
    -5144.759604        -22614.68271         22245.25470                
O              168                                                      
     6.222961569        -7.768292139        -5.469882777                
    -4.416803279         4.736226799         8.909345886                
     3940.110287         3861.498410        -8400.925078                
O              169                                                      
     6.304936154       -0.1394595958        -5.748337052                
    -1.478449071         12.29276991         2.779962814                
     10167.49113        -6184.201173         6290.596824                
O              170                                                      
    -3.951405350        -10.09176229        -1.380305387                
     5.230445679        -8.198161376         10.97982889                
     4753.452671         29221.84068        -19226.19501                
O              171                                                      
    -3.855718178       -0.3002770200E-01    -1.390017207                
    -6.714929851        -3.228552253        -9.013639099                
    -280.2256505         19108.83899         30035.91128                
O              172                                                      
     5.991859590         9.969794978        -5.703513998                
    -6.206636126        0.9447049705       -0.5610762361                
     6677.055824         7069.634244         9067.911580                
O              173                                                      
     6.406372463         2.465196366        -5.699512894                
    -4.163570142        -6.857209128        -4.983049838                
    -217.0348095        -24535.43354        -25538.50666                
O              174                                                      
    -4.108869761         7.674052364        -1.193956285                
    -6.771169824         9.166151444        -4.676155743                
    -10041.76580        -4807.065373         20823.08789                
O              175                                                      
    -3.791286294         2.449313191        -1.318652483                
     16.01753997        -7.512419863         5.660710928                
    -6543.771528         5214.873509         27401.13695                
O              176                                                      
     6.166523973         7.530139494        -5.795573141                
     1.529959071        -7.422901643         1.124755388                
     553.5934403        -17890.75053         24547.62491                
O              177                                                      
    -9.924826938        -1.055194840        -2.623540228                
    -1.162817590         2.686876635         2.793879172                
    -10836.90026         8953.384360         3262.341600                
O              178                                                      
    0.2310990723        -9.172735876        -4.192465663                
    -5.128781816        -4.403002908         4.616775624                
    -28325.20787         14276.58248        -11800.63828                
O              179                                                      
    0.2528134240        -1.082731355        -4.118483174                
    -2.003149229         7.080019780        -7.753046509                
    -17545.03649        -3245.257737         1872.575723                
O              180                                                      
    -10.03011165        -9.100779114        -2.867159998                
    -4.780552224        -1.984070584        -4.227113508                
    -38903.43272        -12320.96817        -4645.332772                
O              181                                                      
    -9.988928873         3.147152940        -2.570664585                
    -5.205353970        0.5008349088E-01     2.869722351                
    -10298.78354        -11119.17549         9912.865347                
O              182                                                      
   -0.2458996138         7.079101796        -4.043031362                
    0.5138651637        -5.078920077         2.932915004                
     16078.01181        -13778.11483        -4696.941334                
O              183                                                      
    0.1204206282         2.997831683        -4.155175842                
     2.224253740         9.389654435       -0.9108795674E-01            
    -21756.50064         5418.379590         1069.171235                
O              184                                                      
    -10.14418442         6.979723074        -2.622662948                
    -6.101419599       -0.6475860665         10.61718032                
     3771.061677        -10203.39815         5954.293803                
O              185                                                      
     1.505592431         5.085772376        -4.593669149                
    -4.779093263         1.496891249         4.026662254                
    -15919.52553        -8503.442630        -526.3661939                
O              186                                                      
    -8.497249716         5.020347464        -2.019032880                
     3.190680561         16.84116920       -0.7798588705                
     5410.877338         24700.68256        -5300.119316                
O              187                                                      
     6.472967883         4.949978499        -4.869447197                
   -0.2363157173        -5.133151416        -8.120465721                
    -145.6350165         24774.16458        -305.1426800                
O              188                                                      
    -3.735450710         5.024806110        -2.114063170                
     5.116563720        -2.559728498        -3.480201991                
    -9577.478903         48193.49449        -6298.203100                
O              189                                                      
     5.924144060        -5.258744268        -6.214589222                
     5.897948903         4.422063773         12.24683605                
     8205.789639         3235.657662        -4020.472977                
O              190                                                      
    -4.317446522        -5.029077046       -0.7486268513                
     1.810662492         5.460643767        -1.529909706                
     11572.56977        -15036.68400         12849.31176                
O              191                                                      
     2.370346324        -5.079982412        -6.369599460                
    -4.297850554         13.17006198         6.408179343                
    -5104.536340        -4850.641709         302.7784573                
O              192                                                      
    -7.824824009        -5.112810755       -0.4164795203                
    -8.000893200         5.521701648        0.8918663228                
    -14172.45554         17212.58914        -20041.42613                
O              193                                                      
     7.775814900        0.7020093082         3.309069457                
    0.1011847937        -2.583196783         6.309039411                
     4806.735461         21235.48709         8932.279300                
O              194                                                      
    -2.627466117         9.064192060         3.354791591                
    0.6358734721        -2.553208679         2.626270156                
     20507.84856        -7966.329059         18535.57627                
O              195                                                      
    -2.403573413        0.9810462949         3.355445924                
     8.513606722       -0.8397320157E-01     2.565396866                
     4418.641112        -5952.791803        -1696.710049                
O              196                                                      
     7.556200539         8.943323470         3.300834006                
    -17.08629454        -2.163361909         3.393183605                
    -2797.085436         10236.38870         1834.307201                
O              197                                                      
     6.245166303         1.105891737         5.574106557                
    -5.300126269        -7.101232753         7.385557663                
     8774.699697         6707.302597         6364.516074                
O              198                                                      
    -4.150661787         9.228812732         1.137227190                
     12.50488584         2.038873887         2.311086125                
     7083.778102        -18218.92188        -39171.51734                
O              199                                                      
    -3.839961106        0.9851541381         1.030468946                
     4.472713689        -6.873085288         7.570480557                
     11649.09456        -4931.127226         11877.87903                
O              200                                                      
     6.005875207         8.973151277         5.494547760                
    -6.536774311         6.699507410        -2.440826378                
     6698.980851         2816.202013        -10123.20899                
O              201                                                      
     6.095345653        -1.392931930        0.2997954878                
    0.4062732015        -7.465209524         3.996613607                
     31971.90712         5737.749083        -11099.90162                
O              202                                                      
    -4.033727614        -8.875510320         6.343599678                
     12.14495072         1.772087446        0.4277651508                
     3906.548623        -790.5621591        -10588.55408                
O              203                                                      
    -4.026029300        -1.242021097         6.340779472                
    -3.114832108        -6.751743280         1.390544609                
     16061.81992         15141.80101         22853.46827                
O              204                                                      
     6.189969756        -9.182528003        0.2960855046                
    0.7617390309         2.145688800         1.557083755                
    -26792.30744         12104.59454        -4447.955203                
O              205                                                      
     2.185280237         1.080558880         5.795487042                
    -6.524000970       -0.7842547956        -16.10812814                
     26424.83492         9767.825283         47906.97507                
O              206                                                      
    -8.170342426         9.191065408         1.040292482                
    -7.522488124         1.917764480        -3.510073179                
    -1991.702495        -16992.07916        -7073.728835                
O              207                                                      
    -8.037744666        0.6594871453         1.135139099                
   -0.7919650853        -8.442302980        -4.124534473                
     24.49785236         10804.98731         17971.93171                
O              208                                                      
     1.792090387         8.989101624         5.538772037                
    0.3569637760        -2.231679787         2.438269871                
     18606.24893        -8150.307760         33866.65868                
O              209                                                      
     2.723738275         1.247166653         3.305245334                
    -8.705592995         6.959249488       -0.6109451092                
    -38475.23755        -11191.07253         18102.31356                
O              210                                                      
    -7.672981204         8.861583585         3.554135967                
    -7.157701609         5.994730599        -6.080007955                
     4097.955822        -4647.265268         1826.911907                
O              211                                                      
    -7.538969679         1.034294136         3.606252337                
     4.472328449         7.772305935        -13.24712183                
    -1532.983606        -12542.34280        -7862.080569                
O              212                                                      
     2.354332238         8.964248565         2.940353005                
    -6.016371865         3.070111768        -2.388893811                
     12666.63072         6838.551653         13087.64803                
O              213                                                      
     5.209850538        0.9979462143         3.232468758                
    -1.456988394        -2.275562330        -3.923699233                
    -7179.316992         3862.809773        -4162.611408                
O              214                                                      
    -5.089737601         9.138994333         3.417072502                
     10.08243279        0.4657228592        -2.023414202                
    -19005.49030        -23035.55711         12657.78292                
O              215                                                      
    -4.929580113        0.8467689146         3.421156997                
    -12.86429134        -4.045520364        -6.738487516                
     13663.04321        -5493.717877        -13090.89775                
O              216                                                      
     4.954241718         8.756798838         3.163512085                
     6.699612180         2.004528909        -1.253883599                
     3015.239889         18853.67117        -8591.556930                
O              217                                                      
     7.651029276        -3.232445052         3.434220849                
    -6.848148008         5.469135139        -1.588481955                
    -21026.22657        -299.9669729         10694.35789                
O              218                                                      
    -2.594888622        -6.795694627         3.324479923                
    -3.084921563         3.137051556         10.98788758                
     24488.99807        -10462.97783        -5291.815906                
O              219                                                      
    -2.509769230        -3.214247438         3.427414413                
    -5.947393518         2.709862689        -3.624520325                
    -6635.794034         11429.09965        -21467.60193                
O              220                                                      
     7.625417933        -7.190282657         3.325056009                
     2.888362694        -2.804833566        -2.730431777                
    -12349.26880         3161.958663         25939.13248                
O              221                                                      
     6.278304049        -3.282523064         5.792143694                
    -9.288931278         1.419605132       -0.7752556319                
     5577.989757         5811.051757        -21690.69094                
O              222                                                      
    -3.929536045        -7.069447782        0.8856914680                
    -1.166252963        -2.621508092         2.168864960                
     5380.794753         15215.59485        -586.1541881                
O              223                                                      
    -4.083875001        -3.297659660         1.264645327                
     12.34600563       -0.5984945256        0.9498066555                
     9397.602738        -3313.103559        -14920.72518                
O              224                                                      
     6.129072168        -7.079464336         5.528054601                
     1.946844990        -1.166668945       -0.3423405649                
     11416.02913        -1833.496197         11588.19413                
O              225                                                      
     6.070805547         3.154403863        0.4866374147                
     12.89356954        -4.725177933        -5.906997673                
     2977.893654         6421.960861        -14203.70430                
O              226                                                      
    -4.119190778         6.515687767         6.560793198                
     12.64894831        -6.198083973        -1.100838109                
    -45179.37133        -2582.924055        -11063.48453                
O              227                                                      
    -4.095207211         3.277208899         6.578422967                
    -1.219098537        -6.597679605        -3.288492333                
    -876.7724605         2155.156119         5676.680406                
O              228                                                      
     5.986183433         6.717595221        0.4278568472                
     1.880417837        0.9849791741        -1.309764837                
     11121.44350        -1372.794856        -3294.569551                
O              229                                                      
     2.071128064        -2.999407174         5.787004164                
     4.691471501        -2.986230762        -10.15757394                
    -22054.21158         18071.99680        -34012.14051                
O              230                                                      
    -8.265988410        -7.131817179        0.9740601684                
     2.784666309        -2.976682626       -0.6162684364                
     201.2674080        -1578.615698        -7624.503331                
O              231                                                      
    -8.328635775        -3.156791475         1.075670921                
    -3.503068984        -12.13286214         2.631818825                
     3550.380323         14614.79408         39029.36740                
O              232                                                      
     2.023896377        -6.934793028         5.445440729                
   -0.2707498190        -1.922083415         2.248873503                
    -7177.548581         4379.714715         20812.90118                
O              233                                                      
     2.540411637        -3.030797169         3.220776715                
    -4.684347591         1.254865277         5.800546239                
    -1232.028931         4870.651215         8294.358010                
O              234                                                      
    -7.546434306        -7.052718597         3.550798014                
     1.705186757       -0.6982392340         2.112212863                
    -6859.341290         6479.910777        -21109.61867                
O              235                                                      
    -7.640128721        -3.278671840         3.648059120                
    -1.581553268         5.899009285         1.916619313                
    -2313.042912         7224.484191        -6733.671970                
O              236                                                      
     2.728727021        -7.128748858         3.117371992                
     7.179744223        0.9576306991         12.62909314                
     6006.836572         13867.32144        -43013.93638                
O              237                                                      
     5.113290931        -3.068622846         3.332386968                
    -5.196412792        -7.222458374        -9.288859033                
     4833.690683        -5459.773985         16877.24402                
O              238                                                      
    -4.982207077        -6.853311445         3.292348961                
    -8.023054376        -1.019407211        -2.766913948                
     4387.148629        -6765.353451        -19851.62311                
O              239                                                      
    -5.061906832        -2.979229554         3.597143456                
    -3.786664187        -4.076851204         9.165169093                
     2280.123343         4377.412404        -13464.53679                
O              240                                                      
     5.164350427        -6.958397684         3.121933476                
     2.388736867        -7.294355339        -1.403658711                
     14755.03060        -5108.448212         1341.932292                
O              241                                                      
     6.373036261        -1.080995440         4.390053257                
    0.1317826505         4.788950592         2.864698767                
     2229.988880         10859.44338        -2496.627750                
O              242                                                      
    -3.770292906        -8.967358477         2.546043640                
    -5.924140260        -2.174569595        -9.409728282                
     9486.223175        -11827.13295         7867.787346                
O              243                                                      
    -3.547247638        -1.202352817         2.450547774                
    -5.689530439         7.540110944         2.867969411                
    -2485.349435         48847.20614        -5568.674148                
O              244                                                      
     6.093058792        -9.215079404         3.990726538                
    -2.341615007       -0.9175663599         3.241285452                
     14022.57500         19713.46807        -4191.306698                
O              245                                                      
     1.509385382       -0.8024110049         4.256775422                
     3.957554150        0.2705580018         3.691407831                
     10121.42886        -11830.94590         171.3318639                
O              246                                                      
    -8.663507360        -9.189960517         2.504662219                
     5.890273268        -5.173599674         1.876116575                
    -11598.13528         47839.80078         17052.06509                
O              247                                                      
    -8.661777320        -1.142583501         2.720379616                
     5.953045685        -1.910090698         7.567622729                
    -2933.726286        -39454.10537         12382.01696                
O              248                                                      
     1.622630095        -9.089239034         4.122033280                
     2.441896095         2.991082032        -5.695563583                
    -14818.74258        -7892.629057        -2971.104989                
O              249                                                      
     8.283793797         2.321141962         1.459395488                
     1.112868154       -0.6962255592         9.399076041                
    -318.0834987         17941.30957        -19066.63129                
O              250                                                      
    -1.936909009         7.485194843         5.413339625                
    -6.893606262         9.602082395       -0.2974679146                
    -1109.991298         10653.48260        -4171.906727                
O              251                                                      
    -2.048113828         2.441675450         5.452289770                
    -1.748777037         7.484064378         2.556738919                
     10874.54636         1158.300864        -6824.494389                
O              252                                                      
     8.339471171         7.289214917         1.530382268                
     2.256877872        -7.024040603         7.994998043                
    -15540.78573         28302.70743        -2894.705598                
O              253                                                      
     8.285033776       -0.2569793633         1.185290364                
     5.676287124        -1.272361388        -4.570081219                
     2581.637912         7456.429860        -19878.55995                
O              254                                                      
    -1.837981794        -10.06102147         5.505860293                
     6.962221442         2.350407481        -3.111166326                
    -230.2036661        -15911.89649        -4993.637142                
O              255                                                      
    -1.669520955       -0.4494215349E-01     5.613130733                
    -4.102955293         2.855777474        0.8629715727                
    -24294.52371        -4659.042402         6696.512531                
O              256                                                      
     8.223264475         9.855255440         1.091104596                
     4.309547989         8.880494097        -1.319866019                
     2806.307798         466.5718010         1590.817460                
O              257                                                      
     8.233615512        -2.738273616         1.071911932                
     1.154906284        -5.683612432         4.394394491                
    -16990.48960         26330.07269        -34262.22237                
O              258                                                      
    -1.861943161        -7.588802986         5.534631177                
     2.401895133        -1.276254840         4.503111059                
    -2743.328429        -4942.860352         14772.50959                
O              259                                                      
    -1.959591110        -2.534297173         5.721760610                
     8.878826549        -8.624381983         4.508320448                
     16695.54838        -12954.28546        -11310.45107                
O              260                                                      
     8.214263431        -7.827964719         1.168632079                
    -5.918453115        -5.201733961       -0.3724227028E-01            
     3121.218520         7865.298237        -5428.947218                
O              261                                                      
     3.884954732         2.354961424         1.193973986                
    -6.423166900         9.017827530        -2.947175720                
    -8076.696705        -1083.848761         12776.13001                
O              262                                                      
    -6.111771897         7.502366414         5.343611756                
     9.095923974         6.256735897         1.406617599                
    -4880.373373        -6945.670713        -13633.44250                
O              263                                                      
    -6.036590585         2.476291356         5.237864728                
     7.032610110        -3.323354498       -0.8848231530                
     11736.64177         12328.69819         16720.42807                
O              264                                                      
     3.796459961         7.557632239         1.184515115                
    -2.181238068         7.329243274       -0.2290951819                
     1675.649216        -15747.83493        -10765.01461                
O              265                                                      
     4.079802052       -0.7531197348E-01     1.291370286                
    -7.453135266         3.317823157         7.470325947                
    -8825.449303        -10233.17295        -6346.720448                
O              266                                                      
    -6.153406521         10.03427416         5.327580373                
     2.821575671         1.842647714       -0.4591819326                
    -82.29911428        -4891.487921        -6165.984170                
O              267                                                      
    -6.161464535       -0.8044108844E-02     5.549763979                
     3.220087309         12.05492127         2.700815358                
     17893.16603         19628.57854        -10217.64696                
O              268                                                      
     3.974915568         10.03453451         1.173820683                
    -7.858924129         1.981813972        -1.481019762                
     4079.025065         1294.109053         13074.95193                
O              269                                                      
     4.111107573        -2.586841959         1.069221040                
    -4.810605141       -0.5585716834        -1.527883421                
    -15965.05861        -8330.372581         21123.39827                
O              270                                                      
    -5.984307978        -7.552803097         5.393000842                
    -1.248138739         2.213503034        -6.766205957                
    -2424.803146        -9916.842683         13402.75688                
O              271                                                      
    -6.206545379        -2.447566001         5.703665090                
     3.241188707        -8.234125046        -13.05121601                
     5008.719519         1837.079125         10888.30502                
O              272                                                      
     4.255889817        -7.593464430        0.9296525026                
     3.791593968         5.730053849        -4.392586948                
    -9035.785766        -4099.488276         5126.492114                
O              273                                                      
    0.1463785847         1.259824350         4.421606332                
     7.310754626        -2.245489156        -5.078921925                
    -20964.09126         10092.81801        -12169.14421                
O              274                                                      
     10.12111576         8.897726685         2.536049362                
     1.071081136         2.300502880        -2.056990668                
     8827.813909         17055.45881         9453.876918                
O              275                                                      
    -10.10667692        0.9012597519         2.478945252                
    -3.290478184        -5.250209612        -7.011028625                
     16112.86915        -334.3499829         9363.285618                
O              276                                                      
   -0.5363928022E-01     9.022028364         4.009515969                
    -1.358526348        -2.427406645        0.1531068136                
    -19604.69787         1250.875380         10753.75834                
O              277                                                      
   -0.1090743893E-01    -2.868446408         4.178027616                
    0.9657272356       -0.6183677955E-01    -8.238984358                
     17843.86184        -8093.476027         3580.384023                
O              278                                                      
    -10.09637818        -6.937328689         2.679936889                
    -2.157804595        0.7091217874        -11.14168346                
    -22299.10611        -11732.69316        -9614.193921                
O              279                                                      
    -10.16865962        -3.320462207         2.654509259                
    -11.27931310         3.254843945        -2.680625404                
    -14095.77130         2585.058536         1570.376369                
O              280                                                      
    0.7239678520E-01    -7.003589391         3.940695492                
     9.208971457         9.256293259         1.551093292                
    -24678.78346         9164.150405         7032.603145                
O              281                                                      
     8.520745307        -5.212667577         1.919776481                
    -2.523485205        -1.968927461        -2.762819534                
    -8632.793754         3593.928387         11911.97384                
O              282                                                      
    -1.522160913        -5.020891188         4.654709991                
    -1.904928585        0.5581024405         1.677003733                
     26150.97136         16281.24805         9838.929174                
O              283                                                      
     3.877242410        -4.986094869         1.998655064                
     1.979344205         9.088796899        -5.992608161                
    -2739.954763        -45492.60051         10517.65910                
O              284                                                      
    -6.127717602        -5.021875926         4.618336610                
     14.37359693         9.559415576       -0.8016064148                
    -15490.12288         4430.680653        -4794.223564                
O              285                                                      
     4.346688292         4.952528646        0.4060045513                
     2.769888208       -0.7554725655        -2.540243854                
    -15365.67698        -1600.075008        -6214.044230                
O              286                                                      
    -6.025825507         4.930207051         6.438057375                
     6.141721071         6.054560120         5.890962754                
     8264.142708         12828.87598        -18059.03558                
O              287                                                      
     7.823476292         4.930136889        0.5188434893                
    -2.337556002        -4.340995817        -9.100108964                
    -9328.732792        -18544.29384         8547.466791                
O              288                                                      
    -2.285489040         4.916596395         6.447575958                
    -2.330675085         2.840129584         4.671013040                
     2682.635478         28556.15651        -4851.894047                
C              289                                                      
    -1.023499685         5.477691984         2.742257483                
    -2.064709224         10.03737015         1.549438449                
    -40.29965318        -150.7481877        -131.9865880                
C              290                                                      
    -1.822923868         4.516131694         2.112784257                
    -1.652076219         6.131291203         6.992182412                
    -36.63626004        -17.14441632        -7.339103577                
C              291                                                      
    -1.742624436         4.337691455        0.7265263157                
   -0.2574479957        -2.932143431         8.239619307                
     91.07906189         18.76366653         149.6532162                
C              292                                                      
   -0.8629008217         5.120811505       -0.3025840085E-01            
    0.7245472238        -8.089499129         4.044312242                
     60.23752122        -34.31814007         51.64369681                
C              293                                                      
   -0.6347663798E-01     6.082371796        0.5992148267                
    0.3119142170        -4.183420174        -1.398431727                
    -15.38690360        -124.0386273        -63.50882686                
C              294                                                      
   -0.1437760696         6.260812035         1.985472767                
    -1.082714006         4.880014457        -2.645868622                
    -128.6864307        -312.1273488        -121.6900317                
H              295                                                      
    -1.085444961         5.615345884         3.811656467                
    -3.140565284         17.02916259        0.5871299849                
     320.7664098        -360.0341222        -313.5564636                
H              296                                                      
    -2.501581650         3.911996122         2.696590660                
    -2.409620085         10.10983306         10.22864165                
     11.95635671         80.77082606        -34.83441237                
H              297                                                      
    -2.359336943         3.595901982        0.2409337335                
    0.6086419844E-01    -5.945394016         12.43838701                
     1252.955037         898.0121690         1266.590838                
H              298                                                      
   -0.8009555458         4.983157605        -1.099657384                
     1.800403282        -15.08129156         5.006620704                
     79.91383967        -20.51468475        -16.54140094                
H              299                                                      
    0.6151811432         6.686507368        0.1540842321E-01            
     1.069458083        -8.161962037        -4.634890959                
    -43.27210621         143.5701238         52.27340693                
H              300                                                      
    0.4729364367         7.002601508         2.471065348                
    -1.401026199         7.893265034        -6.844636323                
     143.3936132        -341.1704033        -443.6937356                
