Diffusion in Zeolites. ZSM5 (Silicate) Crystal Structure, Si(96)O(192) +
         2         2       300    133340   1.0000000E-03   1.3334000E+02
       20.3183600000        0.0000000000        0.0000000000            
        0.0000000000       20.1714600000        0.0000000000            
        0.0000000000        0.0000000000       13.5858629500            
Si               1                                                      
     1.789333782        -1.285593262        -4.634989604                
     3.026076646         1.356089548        -5.317621521                
     12939.72889         31480.12500        -5577.419405                
Si               2                                                      
    -8.557973140        -8.951020123        -2.328735470                
    0.8692147712         2.872143432         1.349721436                
     6534.580447        -30084.44116         7765.615705                
Si               3                                                      
    -8.323722444        -1.309999213        -2.263786557                
    -1.969151489       -0.7311283108        -3.290056089                
     1856.165840        -9950.679902        -6208.073872                
Si               4                                                      
     1.637092244        -8.827206575        -4.596746959                
     3.477378544         3.163748482        -2.522925503                
     2397.898956        -1846.818611        -31249.44070                
Si               5                                                      
     4.136216119       -0.5859986313        -2.671133079                
     1.466941257        -3.715475737        -3.380213107                
     7721.843555         8963.375937        -30138.55226                
Si               6                                                      
    -6.099975009        -9.566343411        -4.086981854                
    -1.438392435         3.628492744        0.4979872618                
    -27291.58534        -13470.82338        -1970.435180                
Si               7                                                      
    -6.020632160       -0.6956473122        -4.278633497                
    0.7892299858        -4.798071479        -4.183864804                
    -172.9934351         3548.550108        -8487.674022                
Si               8                                                      
     3.940776545        -9.509690485        -2.669055407                
     2.655313563       -0.1908918794       -0.3218146352                
     16795.67280         13329.48812        -14753.70398                
Si               9                                                      
     5.867644862         1.259396668        -6.544654836                
     4.431328852        -2.061428601         2.819739897                
    -9981.021261         3049.539857        -17822.75642                
Si              10                                                      
    -4.520391801         8.620982446       -0.2984255614                
    -6.030688300         2.225098319         2.909578720                
     21205.47491         6864.100056        -10631.82551                
Si              11                                                      
    -4.240975757         1.019396280       -0.4987675575                
     2.242043788        -1.776097879        0.4078899851                
    -8548.204667         6027.284741         15444.26909                
Si              12                                                      
     5.673601052         8.890282803        -6.420729512                
   -0.6999360755         1.296166125         2.229588496                
    -7864.205257         28.45867309        -4208.735127                
Si              13                                                      
     2.694345337         1.190251505        -6.506673809                
    -2.791345386         1.647155800         4.842891521                
    -8293.690845        -2218.802303        -6359.754458                
Si              14                                                      
    -7.704541674         8.748088003       -0.3480351780                
    -4.292757086       -0.4274030230         3.379354762                
     3289.789007         651.6840597        -17630.53279                
Si              15                                                      
    -7.402841998         1.148848180       -0.4215521270                
     2.769798652         4.715672472        -3.546521915                
    -22701.47831        -11365.82980         21146.00172                
Si              16                                                      
     2.447594820         8.845898352        -6.402022799                
    0.8197781383        -5.082336928        -6.527214518                
     860.0219190        -10592.49043         4657.960775                
Si              17                                                      
     8.937432629       -0.7116744104        -2.706249549                
    -1.848827492         2.801407738         3.301141651                
    -1641.878707         196.0794285         954.4728212                
Si              18                                                      
    -1.418440762        -9.395997325        -4.296994230                
    -1.205147707        0.6710029570E-02     6.313538451                
    -14944.32796        -744.6709250         1530.227847                
Si              19                                                      
    -1.238836451       -0.7810930514        -4.210869009                
     1.307705096        -3.984511947        0.7170535793                
     1808.549104         23750.74999        -5034.912710                
Si              20                                                      
     8.705216313        -9.393417794        -2.457887622                
    -1.764984208        -5.885242525        -5.046326004                
     4384.698693        -27716.18516        -13208.81374                
Si              21                                                      
     6.541341111        -1.178773092        -4.689500384                
     4.211023070        -2.189551461        0.6816244445                
     14645.00263         30231.22701         4212.604666                
Si              22                                                      
    -3.708736958        -9.076154497        -2.195749332                
    -6.117233900        -1.703679227        -2.285518374                
     9587.261159         1318.416552         17284.28924                
Si              23                                                      
    -3.634425565        -1.398253977        -2.385392024                
    0.9573434259        -2.248232379       -0.5057606170                
     3085.569372        -24670.84359         8199.272192                
Si              24                                                      
     6.436778043        -8.870624268        -4.558390963                
     2.636933495        -1.006033332        -1.275865000                
    -12578.84986        -10445.28661         17526.02161                
Si              25                                                      
     1.616777964         3.488289599        -4.715896169                
     1.384119307        -1.105425355         3.994535770                
     4208.394211         2094.927092         25496.74175                
Si              26                                                      
    -8.651608888         6.484947029        -2.279025496                
     1.145742217        -3.635508013        -1.445001183                
     3279.886261         7613.014486         8207.305538                
Si              27                                                      
    -8.566825043         3.363417122        -2.315486330                
    -1.266439018         4.067897481        0.5639359294E-01            
     2305.869192        -3793.804768         6294.388398                
Si              28                                                      
     1.400966036         6.647209759        -4.417256600                
    -1.995378511        -1.435004479        0.2032617672                
     25825.39660        -14002.28076        -1942.498500                
Si              29                                                      
     3.961481379         2.578497084        -2.783402548                
     3.606532614         3.460375815        -1.361175445                
     12393.12953        -1072.627955        -797.2007775                
Si              30                                                      
    -6.235815427         7.407560385        -4.075787846                
     7.045866172         5.458514229       -0.6599666083E-01            
     423.7160448         1896.716285         10062.94430                
Si              31                                                      
    -6.211140263         2.495733506        -4.225690887                
   -0.2420467583E-01    -6.304623818         1.312117555                
    -12603.94971         2324.192370        -5306.964813                
Si              32                                                      
     3.908280101         7.468252588        -2.678487183                
    -2.882120954        -1.151763392        -1.434866232                
     534.5973194         17161.78639        -9308.573063                
Si              33                                                      
     5.770945389        -3.478511801        -6.623039035                
     1.189871249        -4.905444591         4.611462323                
     8922.783151         7496.196496        -10259.89473                
Si              34                                                      
    -4.421147702        -6.760623970       -0.2940736190                
    -1.315589667         2.392689730        0.4467944060                
    -1647.579881         3996.674191        -4413.881883                
Si              35                                                      
    -4.375951157        -3.666984209       -0.3893807436                
   -0.1808002498         5.019840171         3.035060375                
     5218.859361         5350.342278         6089.164878                
Si              36                                                      
     5.699301532        -6.520209254        -6.470429289                
    -4.432800047         2.018708588         2.947665649                
     19095.18813        -14526.47366         2493.355910                
Si              37                                                      
     2.555960888        -3.540407246        -6.618123467                
    -5.945065969        -3.169855017         6.339450361                
     17425.65555         22247.01246         2804.117422                
Si              38                                                      
    -7.625865080        -6.723640417       -0.3623042492                
    -4.549366324        0.7614509656         1.532164990                
     7411.885737        -15251.67037        -1880.275149                
Si              39                                                      
    -7.539464842        -3.636455641       -0.3323635211                
   -0.3119521787         3.014643217        -3.093464557                
    -1200.944513        -453.3292292        -14305.09183                
Si              40                                                      
     2.580141957        -6.594194243        -6.602258575                
     1.143080856       -0.4024988566        -3.452197234                
    -8122.509120        -23440.82900        -14439.68631                
Si              41                                                      
     8.837706996         2.408726267        -2.743908392                
     2.140222170       -0.7967936831        0.9971673558                
    -34780.87089         11859.48091        -6110.705797                
Si              42                                                      
    -1.444892226         7.644185683        -4.145759370                
   -0.2939167392        -3.156930782         6.258738427                
    -26864.06365        -6049.409432         23630.85721                
Si              43                                                      
    -1.336056784         2.379644628        -4.428776590                
    -1.314584524        -3.822522265        -1.332268929                
    -3206.351735        -4293.350349         20120.31793                
Si              44                                                      
     8.760446070         7.560041657        -2.439831184                
    -4.584061732         2.394438492        0.7506157215                
    -5861.119769         1560.143429        -12701.53126                
Si              45                                                      
     6.466090838         3.551913173        -4.529030908                
     4.946098582        -2.212635409         3.382926864                
    -16366.47734         1424.695844        -8272.902725                
Si              46                                                      
    -3.729227486         6.435825109        -2.312355278                
   -0.1263000724E-02    -6.322583045         2.138168965                
     1635.504790         11878.02545        -6146.404248                
Si              47                                                      
    -3.625952582         3.306854170        -2.542896699                
    -2.351590394        -2.881646801        -5.264014973                
    -22905.15904         12184.08334        -6081.427149                
Si              48                                                      
     6.410624863         6.703494769        -4.417796918                
    -1.401763814         4.606550442         3.251574681                
     3084.738888        -13522.32246        -8229.638709                
Si              49                                                      
     8.670307257         1.098531020         1.986922862                
     7.692925320       -0.6858546079        -1.182072832                
     20404.49778        -3755.615632        -22463.02687                
Si              50                                                      
    -1.628603170         8.800544897         4.652688202                
     2.254672892        0.2431613202        -4.584847095                
     7056.459011        -17026.70836         989.2436397                
Si              51                                                      
    -1.406598324         1.308559177         4.606108444                
    0.9057573211        0.4878498473        0.4460617886                
    -18419.66469        -12999.80849        -7186.332368                
Si              52                                                      
     8.625997558         8.757606103         2.287185171                
   -0.3922147398E-01     9.409814225         5.512745038                
    -333.4931907         25870.78105         7563.763583                
Si              53                                                      
     6.341379073        0.7311549976         3.937077479                
    -2.216433758         2.184542079        0.6173594388                
    -9374.850596         10060.93580         22617.90737                
Si              54                                                      
    -3.916375172         9.334925713         2.715943811                
   -0.1630284721        -2.487450333        -2.710894203                
    -11741.05263        -112.3758168        -8634.631583                
Si              55                                                      
    -3.638721566        0.6124735594         2.523156413                
    -3.468671938        -8.215642262         2.795158623                
    -16163.97748        -518.0686936         12332.49939                
Si              56                                                      
     6.206769496         9.447297727         4.142014044                
     4.645615909         5.728771011        -2.857633374                
     1880.705948        -5766.900684        -8728.199698                
Si              57                                                      
     4.472246330        -1.269496945        0.3151397698                
   -0.3709778624        -2.275537953        0.3991216342                
     1307.882395        -11440.98511         17140.09891                
Si              58                                                      
    -5.749352636        -8.810657251         6.477340446                
     4.423721450        -1.354138489         5.838499776                
    -7391.467529        -2751.562473         12374.28523                
Si              59                                                      
    -5.504673506        -1.199284440         6.240503279                
    -2.386629957         1.653066692         1.838676155                
    -14291.87355         1417.667406         2555.085514                
Si              60                                                      
     4.413186822        -8.891130723        0.3532155373                
    0.5930210975       -0.2736996189       -0.4198553177                
    -4181.301637         11566.29288         15235.43564                
Si              61                                                      
     7.633664871        -1.390852445        0.1206031909                
     5.260918055       -0.6689197414        -2.488836567                
     32017.59573         5244.756230         11827.72753                
Si              62                                                      
    -2.537367971        -8.859734325         6.348741431                
     1.382480511         4.413003496        0.8391741398                
    -18794.78113         11327.32852         3611.211101                
Si              63                                                      
    -2.328396250        -1.214433317         6.397166390                
    -4.057352807         2.584374640         7.415862922                
    -4632.122517         1343.553539        -11581.40627                
Si              64                                                      
     7.564592347        -8.972516651        0.4445306230                
    0.8758784981        -1.255073475       -0.1078391490                
     8385.802417        -808.4052635         13920.29784                
Si              65                                                      
     1.564574057        0.6221710289         4.145384075                
    -2.796007424       -0.3441781804        -3.168880718                
     2558.734807         3432.795030         13148.61859                
Si              66                                                      
    -8.682543567         9.554959120         2.564653727                
    -4.025229727        -1.764356483        -2.593184748                
    -9522.302561        -34275.31741        -986.4571649                
Si              67                                                      
    -8.570019146        0.4832584100         2.482251627                
    -2.016293006       -0.5737299904E-01   -0.4632892018E-01            
    -4788.003548        -1782.866942        -19889.47721                
Si              68                                                      
     1.405091159         9.442680367         4.284838623                
     4.876776926         1.222899621        0.8687479011E-01            
     11332.74799        -2008.233555        -5712.041011                
Si              69                                                      
     3.798002122         1.210066279         2.128567095                
     1.494939563         3.291353352        -2.555544181                
    -3323.298615         678.5612759         11703.95970                
Si              70                                                      
    -6.470903199         8.895841959         4.613893401                
    0.4071978683        -6.090599521        0.3468041615                
     575.2300700         2044.480384        -4486.372012                
Si              71                                                      
    -6.150255297         1.228090987         4.285425296                
    0.1000196843         4.626910231       -0.3695903899                
    -8758.541972        -4683.430081         8902.717515                
Si              72                                                      
     3.738712889         8.820129406         2.273514823                
    -1.404216409       -0.4568305199        0.1589019509                
    -21227.82305         6659.301516         5714.229629                
Si              73                                                      
     8.623646532        -3.586250175         2.123760706                
    0.7308382562E-01    -3.042867015         3.959028907                
    -9832.273443        -4215.596271        -6315.114561                
Si              74                                                      
    -1.572899895        -6.675263561         4.335180943                
     1.655374916       -0.2200049891         2.721101733                
    -19452.60297         5356.422606        -3587.599771                
Si              75                                                      
    -1.517077798        -3.521631322         4.369582967                
     1.676136233         3.039916512       -0.3321262895                
    -11629.25656         1811.489382        -10263.56176                
Si              76                                                      
     8.536789087        -6.733524380         2.363576318                
   -0.1512626823       -0.7851867917       -0.2207826144                
     12424.84313        -12073.99895         7397.904497                
Si              77                                                      
     6.306597125        -2.440615015         4.007647507                
    -4.300857213        -5.168132469        -2.141147092                
     17680.77896        -11837.50330         8798.180608                
Si              78                                                      
    -4.023897771        -7.634878492         2.701444459                
    -1.309859702        -5.436276666        0.5266557294                
    -15136.81069        -602.5720028        -12495.16460                
Si              79                                                      
    -3.906763786        -2.580312312         2.500606496                
     3.825205625        -1.250885356        -1.009401429                
     15715.08943         5338.489146        -21733.85196                
Si              80                                                      
     6.196293440        -7.576514023         4.170070731                
     2.954379749        -1.439400687       -0.3282723969                
    -11100.21255         4890.553526         5445.647715                
Si              81                                                      
     4.494029738         3.434883456        0.1873235472                
   -0.3588082954         1.032783451         1.325024218                
     15258.61884         19995.59702        -14838.48250                
Si              82                                                      
    -5.782503655         6.560423627         6.550642633                
    -2.502477925         1.280410478        0.7740912507                
    -11887.89361        -8878.520722        -18756.86391                
Si              83                                                      
    -5.712856677         3.440832867         6.385005438                
     2.952746009        0.6594219056        -1.085852026                
     3883.772262         2982.989145        -4283.789316                
Si              84                                                      
     4.499788950         6.579408260        0.2477049740                
     1.801947066        -1.229640009         1.007103168                
     1632.481697        -8314.717250         17093.65023                
Si              85                                                      
     7.721758250         3.386539695        0.9558564825E-01            
    -3.598224218        -1.627972193         1.863128959                
     889.6760371        -27570.61747        -18817.87353                
Si              86                                                      
    -2.629067527         6.589825201         6.736062732                
    -8.332377590        -3.191120635        0.9335620451                
     5346.871811         5358.381692        -19124.25298                
Si              87                                                      
    -2.529968092         3.482371392         6.509488560                
     1.246752732         5.594003753         1.901003943                
    -15360.69447        -4952.225156        -1996.089772                
Si              88                                                      
     7.663292351         6.533935126        0.3878717150                
    -4.604502778        0.8225985247E-01    -3.892451370                
     9795.034463        -15372.58918        -4837.223611                
Si              89                                                      
     1.508314438        -2.540106429         4.176865320                
     3.698414103        -1.179888396        -5.414663388                
    -21202.06365         10458.30910        -9576.899277                
Si              90                                                      
    -8.710578041        -7.496960290         2.575218159                
    -2.549804001         1.230672450        0.6441533304E-01            
    -20514.54736        -7999.117058        -15820.09529                
Si              91                                                      
    -8.697780631        -2.669355338         2.415919321                
     2.372720642        0.1147970775        -2.448121603                
    -2075.262439        -15075.10542         24955.22984                
Si              92                                                      
     1.410415027        -7.586087134         4.114367616                
    -6.613989789        0.1406731888       -0.1647010871                
     10322.66081        -8454.182484         1507.469541                
Si              93                                                      
     3.808442854        -3.528698922         2.371194689                
    -1.958741438        -1.121931945         1.708743952                
     17541.52040         17990.44185        -8736.952936                
Si              94                                                      
    -6.492876453        -6.647876832         4.489855302                
    -1.983834550         3.297171530        -3.223037117                
     20033.23298         11274.93591         25529.00548                
Si              95                                                      
    -6.298442831        -3.528541282         4.286079398                
    -2.739801753        -2.166006536         2.541702743                
    -28912.51016        -1661.758682         24730.99666                
Si              96                                                      
     3.763923801        -6.604405477         2.315116164                
   -0.3096683212         2.747031048        0.4183493969                
     10162.40256        -1176.760997        -2781.222582                
O               97                                                      
     2.890038711        -1.126014381        -3.522558596                
    -2.809182335         4.764626614         2.866147614                
     3244.447408         1747.431635         11952.47470                
O               98                                                      
    -7.509074933        -9.129764401        -3.475651027                
     6.012081739         10.46582463        -3.523274947                
     5016.897411         3569.663947         2506.548928                
O               99                                                      
    -7.235514280        -1.233887335        -3.436606805                
     3.687093004        -3.056716519         4.884924076                
    -9137.717181         9452.275286         3953.820758                
O              100                                                      
     2.676209919        -8.980181483        -3.484790362                
     1.053508133        -1.422189485         5.868532491                
     4706.958060        -7443.201774         25095.38765                
O              101                                                      
     4.152036381        -1.024699822        -1.178396049                
    -1.281399949        0.2460251078         2.748573044                
    -4506.136919        -7151.393564        -6426.784213                
O              102                                                      
    -5.981801296        -9.074860670        -5.537665194                
   -0.4465727952        -1.735054569        -2.694853620                
     5877.758499         4577.510604        -30760.00640                
O              103                                                      
    -5.902873451        -1.009337172        -5.810666370                
     5.403249530        -3.028300209        -1.006670179                
    -1307.140784        -3752.918526        -6980.315875                
O              104                                                      
     4.069148041        -8.998912131        -1.163686312                
    -4.323346081       -0.7264963256        -1.659189837                
    -4307.168021        -14933.36697        -8770.791097                
O              105                                                      
     4.255253756         1.143672150        -6.512449629                
     1.543865559        -3.681974273         7.270782137                
     9684.095407         7564.908680        -2994.702528                
O              106                                                      
    -6.082984248         8.710765608       -0.4236381320                
   -0.9884295947        0.9245325740        -5.393474592                
    -12213.40991        -5022.214152         7464.271943                
O              107                                                      
    -5.839254342         1.082608153       -0.3353404969                
    -1.218465259        -3.325980961        0.2030674023                
     8356.539876         5933.841176        -16923.41034                
O              108                                                      
     4.052574798         8.777274255        -6.402675670                
   -0.8235883383         1.371402097       -0.6998677394                
     1853.941460         1587.228010        -735.3572644                
O              109                                                      
     8.296477754        -1.166321720        -1.301248725                
    0.1547443364        -1.871541480         2.645250590                
    -3330.910597        -3271.726506        -9913.617576                
O              110                                                      
    -2.063839464        -9.003872117        -5.745148505                
    0.1231303401         3.170142542        -2.313838708                
     15081.89804        -1494.164073         14958.90534                
O              111                                                      
    -1.795812486        -1.088840092        -5.684246479                
    -6.760105942        -1.609106331         12.16978552                
    -3065.982211        -11389.39998        -2574.830857                
O              112                                                      
     8.061776161        -9.041934123        -1.052441555                
     7.036519476         3.820203782        -1.181200009                
     2900.174217        -2788.925536        -6811.819693                
O              113                                                      
     7.919881922        -1.124719067        -3.857954864                
    0.5584167014         1.731876213        -3.840073421                
    -3108.315541        -6516.499718        -1437.487163                
O              114                                                      
    -2.454118899        -9.068006225        -3.112599719                
    -6.207285034         3.673376383        -2.846881410                
     18631.06181        -2188.952209        -18538.33529                
O              115                                                      
    -2.225177179        -1.206663264        -3.053980873                
    -4.980708684         7.427809612       -0.4540568671                
     2023.107346        -6454.661049        -16362.81436                
O              116                                                      
     7.734423802        -9.029608054        -3.666933067                
     7.957068630         8.368605988        -3.027379496                
     1507.349728         6373.094147         9300.533619                
O              117                                                      
     5.437469422       -0.9233209132        -3.606736061                
    -1.254261452       -0.3710269838        -2.391533442                
    -18976.18770        -9266.017926         21072.63583                
O              118                                                      
    -4.937602823        -9.135961241        -3.167275774                
     3.105011041       -0.6241351874        -8.240447399                
     4170.288043        -853.3803180         3558.728598                
O              119                                                      
    -4.752282867        -1.220959841        -3.483680226                
    -1.371290902       -0.2991045668         6.676220346                
     3501.537579         4859.324867        -138.6689396                
O              120                                                      
     5.181829807        -9.021014652        -3.553789711                
     1.681297272         5.005932812        -2.485222437                
     4564.688928        -979.9981842         7924.606468                
O              121                                                      
     2.693504520         2.993935799        -3.582636734                
     2.304276237        -4.302045703       -0.1010730540                
    -15940.57807         11933.67476        -10954.17311                
O              122                                                      
    -7.539843443         6.900097887        -3.324617254                
     4.673762350       -0.9459728772        -4.715312434                
     3381.338124         2609.647351         2436.138210                
O              123                                                      
    -7.490254841         2.990693867        -3.398704962                
    0.2054563933        -6.622181839       -0.6126315196                
     4218.360440        -5700.647189        -7531.208273                
O              124                                                      
     2.561320216         7.018966608        -3.364810732                
    0.8133995255        -1.056659750        0.8575436374                
    -6505.051970         1614.427840        -71.20811004                
O              125                                                      
     3.992292875         3.142775498        -1.299352425                
    0.3152554028        -1.027204154         5.731267201                
     6911.559652        -405.9687661         6135.745346                
O              126                                                      
    -6.214235422         6.903958490        -5.561070712                
   -0.6860578764         5.309855173         3.987832548                
     5495.820161        -3593.817941        -4891.615143                
O              127                                                      
    -6.191365098         2.956495011        -5.748622311                
     5.154778605        -5.628945841         5.525376339                
     6536.377353         10448.56656        -2867.155255                
O              128                                                      
     4.150037567         7.109744741        -1.183658794                
    -3.539757664         3.434831307        -4.902843668                
    -6661.801774        -14611.20784         3785.005769                
O              129                                                      
     4.185689034        -3.483526726        -6.672017069                
    -3.971188493         3.422298397         5.185781413                
    -15892.51079        -5825.192160         5540.176111                
O              130                                                      
    -6.002583314        -6.946337097       -0.4947937999                
    -6.250209884        -6.051119361        -5.644388792                
    -15417.12166         11254.48307         6557.368483                
O              131                                                      
    -5.965386638        -3.432556408       -0.2914509695                
    -10.84582711        -1.341402772       -0.8799422138                
     2389.260718        -14323.31485        -8102.126546                
O              132                                                      
     4.147747876        -6.618269898        -6.477008397                
    -6.412349098        -5.438423004        -7.576322871                
    -11033.63355         6322.537549         49.68735217                
O              133                                                      
     8.273741835         2.793698366        -1.346309079                
   -0.2336017907E-01     2.237084601         1.699251661                
    -8873.009201         26843.04002         30049.70672                
O              134                                                      
    -2.017393085         7.088371687        -5.494662638                
    -3.560226258        -4.175176079         3.463461789                
    -6067.386074         1717.052093        -6944.908206                
O              135                                                      
    -2.064593659         2.800650984        -5.718713394                
     5.380077276        -1.650223137        0.2968768665                
     2888.974184         12294.00913        -23170.08410                
O              136                                                      
     8.205810495         7.096281757       -0.9977652670                
     1.754594096         2.426927663         2.036849071                
    -296.0194154        -1803.728075        -7020.169667                
O              137                                                      
     7.745465064         3.106306302        -3.740745142                
    -2.390673013        -1.711786128        -7.018666378                
     17551.13918        -5152.966087        -1311.011480                
O              138                                                      
    -2.490579270         7.118288508        -3.047136576                
     4.830851905        0.2877999269        -5.090572978                
     4963.425655        -5619.813498        -6689.250479                
O              139                                                      
    -2.374820349         2.971381941        -3.374883676                
    0.6390143362       -0.3265161192         2.600325058                
     11938.85605        -5247.155009        -957.5334559                
O              140                                                      
     7.687148162         7.070333880        -3.556837325                
     2.526620938        -2.540909877         3.680548191                
     2036.394239        -443.6961019         13715.09998                
O              141                                                      
     5.246995088         3.083076003        -3.615987115                
    -4.572602133         3.105069432         5.025763592                
    -9508.540394         4335.093803         6652.363280                
O              142                                                      
    -4.977142065         6.860337555        -3.228879284                
    -2.089807311       -0.9787053097        -4.700722742                
    -6714.433638        -1265.711866        -5384.738612                
O              143                                                      
    -5.002661491         3.029850717        -3.396051882                
     1.354469080         1.751609523        -3.492042428                
     23040.81653         2752.734657         5511.754242                
O              144                                                      
     5.112254706         6.954297351        -3.534569050                
     3.825277686        0.9366395022        -1.260266388                
     6729.053617         370.1068756        -597.6305607                
O              145                                                      
     4.074823543        0.9995301305        -2.660079989                
     4.015024984        -4.564037290        -4.676317094                
    -5389.030391        -2553.562560         1140.599345                
O              146                                                      
    -6.125747840         8.992647132        -4.136726492                
     2.244847288        -8.210801374        -3.358721456                
     2284.318722         1735.695912         3495.779688                
O              147                                                      
    -6.079561447        0.9217802041        -4.235478007                
    -3.311647946        -4.020617259         3.827619718                
    -3428.590023        -12690.19759         7488.926390                
O              148                                                      
     4.011530026         9.076636290        -2.704331246                
     5.734102473        -4.725904528        -5.319931196                
    -13395.06254         633.5267893         4883.107877                
O              149                                                      
     8.888078847        0.8771265996        -2.782674872                
    -3.448580340         4.106899571        -1.982172173                
     1848.488928        -23423.56434        -8669.317060                
O              150                                                      
    -1.359495626         9.196720150        -4.197825501                
     3.765199303        -11.34118910        -5.765459332                
    -2000.282558         5883.105266        -4087.992254                
O              151                                                      
    -1.261603950        0.8304134635        -4.224983688                
    -7.969668822         2.681795762        -1.603050020                
    -295.9621810        -12087.21205         2953.208501                
O              152                                                      
     8.861838970         9.127711139        -2.503244702                
    -12.80154298         2.581953360       -0.7154147520                
    -13863.58240         18679.67838         6702.225458                
O              153                                                      
     2.092329144        -2.554889009        -5.459205473                
   -0.9431721596       -0.4400618220         7.186352736                
    -1800.413049        -18325.79912        -12087.10017                
O              154                                                      
    -8.267941668        -7.727280215        -1.432492821                
    -2.596794930       -0.7448470844         2.764993302                
     9680.669323         19270.01415         17547.82625                
O              155                                                      
    -8.065351289        -2.659134915        -1.453193682                
    0.2603278625E-01    0.6756599432E-01   -0.4063048032                
    -5207.006910         9848.828787         4526.536281                
O              156                                                      
     2.021859906        -7.567395081        -5.524375056                
     4.645299246        -2.024009555        -1.844675037                
    -14650.13701        -5271.637852         13656.28881                
O              157                                                      
     2.122017949        0.1277126066E-01    -5.618947100                
    0.9461221553         3.075097117         5.828749952                
    -4173.110720        -15094.88724         11170.33142                
O              158                                                      
    -8.145990836         9.914578279        -1.372604813                
     1.754846800       -0.6674019272E-01     1.626068159                
    -5560.252704         8162.466915         4083.525765                
O              159                                                      
    -7.942209264       -0.1047105360        -1.290076142                
     4.330690832         1.184976098        -2.235132610                
     6205.053587         4178.871710        -7453.117669                
O              160                                                      
     1.995967716         10.07835475        -5.549756322                
    -1.487091746         1.584568054         6.438647878                
    -3589.745013         11396.91414         11647.56208                
O              161                                                      
     2.148576613         2.560782915        -5.835903569                
     1.274936738       -0.7765873390        -10.03715467                
     2735.150626        -10657.60370        -18876.13814                
O              162                                                      
    -8.296051283         7.405955799        -1.006087350                
   -0.1644529957       -0.9938287318E-01   -0.8887422548                
     6327.734332         5358.283234        -4256.412647                
O              163                                                      
    -8.027381566         2.436339983        -1.110373398                
    -2.092292597       -0.1531266762        -3.013901329                
     738.5139213         331.0376145        -10647.54486                
O              164                                                      
     1.763404977         7.596187620        -5.633033023                
    -6.224270405        -4.713977588        -6.188465613                
     8821.993716         6478.019437        -1415.651468                
O              165                                                      
     6.252345487        -2.372625830        -5.600046106                
    0.3512576755        0.6414702842         1.691797743                
    -1556.931850        -28967.71806         421.4468929                
O              166                                                      
    -3.745415662        -7.748112336        -1.320606596                
     2.592178927        -2.310007811         2.435678033                
    -7125.918147        -6808.553764         7655.012895                
O              167                                                      
    -3.813613827        -2.741437052        -1.524740391                
    -4.199982657        -2.012884714         1.572259626                
    -1719.933970         8072.185093        -8798.441292                
O              168                                                      
     6.220448288        -7.580704237        -5.387584335                
    -6.452960577         3.869887676        0.4584542017                
     4974.294608         14941.25592        -13853.02631                
O              169                                                      
     6.349146193        0.5347162396E-01    -5.701952452                
    0.7102938904        -2.599099471         2.782319333                
     12408.97154        -6314.129914         9965.736898                
O              170                                                      
    -3.887921620         9.816605907        -1.237438175                
     5.617619554        -2.854416366         2.594114818                
    -9935.382685        -442.9110712         7569.096444                
O              171                                                      
    -3.891670219       -0.2503701815        -1.376302302                
     4.637625366        -6.980797032         4.149093750                
    -835.0037342         15259.56506         11191.11222                
O              172                                                      
     6.173260183         10.06229476        -5.495060016                
     4.124187593        -2.563944721        -1.094500947                
     566.5142744         7372.238581        -10966.86036                
O              173                                                      
     6.235545980         2.599799035        -5.801944484                
     4.654899963       -0.4108958144         2.050176983                
     9820.955271         3383.448415         4317.594337                
O              174                                                      
    -3.991072233         7.269529873        -1.009826870                
     2.220209731        -1.935416058         7.352257269                
    -9024.182048         10727.26021         13315.02900                
O              175                                                      
    -3.768901578         2.267791009        -1.389520353                
    -4.035128405        -7.477607815         8.235323078                
    -3529.694058        -10064.64046         15954.48074                
O              176                                                      
     6.262886969         7.674307472        -5.645288573                
    -5.406291632         3.501851798        -2.030104507                
    -3893.592157        -9942.993521         634.0916270                
O              177                                                      
    -9.834751742        -1.118630191        -2.720275468                
    -1.357002522        -4.683448854         1.778285333                
    -4313.634562        -1423.768603         4668.728816                
O              178                                                      
    0.1030560065        -8.990209152        -4.265565142                
    -2.795158577         1.287213803        -2.607284698                
    -1887.300970         13773.69749        -216.6265496                
O              179                                                      
    0.2873232673        -1.156292318        -4.222670514                
     2.087271753        -9.829206931         1.250032241                
    -4994.401781        -9879.575714         3874.035860                
O              180                                                      
    -10.09970221        -8.986462025        -2.540555340                
     2.771981260        -1.298684043        -3.783686848                
    -8668.082268         4791.950027        -4263.795522                
O              181                                                      
    -10.04046353         2.918282579        -2.769235219                
     2.408467575       -0.6454158860         2.478348031                
     30174.10013         14353.80338         4096.511381                
O              182                                                      
   -0.5452760202E-01     7.004620487        -4.009769368                
   -0.5952994888        -3.869037311         3.859632140                
     14947.92200        -1961.615140         723.4944966                
O              183                                                      
    0.1057120331         2.984704968        -4.457780357                
    -5.343147981         11.32143853        0.1161090184                
     14512.63789         9915.473581        -3795.612450                
O              184                                                      
    -10.12212803         6.942760869        -2.630873845                
    -1.056926930        -3.937102816         2.467466132                
    -597.2254171        -6842.879820         5875.049230                
O              185                                                      
     1.610839120         5.089857942        -4.716167617                
    -2.025254911         3.738614800        0.3250372351                
    -9951.161725        -7384.396958        -475.5342817                
O              186                                                      
    -8.564823489         4.925410664        -2.077872359                
    -2.611510575        -2.227818444         1.812926015                
    -6212.989965        -3410.884140        -4220.892313                
O              187                                                      
     6.352456039         5.138282567        -4.753039858                
    -1.252016131        -3.055788291         5.366719466                
     14518.94159        -4808.985270         8639.861951                
O              188                                                      
    -3.634046429         4.869847226        -2.259273097                
    -2.732792665         6.102614394         3.284343607                
     2427.131812        -3231.095106         4183.166175                
O              189                                                      
     6.102829265        -5.018083343        -6.343416227                
    -1.149037177         5.416039332        0.2532748335E-01            
    -6268.284154         14265.48517         3827.406307                
O              190                                                      
    -4.099360409        -5.209624726       -0.4669924341                
     1.567996307        -3.878216477       -0.4699395102                
    -11593.54847        -8799.569331        -6649.546376                
O              191                                                      
     2.230474317        -5.065326840        -6.493678795                
     2.436666123         4.160750459         5.285719619                
     235.7168995         2768.316466        -3159.109666                
O              192                                                      
    -7.807906983        -5.181105692       -0.6076130681                
    -2.440078447        -4.093096150         1.450156036                
     6677.533675         419.4490072         8276.939272                
O              193                                                      
     7.622906463         1.083128007         3.143899022                
     5.246023712        -3.279332910         5.427990758                
     6411.056766         1926.706285        -1608.349347                
O              194                                                      
    -2.550294738         8.844818066         3.355438347                
   -0.7675840128         3.276435214        -3.523868372                
    -6750.505601         7972.489634         14596.28536                
O              195                                                      
    -2.400515463         1.023890060         3.381510660                
    -6.059645652        -4.000413374         2.468054997                
     10524.27430         6368.097537        -1434.230806                
O              196                                                      
     7.558495354         9.002092170         3.439719991                
    -5.473093651         2.328416610         2.541137692                
    -6525.571521        -11225.58328        -3323.178704                
O              197                                                      
     6.287546840         1.128975234         5.491883139                
   -0.5333632058         2.461410603         6.164661778                
    -6452.126979         5856.868014        -1980.115792                
O              198                                                      
    -4.150801312         8.877329102         1.236685459                
     4.106368806         6.236731796        -4.016629564                
    -1516.529304        -9128.921225        -14302.67973                
O              199                                                      
    -3.800900271        0.9801828017         1.040530216                
    -2.392512127         2.921050217        -2.920187166                
     13071.10326         11292.09858        -32464.05423                
O              200                                                      
     6.059868730         9.102482727         5.643603885                
    -1.020965149        -3.045087272         2.809413228                
    -3403.236761        -9508.860082         15361.23825                
O              201                                                      
     6.072497614        -1.362092979        0.2040857361                
     3.625277763         7.105209939        -6.211637604                
    -8004.319104         2487.270028         2116.029773                
O              202                                                      
    -4.154957061        -8.866699400         6.337085130                
    -3.537852878         2.821297826         3.275197536                
     3249.592172        -962.9637591        -2054.717050                
O              203                                                      
    -3.930577041        -1.279098772         6.296475976                
     1.260978977         2.116247632        -4.481054836                
     12601.17780         9615.660792         2764.651432                
O              204                                                      
     6.002742449        -8.876373202        0.4887042409                
    0.6493210503        -4.823577437       -0.3038606577                
    -11124.13122        -14078.17237        -8617.649196                
O              205                                                      
     2.193101562        0.9591617911         5.569626332                
     6.180357925         2.044474865        0.9716387626                
    -1434.045974         6944.421050         5194.331667                
O              206                                                      
    -8.152573918         9.037920021         1.132615339                
    -6.401379838        -2.794397732        0.5026367535                
    -2567.463069         6644.159084         1617.352431                
O              207                                                      
    -8.006550540        0.8912561969         1.035434364                
    0.7406638820         4.087769507        -4.441131698                
     3564.739704         4007.913004         2084.380306                
O              208                                                      
     1.890494388         9.079329745         5.742518066                
    -1.340291621         1.974539828        -5.151378006                
     6067.765858        -591.8941507        -3291.071629                
O              209                                                      
     2.500795826         1.162592349         3.016150538                
    0.6849930901         1.286675883       -0.4629148433E-01            
     4147.773338        -7341.314133        -1371.861388                
O              210                                                      
    -7.724297539         9.085127568         3.712140168                
    -1.878911245       -0.2991911441         7.085578837                
     816.5162952        -3791.610551        -6592.187593                
O              211                                                      
    -7.508825140        0.9369201373         3.516306880                
     2.142112786        -1.878850080        0.9380032068E-01            
     5669.312592         13708.15595         2723.338740                
O              212                                                      
     2.441000004         8.887580744         3.236178125                
    -4.389081478       -0.4790553696         3.188659999                
     5890.912175        -3558.579838        -15319.42952                
O              213                                                      
     5.073390405         1.190900531         3.066436857                
     1.411273143       -0.4425900124         1.537934305                
     4167.813585        -8082.782116         9858.801900                
O              214                                                      
    -5.161403441         8.952564334         3.649222662                
     3.554574274       -0.9274118673        -8.038649103                
    -891.6652181        -1219.063721         7973.594736                
O              215                                                      
    -4.900720122         1.132368906         3.355491661                
     5.365301763       -0.8415059897        -9.055290376                
     2631.379725         1978.483874        -6003.392913                
O              216                                                      
     4.904977544         8.952146867         3.308203932                
    -2.334855904         2.905576918         8.900799078                
     22063.97657         4863.026709         1267.884093                
O              217                                                      
     7.545570186        -2.996638062         3.099727474                
     2.167293551        0.8587696150         6.958371752                
    -13816.06220         8760.100760         21420.85900                
O              218                                                      
    -2.711609276        -7.005486132         3.268732125                
    -2.308262543       -0.4451753777        -6.661581751                
     8837.677421        -11741.21582         9396.899580                
O              219                                                      
    -2.621136604        -3.105415809         3.267575840                
   -0.3175677349         8.270240361        -2.188377452                
     5044.148464         3289.258257         12151.71263                
O              220                                                      
     7.477315500        -7.127452479         3.440600586                
     3.914298383       -0.4106180022        -2.596679636                
     6797.578711         8715.562115         4942.300938                
O              221                                                      
     6.264337784        -2.982471506         5.542404765                
    -2.187625631       -0.7587059355         3.828168501                
    -980.4497142         3195.007882        -16662.37291                
O              222                                                      
    -4.244355050        -7.136027029         1.221233795                
    -4.783391410       -0.1447729293       -0.1961402133                
     7189.985524        -5022.301173        -3042.518695                
O              223                                                      
    -3.925501898        -3.189963119         1.028171646                
    0.9629580188         6.144094227        0.4112915867                
     860.7505769         12482.49947         10166.33311                
O              224                                                      
     6.054910246        -6.980103599         5.648125936                
    -6.293258249         4.358925506       -0.6028488193                
     3744.209505        -11443.71062        -6312.666480                
O              225                                                      
     6.129889509         3.192408610        0.1322484099                
     2.579561305         5.180708218        -1.786176635                
    -16904.74914         12835.61923         3050.744724                
O              226                                                      
    -4.198555362         6.699048704         6.606463292                
    0.4939768286         4.158023178        -1.089061311                
    -4800.526570         859.5382652         7600.947331                
O              227                                                      
    -4.110705726         3.340223369         6.367570484                
     5.217274379        -1.345301794        -1.810096589                
     371.2740966         7964.584047         8596.348459                
O              228                                                      
     6.078335897         6.618151740        0.4195939887                
     5.965823431         7.634838877       -0.2670831297                
     8373.969195         3964.119029        -1903.825039                
O              229                                                      
     2.007310745        -2.921026050         5.612977455                
     2.508449367        -2.906453706        0.6984575497                
     503.5842424        -16228.84400         5214.113459                
O              230                                                      
    -8.164589306        -7.037216463         1.143158894                
    0.8157322474        -1.608351241        -4.607206374                
     3254.385132         2480.552704        -13897.85530                
O              231                                                      
    -8.149638280        -3.291940216         1.066604678                
    -1.411496238         4.048183662        -7.575191941                
    -808.8849232         10697.79030         1593.445376                
O              232                                                      
     2.045738439        -7.164142589         5.550422520                
     1.332516384        -2.618426674        -1.941286774                
    -5154.657178         10707.02462        -1245.693552                
O              233                                                      
     2.511314748        -3.136689006         3.113220799                
   -0.7204485922        -6.241729054         1.387378502                
    -12096.95882         6295.200283         15281.98170                
O              234                                                      
    -7.757841784        -6.960429620         3.661487928                
     1.588781350        -5.003553149        -2.193007964                
    -2273.110653         1589.860772         3082.520497                
O              235                                                      
    -7.732769605        -3.189203879         3.592595496                
     2.259393989        0.6652079853        -4.412887766                
     16206.25446        -3877.523020        -8848.940906                
O              236                                                      
     2.420487286        -6.979318454         3.036219909                
    -1.061351427         1.111835548        -4.855312187                
    -8767.973625        -2958.352629         12240.09961                
O              237                                                      
     5.046614471        -3.080830958         3.305220001                
     5.428141048        0.5549674140        -2.515240713                
    -8139.891228         6462.203577        -4422.492428                
O              238                                                      
    -5.263357746        -7.156231447         3.579934486                
     1.537416626         1.597303689        0.2306669845                
    -2685.094848        -3526.053985         7744.614081                
O              239                                                      
    -5.170238142        -3.134583356         3.251861134                
     5.031679031        -4.367482719        -1.927959139                
    -3144.401375         3123.168512         10459.53420                
O              240                                                      
     4.985794166        -7.012309169         3.284745297                
     2.522366910         3.316246994         2.817901610                
    -8520.907793        -3696.517571        -505.8892428                
O              241                                                      
     6.305954712       -0.8358444249         3.987317149                
    0.2131203359         4.564478906        -9.920458312                
    -5110.129344        -23438.95671        -4964.729486                
O              242                                                      
    -3.979947882        -9.246038598         2.660051718                
    -3.754248183        -1.052766891         3.339656110                
     9284.901753         9809.879939         10074.12661                
O              243                                                      
    -3.852026055       -0.9448829585         2.430859435                
     4.227265704       -0.7831428175         4.959481159                
     5200.693061        -31272.28050         10834.05515                
O              244                                                      
     6.197385310        -9.166436676         4.139562123                
     4.506300483        -3.659541999        -1.582139085                
    -7923.669153         15687.66561         1770.124979                
O              245                                                      
     1.516197508       -0.9509056999         4.085613525                
    -3.340971375        -4.709993251         4.259864537                
     1630.134258        -8681.002324        -7284.290038                
O              246                                                      
    -8.632863148        -9.086827239         2.586135238                
    0.8887524547         1.102800308         3.399879621                
    -2463.165826         16492.25420        -1541.730921                
O              247                                                      
    -8.571247077        -1.107096859         2.523985383                
     2.351161943         2.795811454        0.1442301514                
    -9806.717700        -1675.797280        -6613.896943                
O              248                                                      
     1.437300319        -9.176572959         4.008456890                
     3.625146756         4.240410994        -7.671932231                
    -219.7494294         12713.89823         7920.421980                
O              249                                                      
     8.397104872         2.421072351         1.133095426                
     4.602462927         5.244925157        -3.872878396                
    -684.2224698        -6443.508679         9184.372831                
O              250                                                      
    -2.105286577         7.554306969         5.587347222                
   -0.9665272535         3.115873756       -0.3777525153                
     15203.02256         15480.42347        -7670.906429                
O              251                                                      
    -1.870693346         2.571897619         5.410926182                
     7.702172420         4.193046855         2.045550420                
     11421.25411         7497.551989        -2497.196954                
O              252                                                      
     8.335245675         7.467271777         1.486755691                
    -4.172850556         5.352234295        -4.900869647                
    -13511.46503        -16558.89900        -7464.002501                
O              253                                                      
     8.214490363       -0.1454145290         1.010804542                
     4.808858799         3.410241617        -3.081263808                
    -2660.175503         1041.235512         10542.04066                
O              254                                                      
    -2.009786011        -10.07697882         5.503389012                
    -5.987348618         1.568942050        -6.622706563                
    -3278.918900        -6003.799482        -3184.746680                
O              255                                                      
    -1.787154862        0.7569783772E-01     5.549814783                
    -5.859641737        -6.109142257        -7.407184020                
    -1030.815992        -16020.22406         12419.14517                
O              256                                                      
     8.134401589         9.969021849         1.287041900                
   -0.7018015996         4.149328300         1.801833296                
     2309.270033        -13569.36048        -2046.171278                
O              257                                                      
     8.217395627        -2.720798671        0.8436583568                
    -7.889307653        0.7320379486        -3.958490197                
    -5748.400564         6242.783410        -4736.852964                
O              258                                                      
    -2.066525174        -7.568033712         5.543507653                
    -4.872291989        -1.553972075        -4.362986955                
     1894.378713        -8556.955175         5325.453158                
O              259                                                      
    -1.937687532        -2.549215527         5.570765559                
     2.188248765        -1.770415577        0.8897073832                
     11252.24030         4692.865328         4979.451420                
O              260                                                      
     8.096787775        -7.747511535         1.253972102                
    -3.724072467         4.178254421        -6.922939887                
     3781.375368         11360.36853        -12973.21151                
O              261                                                      
     3.933428149         2.438554880         1.219535266                
     3.756243234         5.381551805        -10.98777266                
    -2510.896233         8455.655535        -6822.060106                
O              262                                                      
    -6.415672296         7.590828607         5.505014032                
     1.356224817         4.336819945        -2.673485645                
     14635.95749         2478.250301         7733.257877                
O              263                                                      
    -6.128136512         2.473033161         5.237269493                
     1.072844554        -2.032154634        -5.520384232                
    -7768.882374         7794.856085        -4009.882404                
O              264                                                      
     3.941304180         7.601242248         1.305247566                
     1.768475250         1.603745524        -6.887290937                
    -3969.637644        -4904.434450         3383.933080                
O              265                                                      
     3.949597234       -0.6218420669E-01     1.219318328                
    -2.757944330        0.3566786474        -2.254632160                
     6951.758984        -8435.713407        -6515.171174                
O              266                                                      
    -6.366749862        -9.975705949         5.530964029                
    0.4234914951        -2.968737948        0.4230356703                
     17549.09324         1800.605881         12773.30099                
O              267                                                      
    -5.946570445        0.5592465833E-01     5.315858965                
    -1.109590981         1.044435409         2.582755783                
     8890.442660        -23403.48572         12039.18412                
O              268                                                      
     3.853676661         10.06780611         1.259228632                
     3.543901655         2.065545667         3.828490647                
     8022.092658         2118.474739        -2276.282695                
O              269                                                      
     4.013651260        -2.570028600         1.126690777                
     6.600134197         1.420190029         4.397681857                
     2002.983527         7869.687198        -7099.263067                
O              270                                                      
    -6.322573083        -7.474411952         5.861713658                
    -7.598634775       -0.8946541100        0.8422550418                
     4651.563780        -6377.664957        -18260.43025                
O              271                                                      
    -6.037258230        -2.522488134         5.527382697                
   -0.3704336784         4.857950067         1.271457924                
     4770.005390         1418.994487        -15760.66349                
O              272                                                      
     3.953962930        -7.547872515         1.067089684                
     2.335561601       -0.9199084637       -0.7447854815                
    -1268.982322        -3164.514138         2128.035745                
O              273                                                      
    0.9181274640E-01     1.140166638         4.193359412                
     7.150559547        -3.665404485        -1.826180042                
    -3557.722199         6726.727666         1711.151286                
O              274                                                      
     10.13414028         8.954289270         2.652023575                
   -0.9432240411        -1.030982320         3.086243622                
     9276.604247         13267.18722        -5022.952946                
O              275                                                      
    -10.09307092        0.9293865033         2.422539994                
     6.119448750        -1.315593945         4.324779387                
    -15052.70532        -1850.414223         2174.797501                
O              276                                                      
   -0.7979163420E-01     9.011584652         4.326965532                
    -1.616306375       -0.3560868733        0.9984287352                
    -23469.32003        -12931.82438        -834.6835695                
O              277                                                      
   -0.8643530254E-02    -3.082866433         4.065775901                
    -1.230637153         1.134598265        0.5928856042                
     4839.189474        -3486.949213         6389.889818                
O              278                                                      
     10.05021275        -7.174248669         2.673193317                
     2.994314696        0.7948430364       -0.9156338913                
     5486.144096         14280.45059        -3923.431132                
O              279                                                      
     10.10496874        -3.208857420         2.446160688                
     5.127356072         2.683933169         7.339661738                
     13218.12638         8548.559819         231.2804607                
O              280                                                      
   -0.1171805820        -7.154995091         4.071545121                
     1.136547147         1.999344810        -6.999387877                
     16743.89911         4222.492965        -955.9765173                
O              281                                                      
     8.487890872        -5.185713874         2.136226034                
     3.004183318        -3.283624090         3.656503764                
     6024.944556         10725.80266        -6358.249387                
O              282                                                      
    -1.599437494        -5.125825301         4.508781787                
     9.905003492        -4.260255206         3.103806770                
     11368.82799         21857.10336         4522.609130                
O              283                                                      
     3.796218598        -5.033720996         2.153600550                
    0.5463864441        0.6039492397        0.8146554367                
     1392.153265        -22483.08188        -5169.087193                
O              284                                                      
    -6.328191335        -5.090275935         4.671592200                
     3.512346535         5.169880572         1.461574424                
     561.4697990         12465.03880        -15188.78877                
O              285                                                      
     4.237439472         5.011676422        0.4490175355                
    -1.412202700        -5.228051399        -3.767037391                
     3805.362555        -4438.370741        -9550.865320                
O              286                                                      
    -5.962236571         5.014020978         6.185327967                
    -2.688569330         3.022731266         5.972491704                
    -2492.675105        -2630.182633         15576.27754                
O              287                                                      
     7.911488937         4.913415481        0.3496931785                
     2.376894876        0.3273408263         4.321222065                
    -925.1337285         23936.94171        -1614.070379                
O              288                                                      
    -2.289377377         5.059466526         6.562777122                
     3.702948250         2.943943952         5.952118036                
    -2173.147010        -11606.64634         805.1514378                
C              289                                                      
   -0.8583666057E-01     6.637678446         1.966757674                
    -5.385371010       -0.5075339262         2.605346716                
     59.56063238        -7.323718476         58.56649359                
C              290                                                      
    0.9658413702         5.751552477         2.228803180                
    -4.490856605        0.4431470160         2.230152047                
     29.26697520         62.69966287         12.54403516                
C              291                                                      
    0.8034560454         4.381887937         1.988698930                
    -2.396906940        0.6421335262       -0.3211208399                
     6.306016765        -36.74215187         18.59684016                
C              292                                                      
   -0.4106073091         3.898349364         1.486549174                
    -1.197471678       -0.1095609048        -2.497199059                
    -49.23758225        -105.1411417         66.29978419                
C              293                                                      
    -1.462285340         4.784475334         1.224503669                
    -2.091986084        -1.060241848        -2.122004388                
    -38.59897067        -87.34947070        -25.35956208                
C              294                                                      
    -1.299900016         6.154139874         1.464607919                
    -4.185935749        -1.259228358        0.4292684983                
     30.48595101        -38.72131197         21.10162103                
H              295                                                      
    0.3943201836E-01     7.694276807         2.151980953                
    -7.000703611       -0.6610378060         4.573471516                
    -102.9394662        -227.7290422        -522.6601761                
H              296                                                      
     1.902423218         6.124564627         2.616182152                
    -5.416137751         1.023039619         3.908855813                
     41.15015063        -26.48080207        -4.296564040                
H              297                                                      
     1.614769216         3.698301725         2.190854623                
    -1.706855485         1.375530010       -0.6105418737                
     85.95672152        -73.09577584         15.47716855                
H              298                                                      
   -0.5358759880         2.841751004         1.301325896                
    0.4178609219        0.4394297480E-01    -4.465323858                
     37.84375466        -72.56495145         59.04895067                
H              299                                                      
    -2.398867188         4.411463183        0.8371246968                
    -1.166704936        -1.640134450        -3.800708156                
    -95.94797366         35.75083865        -35.12417371                
H              300                                                      
    -2.111213186         6.837726084         1.262452225                
    -4.875987201        -1.992624841        0.7186895288                
    -86.97364975         146.9102541         8.164933606                
