Diffusion in Zeolites. ZSM5 (Silicate) Crystal Structure, Si(96)O(192) +
         2         2       300    133340   1.0000000E-03   1.3334000E+02
       20.3183600000        0.0000000000        0.0000000000            
        0.0000000000       20.1714600000        0.0000000000            
        0.0000000000        0.0000000000       13.5858629500            
Si               1                                                      
     1.568348306        -1.227245118        -4.754485981                
    -6.781686089        -1.576635732       -0.5030600070E-01            
     4039.363020         5716.566992         7589.997049                
Si               2                                                      
    -8.530067873        -8.891196043        -2.397163655                
     1.786679404       -0.6194792642        -5.177066136                
    -5520.271670        -9783.382987        -9451.239177                
Si               3                                                      
    -8.680348558        -1.274840032        -2.263317217                
    -3.542229990       -0.2189197289         2.935340765                
     20503.41638         11122.99953         6205.979037                
Si               4                                                      
     1.653676926        -8.961798708        -4.821317091                
   -0.5758554298E-01   -0.5434934320E-01     1.062747047                
     4549.342589        -31138.48621         2651.539668                
Si               5                                                      
     3.704687896       -0.6210747979        -2.637471082                
     1.251606087         2.436437865        -2.961124379                
     28652.05496         15397.61750         5849.527139                
Si               6                                                      
    -6.186852332        -9.562657681        -4.339022642                
    -2.048584339       -0.1347727129       -0.3037892551E-03            
    -10874.64699        -22717.50213         9076.126334                
Si               7                                                      
    -6.288771917       -0.7572765339        -4.215279554                
    0.5427900319        0.6352808733        -7.133571914                
    -9234.705580        -3933.749070        -2181.761424                
Si               8                                                      
     3.945742456        -9.509266390        -2.748138359                
   -0.9691114198         4.761395135         6.294680275                
     4525.926840         18826.19820        -4594.244103                
Si               9                                                      
     5.610494885         1.268965673        -6.419045397                
    -1.469153593        0.1284325324         2.119612361                
     1577.903793        -5641.771409        -21593.43308                
Si              10                                                      
    -4.366892009         8.803017824       -0.5049584979                
     1.925930711         4.669933965         6.091152598                
    -18233.30359        -6754.908034         25517.54204                
Si              11                                                      
    -4.503260154         1.148869190       -0.3466526871                
    -5.921556284        -5.916888028        0.2620534106                
    -6563.845507        -18059.36618        -19986.50766                
Si              12                                                      
     5.751442040         8.708185585        -6.599007323                
     2.737494784         2.143041743         2.619115502                
    -3577.687672         15183.61546        -6626.296687                
Si              13                                                      
     2.460686450         1.237562497        -6.547937095                
    0.6426699160        -3.174407744       -0.1683470279                
     11744.61947        -8593.504545         3557.381705                
Si              14                                                      
    -7.615090164         8.911470175       -0.4533758327                
    -1.826571528         2.023816597       -0.3456874470                
    -4838.064914        -9912.622636         1538.148748                
Si              15                                                      
    -7.671048275         1.171780952       -0.3867696300                
     2.076827296       -0.6490399467         2.414082038                
    -13392.85637        -5304.901792        -12443.52780                
Si              16                                                      
     2.553618579         8.775107333        -6.684576661                
   -0.7002034417         1.333566792       -0.9460867867                
     12948.04218        -4787.164077         1686.070131                
Si              17                                                      
     8.631057657       -0.5141229505        -2.664868103                
   -0.8547951278        -1.708423345        -3.963601738                
    -11025.52782         12924.88243         20005.26457                
Si              18                                                      
    -1.428384420        -9.565739711        -4.474136010                
    0.2701348037       -0.9425996211        0.1948443448E-01            
     27396.98536        -15784.95227        -9149.615594                
Si              19                                                      
    -1.471642932       -0.6987127174        -4.209492244                
     1.482233608         1.920558399         6.398681923                
     1563.438229        -6415.189770        -3708.451958                
Si              20                                                      
     8.753758098        -9.552327988        -2.705945295                
    -2.510275338        0.3221683621         4.245533297                
     1687.097358         9264.455997         11547.06975                
Si              21                                                      
     6.211540885        -1.156526059        -4.539691636                
     2.136887516         1.401629556         1.574046299                
     6541.780945        -14144.07750         11414.60125                
Si              22                                                      
    -3.690142130        -8.998387181        -2.480903024                
    -1.742007314       -0.6002807856         2.896528112                
    -7920.974165         11251.60785         15836.05087                
Si              23                                                      
    -3.850419163        -1.315676519        -2.240232750                
    0.9248974732        0.6145734642        -3.439469422                
     10777.52337         4090.712047        -14482.55020                
Si              24                                                      
     6.481434874        -9.025835681        -4.722333572                
    -6.565411670        0.5332025600         1.671017160                
    -20455.75566         2578.986317         12993.99088                
Si              25                                                      
     1.455064601         3.457041721        -4.548556711                
   -0.1279880738         4.130285736        -3.632810952                
     33642.40201        -16054.90257         13560.44151                
Si              26                                                      
    -8.615602325         6.593729969        -2.392117101                
   -0.6415679448       -0.1151510882       -0.1935232185                
     7629.050042         1797.057590         2592.180853                
Si              27                                                      
    -8.581912415         3.505640329        -2.331622988                
     4.406516864         1.225849534         2.613000050                
     36048.44853        -21537.13011         26731.76018                
Si              28                                                      
     1.575584008         6.584336508        -4.623268314                
     2.011192120         1.957041254        -2.507706288                
    -1152.386198         8588.469190        -670.8890306                
Si              29                                                      
     3.810384742         2.550993148        -2.596223513                
   -0.9315032891E-01    0.9887952851        -2.890602865                
    -6392.995694         2392.524298        -15255.03698                
Si              30                                                      
    -6.257207391         7.424150473        -4.252366940                
    -1.439123999        -7.319966216         3.026049022                
     13507.12846         4374.462825        -45641.04131                
Si              31                                                      
    -6.245705936         2.465823803        -4.214346202                
     1.275776550        -3.285297935        -2.953298490                
    -5295.568805        -10706.75352         7596.476120                
Si              32                                                      
     3.961961546         7.508623561        -2.798587555                
    -1.202213140       -0.6151400834        -2.106603493                
    -17232.45212         2888.163468         13394.00618                
Si              33                                                      
     5.729330512        -3.587699980        -6.427817089                
    0.2928524902       -0.4181340268         2.759753088                
     14667.53131        -3066.890392        -5912.134351                
Si              34                                                      
    -4.491747234        -6.715721441       -0.4703027737                
   -0.9734666505         3.894898197        -5.511154640                
     8930.720773         7700.044711        -1747.229169                
Si              35                                                      
    -4.612574752        -3.598999235       -0.3730120919                
    -4.610171069        -4.300126964        -1.490892454                
    -6446.863493        -3263.848055         11926.60006                
Si              36                                                      
     5.722160947        -6.677053133        -6.604487108                
   -0.4358178562         1.835374887        -4.690044959                
     4897.780727         1452.229640         1157.568771                
Si              37                                                      
     2.582826450        -3.557385698        -6.569356156                
    -1.918992058        0.7497559815        0.7628819990                
    -15903.48028         1226.181988        -13848.72489                
Si              38                                                      
    -7.665808854        -6.733043243       -0.3813916823                
    -1.425334785        0.6636363980        -1.595485581                
    -2874.657572         23094.83414         2760.247137                
Si              39                                                      
    -7.757638064        -3.571162079       -0.4032616985                
    -2.452878018         2.523087904        0.9328210933                
     10176.98332        -13292.75996         11807.00703                
Si              40                                                      
     2.607181996        -6.640352171        -6.586171372                
    -2.909336836         4.006547675         3.739892988                
    -2618.723584        -23798.46986        -11553.90966                
Si              41                                                      
     8.783166752         2.690933818        -2.544513222                
    -1.316359600         4.473445682         4.649762781                
    -48687.65823        -14588.51800        -3275.552935                
Si              42                                                      
    -1.419720429         7.431717303        -4.242622183                
   -0.4950719889       -0.3134417638         3.415796500                
    -2544.900276         8489.831782        -26471.96987                
Si              43                                                      
    -1.458706768         2.474708722        -4.246898193                
    0.6678403043        0.9187192700        -3.296286116                
     4471.183683        -10211.03406         14475.44621                
Si              44                                                      
     8.757653032         7.465119981        -2.743136852                
   -0.2751377443        -7.990912724         2.976186463                
    -10144.80143         3033.801840         1608.610810                
Si              45                                                      
     6.327056902         3.485035970        -4.394958044                
    -2.973828722        -2.345060245         1.512379088                
    -13930.03683        -26363.88734         18024.47542                
Si              46                                                      
    -3.815347113         6.437545061        -2.497453420                
   -0.8700255439        -4.255110390         2.370936319                
    -1868.761528        -1718.216221         7233.179509                
Si              47                                                      
    -3.796095285         3.311919472        -2.337253882                
     2.527191071        -2.376102996       -0.3314406609                
     17623.60623        -11936.77707        -9447.404642                
Si              48                                                      
     6.388134078         6.538957549        -4.602626303                
    -1.254211736         4.497824760        -2.665912180                
     8405.251028         24269.33713         1943.495055                
Si              49                                                      
     8.525976467         1.240315478         2.190711997                
     2.752778890         3.144943787        0.2833151657                
    -18522.75877         709.9950875         8687.199149                
Si              50                                                      
    -1.517232123         8.642459100         4.417476677                
    0.4597695479        -2.015684684        0.2614362903                
    -5390.778011         4324.012477        -10910.75505                
Si              51                                                      
    -1.649543628         1.137410823         4.639743674                
    -1.213872201        -3.930979380         7.347809372                
     4410.385620        -31964.57567        -12075.89033                
Si              52                                                      
     8.604483594         8.919447461         2.098823007                
    -3.646163568         4.634316180        0.4757479859                
    -3867.120436         1984.133106        -21329.22235                
Si              53                                                      
     6.210355381        0.6031755687         4.161699337                
    0.8177326277        -1.438148752        0.8697374543                
     5663.113338        -10650.17757         18600.00448                
Si              54                                                      
    -3.961040004         9.421557563         2.531126861                
     1.876200583         1.985112984        -1.788957497                
     23776.96652         12179.02114         2863.826823                
Si              55                                                      
    -3.927785073        0.6115845967         2.626278164                
    -1.123194859        0.1103746825       -0.7775525599                
     1249.004058        -22714.98234         7456.872076                
Si              56                                                      
     6.240530042         9.500713631         4.018098899                
    -1.882269534         7.305787092        -1.798346432                
     3767.660577         2507.358186         5632.721803                
Si              57                                                      
     4.385807179        -1.178883225        0.2924522380                
    0.8939444911        -2.957338220        0.2008256215                
     8862.708396        -23867.80181         15007.02347                
Si              58                                                      
    -5.683554855        -8.948180807         6.261151720                
    0.2883780070         2.805887648       -0.2698546737                
     498.7603509        -19111.24695        -5408.073223                
Si              59                                                      
    -5.786368935        -1.348800211         6.287482919                
     1.073041902        -2.984254124        -3.126959864                
    -3075.587771         7299.605198         17804.17931                
Si              60                                                      
     4.683587903        -8.769714124        0.2237800106                
   -0.2074888399E-01    -4.444064958         2.216807650                
    -13275.28520         9378.857193        -434.4162388                
Si              61                                                      
     7.550241286        -1.142481045        0.2971848359                
     1.087131922        -2.433634549         1.838187417                
    -12344.53815        -6407.717042         3877.947513                
Si              62                                                      
    -2.470642584        -9.019740640         6.207777144                
    -1.515583029         7.136138090       -0.5124668304                
    -11926.39819        -16498.18345        -25718.71419                
Si              63                                                      
    -2.631298285        -1.306385564         6.495322084                
     1.522853215         2.852251430       -0.4746795391                
     20229.98163        -17556.81813        -10051.47369                
Si              64                                                      
     7.845635409        -8.792587750        0.2219214437                
     1.911951934        -4.723300755        -3.144660261                
    -10672.38405         7597.011934         8019.489154                
Si              65                                                      
     1.380404360        0.5585686606         4.146006070                
     1.198738161       -0.7930517873        -1.405775422                
    -8882.034391        -13865.05757         14049.16209                
Si              66                                                      
    -8.703983616         9.514475281         2.479098930                
   -0.3431585336         2.576412665         2.639235626                
    -6396.121360        -5549.031650        -16816.15294                
Si              67                                                      
    -8.839433894        0.6208207817         2.525419305                
    -1.875138249       -0.4389661782        -2.989787279                
     28752.21451        -12529.08372        -463.2424350                
Si              68                                                      
     1.480990419         9.455698488         4.016724655                
    -2.196269434         8.583663409        -1.112575984                
    -12698.69104        -2824.389463        -16320.61394                
Si              69                                                      
     3.730634397         1.165221366         2.307992114                
   -0.9210622635         1.947082454        -2.974767054                
     15021.07097        -898.8781300        -23032.05600                
Si              70                                                      
    -6.447733262         8.787926171         4.394833217                
    -2.269052180        0.8636004732E-01   -0.3923689902                
     16133.45792         12133.20468         14546.94728                
Si              71                                                      
    -6.444834121         1.134302196         4.458319269                
   -0.3100471033        -3.003773516       -0.4978690498                
    -3848.791961         16120.08311        -509.7749907                
Si              72                                                      
     3.835018972         8.937489215         2.091503428                
    -3.661964423        -2.005456925        -4.908883113                
     1303.354824         13594.77101        -25883.74333                
Si              73                                                      
     8.456151591        -3.446965558         2.270091487                
     2.276859593         4.485992800       -0.7227152687                
     9559.756184         2099.957877        -22185.34131                
Si              74                                                      
    -1.445256404        -6.699315005         4.364313637                
    -1.192665947       -0.8243873379         3.025216812                
     4089.554137         17705.40478        -14882.85711                
Si              75                                                      
    -1.579794831        -3.535941605         4.506722432                
     1.378732400        0.1481117418        -2.209224658                
    -21788.77249        -2609.109244        -9398.918564                
Si              76                                                      
     8.643848526        -6.507235779         2.164520676                
     3.687405769         5.739774042         2.937232194                
     15990.31750        -22396.77157        -5076.965993                
Si              77                                                      
     6.186865242        -2.593629528         4.189419503                
   -0.4775475554        -1.569372637       -0.2314661615                
     19728.21548        -2247.497332         19476.79009                
Si              78                                                      
    -3.785961615        -7.569017440         2.519025709                
    -4.223557828        0.2665858508         3.644504765                
     15550.65235         16764.79196        -24245.62503                
Si              79                                                      
    -4.069412935        -2.627163584         2.640265258                
   -0.9777272395        0.3493565753        0.3330978907                
     262.7528018         2633.689946         1996.336822                
Si              80                                                      
     6.357796436        -7.509028891         3.984110158                
    0.7887667548        -2.799448239        0.3673018672                
    -1631.331228         14028.43227         20294.48531                
Si              81                                                      
     4.420836089         3.478645614        0.3063653841                
    -1.773382462        -3.452158787        -1.165560191                
     3831.917447        -1617.921264         12802.81856                
Si              82                                                      
    -5.602418887         6.536951227         6.327860519                
    -1.342806253       -0.7339566091         1.009822723                
    -1493.362566         8278.618462         3802.302125                
Si              83                                                      
    -5.719586745         3.484672057         6.415859053                
     2.224046055        0.8697092684        -1.434944232                
    -1269.693075        -10500.69006        -3828.065223                
Si              84                                                      
     4.554284178         6.550417609        0.1764639011                
    -2.340273454       -0.8315807311E-01    -1.828508661                
     10735.19496         18105.92339        -26689.97186                
Si              85                                                      
     7.589376860         3.470495414        0.2647651124                
    -2.942029577        -2.395842734        -2.708704345                
    -684.9787651         21284.07551         5518.510359                
Si              86                                                      
    -2.386350504         6.432510411         6.468802023                
     4.407237040       -0.2417209905       -0.1265113009E-01            
    -11776.93625         1209.019760        -22682.14259                
Si              87                                                      
    -2.590627977         3.351647177         6.548535316                
    -3.575740063        -1.538433226        0.3979696768E-02            
     9681.253463         12149.54304        -13854.32398                
Si              88                                                      
     7.733072609         6.600579833        0.1173473991                
    -2.035696314        -2.344221699         2.148748389                
     26118.72514        -2728.332587        -2877.252246                
Si              89                                                      
     1.417253119        -2.604042566         4.203178075                
     3.142372606         2.922771507        0.9230348466E-01            
    -9903.167544         2188.032118        -14529.99814                
Si              90                                                      
    -8.718511404        -7.543448854         2.509837930                
     4.870771650         1.051061003       -0.8088412149                
    -1320.129500         22755.03392        -17269.39648                
Si              91                                                      
    -8.799014215        -2.597084561         2.447174272                
     3.428053945        -2.154980523        -1.582049518                
    -9189.200717         3010.242966        -16702.64950                
Si              92                                                      
     1.530145279        -7.566388987         4.186678385                
    -2.135231782        -2.134392553         1.916997694                
     5427.519536        -5335.693602        -2952.265763                
Si              93                                                      
     3.800895967        -3.444279620         2.294001207                
     3.826332300         3.189844241        -1.359798503                
    -13514.49593        -4839.931963        -9507.454595                
Si              94                                                      
    -6.250862113        -6.693347674         4.281390324                
     2.206941639         1.122450930        -2.625473993                
    -18584.83422         5316.727234         1787.478688                
Si              95                                                      
    -6.577790589        -3.615618247         4.344469592                
   -0.7814352079E-01    -3.094641310         7.547976059                
    -4142.088268         3242.725878        -12823.19152                
Si              96                                                      
     3.867396107        -6.599021278         2.289680453                
   -0.9846069548        -1.074181301         3.356803120                
     8818.855381        -6292.648672        -1130.933301                
O               97                                                      
     2.505670533        -1.012860115        -3.479661005                
     5.403839808        -3.898152327       -0.5691678508E-01            
    -21116.66191        -17229.60510        -9297.261474                
O               98                                                      
    -7.482285661        -9.020568453        -3.599018924                
     4.678010561         5.831968395       -0.3111077393                
     523.2304076        -2305.521686         7288.875333                
O               99                                                      
    -7.611590161        -1.199015710        -3.401791948                
    0.3463759400        -6.713242973         2.437950914                
     9137.029127         4895.985558        -20879.79313                
O              100                                                      
     2.650245621        -9.193536994        -3.621850415                
   -0.6438343679         1.667507028        0.8661231668                
     4826.036544         15409.85356         6686.020355                
O              101                                                      
     3.927974246        -1.070684469        -1.139236608                
     4.410703050         4.345514126        -1.825786390                
    -18843.51055         7692.498523        -30738.10628                
O              102                                                      
    -6.075105352        -9.206437969        -5.830633481                
    -1.561599512         3.657836719        -1.053737483                
     3199.808864         13433.99128        -4404.509001                
O              103                                                      
    -6.159427187        -1.285264410        -5.754657636                
     3.616669515        -1.644206096         1.566010227                
    -5449.640138         14399.44809         13728.99948                
O              104                                                      
     4.143857022        -8.981359179        -1.254287651                
    -3.165179854        -1.308043978         1.374542733                
     2657.920492         1105.817592        -9163.110125                
O              105                                                      
     4.028496717         1.332019461        -6.587277508                
     1.013504315        -1.332676198         7.500566161                
     10020.46755        -3165.869879         989.1785095                
O              106                                                      
    -6.005419952         8.784728217       -0.3691295202                
    -4.672820630       -0.9757165664        -4.188926489                
    -1945.994691         11853.06813        -8674.714033                
O              107                                                      
    -6.097723505         1.074218810       -0.4172922219                
     2.981825733        -2.316359630        0.1324843297                
     2680.325561         17736.30578         12464.47023                
O              108                                                      
     4.170119463         8.739536406        -6.694416544                
     2.451886646        -8.252567751        -3.695709946                
    -11176.00069        -2181.525872         7056.724705                
O              109                                                      
     8.096496900       -0.9320273308        -1.159870884                
    -1.736875976        -1.211726348        -3.901681375                
     11073.26508         6509.931987        -14986.83220                
O              110                                                      
    -1.963700954        -9.195437569        -5.918161241                
    -1.451687425         1.343164233        -3.428582564                
    -2087.796410         9439.909548         8689.535105                
O              111                                                      
    -2.165836249        -1.104416078        -5.586138930                
     4.318472637         1.351881926         1.968390582                
     962.6880910         428.2437663        -7668.627980                
O              112                                                      
     8.301202298        -9.051075851        -1.236938328                
     5.741161677        -7.625565117        -5.986335005                
     10864.67020        -6384.062140        -18486.93066                
O              113                                                      
     7.577055745       -0.9600575113        -3.725131712                
    -7.512810496       -0.9509642291        -11.75679126                
    -5373.855600        -3106.459699        -3044.229573                
O              114                                                      
    -2.372528559        -9.115279675        -3.328940651                
    -2.638345080       -0.3666188931        -2.939730554                
    -10656.30590         6987.569139         3063.600319                
O              115                                                      
    -2.417132390        -1.169464040        -3.050816710                
     4.276826665         6.389341227         2.343781710                
    -21017.58885         1375.048702         9269.456451                
O              116                                                      
     7.732257883        -9.113215536        -3.802536711                
    -1.518049137        -5.031967796         2.051219769                
     7837.650854         1766.548877        -2333.894513                
O              117                                                      
     4.991843805        -1.039255849        -3.504263364                
    0.5193290472       -0.5231793781       -0.5066089461                
     2620.697738        -288.6982672        -6278.591961                
O              118                                                      
    -4.922181718        -9.243098543        -3.491091857                
   -0.2850734632         6.468151745       -0.5538444030                
     19848.24556         15816.09474         12799.56360                
O              119                                                      
    -5.048151164        -1.160761582        -3.300033997                
    -1.062525603         5.252077078         1.515471028                
     6574.400115         4752.369902        -4263.688387                
O              120                                                      
     5.232854203        -9.070430386        -3.670169196                
     2.051921550         4.653763582        -1.549274013                
    -6049.015968        -12035.45154        -437.1088784                
O              121                                                      
     2.553548615         3.037949357        -3.429555851                
    0.2244931724         1.183709731        -4.783948351                
    -9893.188038         9481.588513        -2963.565696                
O              122                                                      
    -7.530535218         6.887027619        -3.541582963                
     2.381872979         3.510627287         5.229794333                
    -6978.285672         1406.591178         11520.92915                
O              123                                                      
    -7.476238783         3.009152250        -3.372345814                
    -3.539993436        -2.473768184        -3.010575988                
    -12015.11661         6349.932475        -8789.839090                
O              124                                                      
     2.667708651         7.045514817        -3.577395922                
    -1.335303039         7.158699005         3.183507036                
    -630.2687517        -6121.697180        -1707.178185                
O              125                                                      
     3.927281620         3.057598114        -1.115065474                
     6.838381406         4.866619399         3.456092694                
     3154.909882         473.8134372         1617.277807                
O              126                                                      
    -6.070375323         7.047686699        -5.845027073                
     1.381631563         2.586817565        -4.273895954                
    -4839.190732        -2984.701154         21684.54737                
O              127                                                      
    -6.104004826         3.060619451        -5.673415725                
     6.305822695         5.698657190         4.783284398                
    -5075.823009         634.9345745        -3891.386665                
O              128                                                      
     4.083518028         6.855013089        -1.333515027                
    -4.307372990         9.539065664        0.1086748757E-01            
     9780.368517         11852.64803        -3738.524460                
O              129                                                      
     4.147886515        -3.489434965        -6.547738623                
    -5.059971306        -3.502891484        -4.882767326                
     5.407661261         4113.055655         5185.402006                
O              130                                                      
    -6.072609924        -6.868936920       -0.3896339214                
     3.900513711        -1.256046373         3.391615962                
    -2919.792674        -8784.049625        -4393.759355                
O              131                                                      
    -6.195356758        -3.432618329       -0.4308243752                
    0.5685805001       -0.7133723214E-01    -1.806419983                
     14925.65559        -883.6556517         480.4043261                
O              132                                                      
     4.160002479        -6.863947207        -6.598642130                
    -5.579179788        -10.54309129         2.315204279                
    -653.9658616         7256.587357         5581.314272                
O              133                                                      
     8.158107682         3.063047223        -1.119433643                
     4.108403711        -2.301637761       -0.6332227855                
     7165.523107        -6118.330793        -15664.29059                
O              134                                                      
    -1.934324419         7.002166301        -5.738869957                
    -2.190491992         1.585779513         1.101577592                
     3436.475310        -9373.108331         16633.36332                
O              135                                                      
    -2.014577677         2.960881448        -5.642608993                
     1.451345182         1.724566161        0.6099616548                
    -3702.187564        -4303.899060         8693.799692                
O              136                                                      
     8.283288713         6.918305808        -1.332449232                
    -1.256178868         1.218373488        0.5539242923                
    -892.3946077         7530.408498        -1258.465792                
O              137                                                      
     7.645887189         3.185015524        -3.602140989                
     1.085884659       -0.8734517358         1.731651469                
     20488.48870         4800.507784         5196.884109                
O              138                                                      
    -2.437493144         6.809515127        -3.207982461                
    0.2369283364         6.090005053         5.839861024                
    -5915.844527         6441.737267         1875.885994                
O              139                                                      
    -2.436418789         2.880276885        -3.104077728                
     1.927939329         7.276856670        -6.340039289                
    -20116.26055         11683.92803        -1738.534869                
O              140                                                      
     7.730507850         6.956877438        -3.812634304                
    -5.566967892        -4.718859992        -2.711618775                
    -12152.45936        -8220.114743        -6988.395415                
O              141                                                      
     5.092155195         3.044855489        -3.403003777                
    -2.747368382         2.048468371        0.8859760565                
     9513.029462         8221.098687        -9060.232471                
O              142                                                      
    -4.976052098         6.841825629        -3.561610104                
     1.601060859        -5.858468743       -0.9895662542                
     11950.79895        -11621.61540         26131.01401                
O              143                                                      
    -5.014183428         2.868287555        -3.299676181                
   -0.4487207356         1.391915437        0.6600827565                
     12555.62504         7232.209688         2074.516553                
O              144                                                      
     5.146617873         7.056365737        -3.748250343                
    -6.648413684         5.664541933         2.394987326                
     5379.252913         263.0682269         8429.513223                
O              145                                                      
     3.734967163        0.9868388670        -2.579738600                
   -0.7414068227        -3.609825697       -0.5672259142                
     2872.852933        -12803.78921         3882.665102                
O              146                                                      
    -6.164559735         8.997747860        -4.216924359                
     5.766821356         1.696664039         4.205223729                
    -13866.31672         5177.119528         2982.715034                
O              147                                                      
    -6.332023235        0.8679352326        -4.291978727                
     3.925617849        -2.001990527        -1.448966535                
     5438.563051        -6614.156226        -4165.540054                
O              148                                                      
     3.886357839         9.117434116        -2.647888484                
     2.841646709        -7.691762674        -9.637394422                
     15691.19747        -29035.94021        -2329.695546                
O              149                                                      
     8.649002554         1.104162016        -2.698830200                
     1.908754888        -3.833871572        -2.650505313                
     14495.47692        -7148.817832         2167.694919                
O              150                                                      
    -1.491655682         9.023057740        -4.373069140                
     5.830407324         4.507000842         2.245178823                
    -10.04659934        -6879.033313         16126.97082                
O              151                                                      
    -1.410365177        0.8761893466        -4.210770251                
   -0.2943696610         3.452190043        -4.066569111                
     636.1452267         11209.99730        -1521.607002                
O              152                                                      
     8.710450393         9.049338458        -2.749074487                
    0.2948329035        -4.135283156        -4.526136205                
     2889.187832        -5440.340374         1498.749721                
O              153                                                      
     1.944329382        -2.532114629        -5.540829422                
    -2.058185426         4.031976473        0.4115745190                
     6160.067439        -10329.18147        -1883.786891                
O              154                                                      
    -8.274888645        -7.638176191        -1.517923041                
     5.092797324         4.111172421         1.310955737                
     6040.887489         5875.401322         159.1569768                
O              155                                                      
    -8.325972073        -2.609835674        -1.471748978                
     3.700797384         1.817123314         5.739055135                
    -22461.51958         11767.26371        -5825.379726                
O              156                                                      
     1.969129504        -7.643382487        -5.570086322                
     4.857686621         3.984536036         6.784342587                
    -3337.524941         7771.214196         9179.022193                
O              157                                                      
     2.063543273       -0.2286045213E-01    -5.654178777                
    0.1084920936        -4.478976736       -0.5414785975                
    -9577.443423        -1294.899585        -7505.828815                
O              158                                                      
    -8.089609835        -10.07014313        -1.384978170                
    -1.717922842         1.848949230         2.265518687                
     5286.813339         3107.291335        -8575.732221                
O              159                                                      
    -8.184051523       -0.1679648641E-01    -1.340150078                
   -0.2374079299         2.057830391       -0.8649181730                
    -13942.54607        -5503.915894         3807.936249                
O              160                                                      
     2.104722053         10.00140240        -5.825536462                
     4.533657666        0.9804326370        -2.265972808                
    -9712.372204         13500.69454         6102.004626                
O              161                                                      
     1.969100809         2.446883873        -5.708840104                
     5.136962434         2.008085024         5.387118884                
    -24541.21504         20962.73863         3613.385310                
O              162                                                      
    -8.213859006         7.623176418        -1.254850917                
    -2.019086901        -3.949216968         8.984437155                
     10291.84697         4731.797585         4122.609541                
O              163                                                      
    -8.170870504         2.533820234        -1.094907482                
     4.131049608       -0.7421607003        -2.746433341                
     394.7290129        -4434.595569        -3354.158935                
O              164                                                      
     1.958464510         7.522869473        -5.867357439                
    -5.700035598         3.655776434         4.025098213                
     2989.373786        -3270.914256        -3989.588675                
O              165                                                      
     6.176164513        -2.536025484        -5.346060158                
     5.786072493       -0.7895430472        -5.999376941                
    -5292.405030         3190.393097         1846.424911                
O              166                                                      
    -3.924896480        -7.636619227        -1.653158973                
    -4.450762333         5.614846684         3.708393593                
    -3808.140278        -10940.00144         2990.566573                
O              167                                                      
    -4.017739456        -2.679356266        -1.479458011                
    -3.163721248        -2.411857091        0.3650604690                
     5247.794585         14097.03718         3517.628628                
O              168                                                      
     6.298008273        -7.733530659        -5.604473174                
    -1.456878485         3.955627200        -4.392604947                
     6108.128347        -7840.408981        -1878.523565                
O              169                                                      
     5.999649509       -0.1005524721E-01    -5.580245373                
    0.8934492822        -3.782007164         3.725369789                
    -3658.930824         2783.454258         2556.335147                
O              170                                                      
    -3.858106970         10.03614212        -1.344301964                
    -3.811205289       -0.2578156599         1.298729250                
    -2476.125533         630.0627035        -15357.92967                
O              171                                                      
    -4.079016160       -0.9031185841E-01    -1.231460168                
     4.883833878        -9.906047488         2.601230540                
     10410.82027        -12329.67643        -8163.963929                
O              172                                                      
     6.329684514         9.860715939        -5.656707621                
     1.781363697        -4.287171255         4.291001299                
    -7832.805743         10558.42183        -610.6471021                
O              173                                                      
     6.099340394         2.486305146        -5.596498682                
     8.525044051        -1.037812172        0.7631965899                
     4081.742105         12653.67464         4564.148080                
O              174                                                      
    -4.097483681         7.468295529        -1.274950894                
     5.443682682         2.360112662        -1.169761641                
     13586.93367        -10549.15249        -22281.74461                
O              175                                                      
    -3.934083828         2.402902441        -1.088193200                
     8.481334322        0.9712386537        0.7508552723E-01            
    -11695.52824         4431.494126         3981.845726                
O              176                                                      
     6.215226939         7.446075570        -5.887808960                
    -3.701738996        -8.642534210        -6.295310540                
     6802.337796        -27103.98185         11308.43577                
O              177                                                      
     10.13240742       -0.9870654102        -2.646414080                
     5.161411135        -4.773304491         5.196103804                
     1478.707130        -6553.277636        -766.7452489                
O              178                                                      
    0.1347471861        -9.195334776        -4.471135073                
   -0.2935945503        -3.710464928         6.332923171                
    -13282.87097         8595.749716        -957.6950740                
O              179                                                      
    0.4845529505E-01    -1.127410422        -4.394487381                
    -1.185197389         5.626573195        -2.533961261                
    -4703.504606        -614.6469084         4108.625523                
O              180                                                      
    -10.04396248        -9.117059521        -2.806901273                
    -3.146897194        -2.777402371         2.289456046                
     3056.639851         469.7492143         2236.434469                
O              181                                                      
    -10.07916778         3.195315581        -2.576383593                
    -5.641628967        -4.562790581        -1.286587803                
    -1732.703438         678.8800904        -13787.64115                
O              182                                                      
    0.7535858351E-01     6.960914735        -4.212884742                
     3.206080524         7.643911898         4.252201788                
     4410.997214        -3884.101220        -147.2369896                
O              183                                                      
   -0.2296884880E-01     3.117421786        -4.163831122                
     2.090727544       -0.8523880931        -5.182909197                
     1264.524731        -6509.926672        -9572.787426                
O              184                                                      
    -10.08943730         6.968786637        -2.816024138                
     1.751751567        -3.103830360        -1.362787716                
     13632.86041        -7331.253051        -1175.745675                
O              185                                                      
     1.603373206         4.994691677        -4.776243423                
   -0.8473290553       -0.7356324497        -4.584056490                
    -3828.231014         12595.86464        -3059.122272                
O              186                                                      
    -8.443694297         5.033276724        -2.102602665                
     1.319656245        -1.609350457        -2.209285420                
    -9803.321026         18016.58107        -8291.398990                
O              187                                                      
     6.301487433         5.006190850        -4.697748543                
     2.689749296        -3.808718242         3.646580965                
     1176.940567        -2823.245854        -4605.847737                
O              188                                                      
    -3.789350435         4.857991012        -2.178260126                
   -0.5290502161        -5.832561950        -4.842669264                
    -8275.634209         23520.06353        -7331.319392                
O              189                                                      
     5.900412526        -5.161568197        -6.215907780                
     2.747524023         6.494182134        -5.592374557                
     5957.704397         13086.70165        -5737.939268                
O              190                                                      
    -4.350043104        -5.139928862       -0.6286949736                
     1.578205300        -2.614729354        -1.014070245                
     4148.380720        -336.5720608         8729.000616                
O              191                                                      
     2.323705873        -5.135621776        -6.465166584                
     1.381812738         2.254146837        -5.047247403                
     1383.900523         24745.30186         8573.204299                
O              192                                                      
    -7.904212278        -5.147331484       -0.5337493766                
     2.980654829        -2.130729559       -0.7369389003E-01            
    -5088.279191        -7749.744279        -2022.722661                
O              193                                                      
     7.458194620         1.077511267         3.345823291                
    -2.378328575        -2.154527062       -0.7445399692                
     3187.422873         7935.825967         1821.044015                
O              194                                                      
    -2.667332621         8.877517597         3.302880769                
    -6.482989515         3.825709005        -2.860867932                
     3458.081756        -4774.498373         4373.516236                
O              195                                                      
    -2.637612818         1.067418722         3.413214325                
    -5.042984753        -1.695438098       -0.6807464193                
    -5915.579487         485.2955337        -4854.357855                
O              196                                                      
     7.448385826         8.968211776         3.182324946                
    -4.179656130         7.195386144         1.970688025                
     20595.24559        -455.1014578         1359.741739                
O              197                                                      
     6.162983869         1.096389239         5.685823248                
    -3.109054313         3.986861604        -2.173667532                
    -6847.930591         391.4785263        -7587.816562                
O              198                                                      
    -3.928512803         8.938252842         1.020001073                
     1.645042273        -3.836108372         1.784480281                
    -10291.53942         2770.524043        -2323.445131                
O              199                                                      
    -4.083758249        0.9863874150         1.110652980                
    -4.426029522         1.636729849         2.720943316                
     4645.419851         4698.422365         21193.91708                
O              200                                                      
     6.167997961         8.950401560         5.511125931                
     2.900822184        0.7033401664         2.778861305                
     4222.214487         10233.87556        -18112.75702                
O              201                                                      
     5.962192329        -1.178281161        0.2353238851                
    -2.506892998        -2.897409441        -1.968089597                
     7277.650480         9343.551523         4303.788343                
O              202                                                      
    -4.105172861        -9.044040114         6.173311119                
     2.704327018        -3.414128198        -6.341577186                
     21663.39127         8251.910894         8865.115993                
O              203                                                      
    -4.193605856        -1.348109911         6.401626790                
    -1.252009228         5.947669530        -2.138257841                
    -5685.616559         3987.413322        -8444.763884                
O              204                                                      
     6.257464688        -8.772934031        0.1910593478                
     3.604381924        -1.183262219         1.058796545                
    -2150.903699        -3746.366086         232.1673209                
O              205                                                      
     1.918864955        0.9901862755         5.586132375                
   -0.2896996533        0.1576755506        -2.149588303                
    -3402.024778         4321.563453        -4467.013673                
O              206                                                      
    -8.219282474         9.201819498        0.9862235483                
    -4.993282448         2.642482518        -3.544035055                
     13525.84679        -4991.179193         3012.234248                
O              207                                                      
    -8.305256030        0.9954997405         1.074304246                
    -1.234417047         5.446931231        0.9966421690                
     6478.265174         10447.14059        -5266.495970                
O              208                                                      
     2.100725641         9.032708219         5.405089461                
     3.992037517        0.7808946821        -2.966881145                
    -4357.765671        -2407.535596         2570.585864                
O              209                                                      
     2.407290110         1.000772174         3.071398841                
   -0.9957849589         2.862566602         4.104250650                
    -9935.836783         8832.774283         3324.488477                
O              210                                                      
    -7.711277738         8.886835764         3.524560013                
    -2.998070705       -0.7727360074         2.845455572                
    -10906.24945         5750.020903        -7546.106312                
O              211                                                      
    -7.794272937         1.044362702         3.649443110                
    -4.351794186         5.652865512         1.634392513                
    -1040.502268         2312.730335        -7865.051264                
O              212                                                      
     2.443721375         9.028122557         2.829877989                
    -4.307006680        -2.968644335        0.1381172211                
     11038.24352         1696.787030         8721.511656                
O              213                                                      
     4.911222695        0.9698574083         3.349234613                
     2.311588402        -1.143327692        0.6932855920E-01            
    -2603.456856         6432.946168        -2540.774465                
O              214                                                      
    -5.220022587         9.068800965         3.407773687                
    -2.720525358       -0.3476888675        -2.889898973                
    -3714.732716        -10719.41591        -7350.634116                
O              215                                                      
    -5.217197304         1.012325541         3.453672518                
     8.484806344        -6.293266693         1.738548181                
    -1275.182153         3180.981236        -683.4322337                
O              216                                                      
     5.008569933         9.089721508         3.153501760                
    -2.287813014         5.686645756         1.553377316                
    -16821.19106        -4010.947240         458.6154122                
O              217                                                      
     7.498093658        -3.101854535         3.434991756                
     10.81371069       -0.5090828327E-01    0.8956066284                
    -12281.06033         4861.689696        -103.5958088                
O              218                                                      
    -2.438121982        -7.046556932         3.190289389                
   -0.1720585688        0.3160041039E-03    -2.987321450                
    -11732.38379        -5611.598763         2174.308730                
O              219                                                      
    -2.803551119        -3.186407181         3.473479903                
     3.348574980        -2.360348114        -2.607557401                
     1485.180352         4722.933043        -1421.160223                
O              220                                                      
     7.634347575        -6.991518957         3.251102223                
    -3.667345947         1.042793321         2.854191169                
    -2100.354976        -858.2788631         7207.473502                
O              221                                                      
     6.250205837        -3.126978000         5.706515552                
   -0.3614383606         5.168150576         3.110039607                
    -17822.68316        -3168.977145        -495.0012488                
O              222                                                      
    -3.932017189        -7.085387418        0.9756533875                
    -4.482495696        -6.871802120        -4.984590062                
    -6997.769879        -3344.179624         5161.068305                
O              223                                                      
    -4.204332271        -3.047389795         1.113664502                
   -0.2202070714         1.824469727        -7.744287680                
     4608.328422        -11560.09389        -10752.16404                
O              224                                                      
     6.185175211        -6.941609064         5.504286765                
     8.377864672        -4.977982189        0.3170751651                
     5299.502215        -9350.640399        -12599.48409                
O              225                                                      
     6.013150424         3.320284263        0.4256131375                
    -2.439843854        0.7054111550E-01    -7.927899983                
    -1970.270918         2230.457948        -9599.798353                
O              226                                                      
    -4.018284446         6.488247854         6.303398582                
    0.4087759250        -1.080516254         7.348933236                
     15898.11321         10432.08924         4690.207836                
O              227                                                      
    -4.148072101         3.303238952         6.450768553                
     2.634298647         1.903040740        -2.754536023                
     743.6467515         1104.535137         3931.358515                
O              228                                                      
     6.204914450         6.643532227        0.1257299028                
     5.066177069        -6.619255962         1.797330745                
    -43330.33428         9250.412143         7753.829911                
O              229                                                      
     2.009987747        -3.096252424         5.585213373                
    -3.443651845        -6.101133126         1.588320886                
     2014.195412        -3249.189273         6133.123622                
O              230                                                      
    -8.258221395        -7.163449688        0.9992770453                
     2.270962730         2.654998724        -10.89901847                
     3268.583711        -9264.172565         10572.46956                
O              231                                                      
    -8.246707325        -3.091550057         1.028352759                
     4.798186856        -1.848484594         7.987028694                
    -8698.560971         4459.587752         2662.891265                
O              232                                                      
     2.067296425        -7.168553428         5.620709944                
    -2.571252264        0.7105761021E-01     4.668459964                
    -8703.437652         1830.777097        -6882.706904                
O              233                                                      
     2.431465427        -3.010334605         3.051749708                
   -0.1567520485        -3.357913551         7.299168161                
     11324.40038        -16700.42703         1212.008250                
O              234                                                      
    -7.576936684        -7.006820872         3.436093363                
    0.7678067889        0.9654832174E-01     3.895437390                
     10235.13730        -7079.764621         8696.365992                
O              235                                                      
    -7.905259580        -3.240704715         3.552575194                
     7.823774901        -4.060501364         1.651320027                
     5357.136442         7985.310114         9677.852743                
O              236                                                      
     2.640073143        -7.077793370         3.205992243                
     4.223379369        0.3120268138         4.780508146                
     2569.154341         14700.28892        -20125.52993                
O              237                                                      
     4.961257837        -3.098369295         3.314569097                
     4.849833136         4.507784028        -3.617439834                
     3442.684774         8400.653621         3278.295267                
O              238                                                      
    -4.977637185        -7.062416055         3.422731775                
    -1.796828121        -2.490352228         1.157259919                
    -4302.841137         5190.901983         1659.317641                
O              239                                                      
    -5.417102721        -3.181550546         3.348428952                
    -4.469236552        -2.489479650        -6.729266748                
     16781.22250         7382.647286         684.3182589                
O              240                                                      
     5.104319702        -7.076806260         3.165528457                
    -1.724017963        -5.334522391        0.8876072883                
    -2481.990714         8283.475703        -2933.880063                
O              241                                                      
     6.202852735        -1.010770140         4.231664227                
     2.105584923         8.491796188         3.528553228                
    -4553.079666         4370.763064        -4524.776307                
O              242                                                      
    -3.896666414        -9.105453424         2.472885047                
   -0.8253462840       -0.1628617617        0.4893155860                
    -1129.660437        -32477.79601         2851.616756                
O              243                                                      
    -3.969319791        -1.013634507         2.706014700                
    -5.755428534         2.896348455        0.4734437843E-01            
    -584.1712052        -1120.350858        -2726.456082                
O              244                                                      
     6.362144807        -9.060416870         4.018516611                
     9.041270168        -7.123552542         3.307456901                
    -1162.340262        -25274.63444         8643.234223                
O              245                                                      
     1.402145267        -1.034248309         4.104230451                
     7.693157268       -0.7957859734        0.2977392251                
    -2985.366292         8362.133870         5853.152067                
O              246                                                      
    -8.743529902        -9.093711645         2.658476674                
     3.992610487         1.437122571        -3.006146131                
     4766.680858        -7115.020429         3100.337105                
O              247                                                      
    -8.767502979       -0.9566269206         2.462480887                
    -7.026152560         3.597846835        -1.220101192                
    -5769.330841        -25972.81270         10854.21274                
O              248                                                      
     1.386661291        -9.121937846         3.961019571                
    -4.120504207        -1.182781236        -4.956477687                
     4304.614683        -12720.38915         9985.605057                
O              249                                                      
     8.255486094         2.548170699         1.325023799                
     2.315521970        -2.027367409        -1.531241687                
     5168.408314        -13767.71314         11426.18717                
O              250                                                      
    -1.773022490         7.326883007         5.301827707                
    -2.746779140        -8.702722893        0.5845483217                
    -2281.508323         12992.25487        -197.8169834                
O              251                                                      
    -2.026810792         2.312923184         5.515811599                
    -1.808543364        0.7233262620         2.452003797                
     1067.567197         21398.39652         10741.22561                
O              252                                                      
     8.352458467         7.700090337         1.114000783                
    -7.911345292         8.473138173         8.477052198                
    -7720.545781        -14659.64586         3748.091389                
O              253                                                      
     8.034694556        0.1791349510E-01     1.303808589                
     2.947365279        0.8189711864         1.120512798                
     8579.144730         108.4499446        -17401.58693                
O              254                                                      
    -1.906424392         9.926427552         5.312486468                
   -0.7262485566         6.662040650         3.680295250                
     255.6262806        -2173.444770         11074.33927                
O              255                                                      
    -2.073593888       -0.1252362443         5.564258671                
     1.306424293         1.983784954        -7.780565484                
    -1047.045772         1621.205790         3964.731375                
O              256                                                      
     8.310588924        -9.971378907         1.176733373                
     3.619200639         5.748178428        -1.762825188                
     520.0918744        -1011.843582         2520.047409                
O              257                                                      
     7.953354215        -2.452140047         1.073691142                
     5.587217207        0.5867176079         2.832533654                
     13969.74027        -10757.33039         13196.74988                
O              258                                                      
    -1.940625184        -7.740935465         5.439314231                
     3.767759107        -8.196636145       -0.5896404951                
    -1984.927056         3410.023151         11330.09211                
O              259                                                      
    -1.990986707        -2.643360014         5.745431551                
   -0.1678047640        -5.794034163         3.143341258                
    -10965.90726         16239.44412         10656.15517                
O              260                                                      
     8.258304674        -7.451795079        0.9549161774                
    -6.998619253        -3.497992407        -6.793977549                
     8440.009523        -4758.529462        -2652.210295                
O              261                                                      
     3.888751629         2.463857283         1.400094966                
    -2.466706922         1.861702407         5.656775168                
    -2910.864044         3916.142203         4429.443751                
O              262                                                      
    -6.251087928         7.508303534         5.269949648                
     3.203046450        -1.485044612        -3.514962177                
     8707.774663        -325.2504830        -5035.144743                
O              263                                                      
    -6.237096523         2.452064313         5.326505854                
    -2.199403533        0.7897058105        -2.298067972                
    -4341.515296         3139.331376         5610.807086                
O              264                                                      
     4.033928077         7.686702961         1.129702609                
    -2.130230533       -0.2150233739         1.071848038                
     2892.566959        -7424.732475         11456.86566                
O              265                                                      
     3.936598002       -0.2555065427E-01     1.244782532                
    -2.168239389         5.227266111         10.67177030                
    -2299.041157         9196.759985         9162.760166                
O              266                                                      
    -6.248034987         10.04990576         5.373399585                
     2.639753863        -4.246581161       -0.9591471709                
    -7268.121897        -10586.28337        -4406.393585                
O              267                                                      
    -6.309414965       -0.5401273583E-01     5.454470325                
    -7.209130109        -4.056030224         1.976682367                
     11633.04400        -21806.14742         12142.12809                
O              268                                                      
     4.165600297        -9.972475733         1.115451854                
     5.023968346        0.9075630906        -1.060916950                
    -3236.340343        -9430.031521         10392.92194                
O              269                                                      
     3.958970145        -2.551737009        0.9895714131                
    -2.590196745       -0.6959667860         5.969395978                
     2153.394116         3107.540420         17875.18534                
O              270                                                      
    -6.126767417        -7.647753655         5.550604113                
    -3.211074187        -1.739661336         8.516634108                
    -385.3525438         15414.18490        -9822.717766                
O              271                                                      
    -6.279073450        -2.606506854         5.514668456                
    -2.741137092        0.8470057857        -6.729233172                
    -4993.721686        -3296.027229        -754.5909979                
O              272                                                      
     4.147556834        -7.453448464        0.9805464965                
   -0.1848603447        -4.176498846         4.680311927                
    -4523.314226        -6163.846665         1494.991873                
O              273                                                      
   -0.1358582798        0.9888306398         4.228842146                
     5.067382985        -3.024624376        -10.42180138                
     1125.915456         5026.059944        -3822.535573                
O              274                                                      
     10.12926420         9.057009528         2.456793046                
    0.3655003180        -2.796428164        -4.949676001                
    -11996.62389        -6553.683189         15495.04639                
O              275                                                      
     10.01259347         1.043323734         2.641877935                
    -1.984072087         4.415858095       -0.4386243618                
    -12971.56265         8625.675546        -5344.976854                
O              276                                                      
    0.1999585158E-01     8.826338799         3.991700413                
    -8.622231334        -9.143216979        -4.966497237                
    -10543.93344         3801.518359         7681.481590                
O              277                                                      
   -0.1226126854        -3.105140887         4.138442180                
   -0.3499705261E-01     2.706781968        -5.176674765                
     19124.87851         2809.845431         443.5450143                
O              278                                                      
    -10.15074382        -6.910017418         2.534823963                
    -8.056062289         2.628773351        -4.557565816                
    -14181.46376         1560.220925         2597.045564                
O              279                                                      
     10.00453758        -3.126129608         2.477650892                
     4.467796858        -2.889311615         1.415025409                
    -1140.496531         12096.59426         1289.540172                
O              280                                                      
    0.8048800936E-01    -6.989678224         4.074618052                
    0.9485976973         1.071277953        -3.941227957                
    -5556.005807         2269.678919         6380.201508                
O              281                                                      
     8.412623172        -5.016832003         1.996228343                
    -1.393544371        -1.041048312       -0.1388249190E-01            
     3239.160913         29471.95273         1093.806758                
O              282                                                      
    -1.569419128        -5.118856326         4.604237874                
     4.189677327         3.765667644         2.949569286                
     1204.936177        -8058.745211         7256.616292                
O              283                                                      
     3.906865300        -5.024565378         2.119212406                
    -4.210261978        -4.424018397        0.7805549922                
    -14965.08864         1474.533763         3034.355759                
O              284                                                      
    -6.440207116        -5.145940970         4.539994086                
    -1.785132618       -0.2582040428        -1.624256362                
     8889.735063        -9027.425817         7491.973026                
O              285                                                      
     4.258266053         5.064628136        0.4108812568                
    -4.938315600         6.836655540        -3.556961783                
    -4177.395096        -19914.42326         11330.61129                
O              286                                                      
    -5.909613678         5.021525740         6.176836271                
     4.461662615       -0.8521466525        0.8264223532                
    -11280.19874        -13352.20502         1745.339664                
O              287                                                      
     7.905248055         5.038373407        0.3279929358                
     7.042123760        -3.556713273        -4.943752793                
     1706.741847        -4031.591833         10257.14093                
O              288                                                      
    -2.151727250         4.874710166         6.324567722                
    -2.990768426        0.3440504629        -1.461521021                
    -5338.403451        -3863.755872         9431.222160                
C              289                                                      
     2.251464935         4.880933849         4.329191883                
   -0.3732476627        -4.009565194         4.281912076                
     89.89037774        -61.50890901         5.643979932                
C              290                                                      
     3.143370744         5.271837602         3.323402619                
    -1.274977002        -5.407083563         2.939132969                
    -83.28651036         28.82858863         567.3780803                
C              291                                                      
     4.446727746         5.660173023         3.655752017                
    -1.851554623        -2.244670224         1.505128152                
     33.66436571        -89.69919676         234.8139222                
C              292                                                      
     4.858178941         5.657604693         4.993890677                
    -1.526402906         2.315261483         1.413902441                
    -115.5127680        -87.58279919        -138.8513564                
C              293                                                      
     3.966273130         5.266700940         5.999679942                
   -0.6246735659         3.712779850         2.756681551                
     8.199515999        -77.48907683        -139.7220085                
C              294                                                      
     2.662916128         4.878365518         5.667330544                
   -0.4809594459E-01    0.5503665123         4.190686367                
     155.6148662        -7.713651235        -392.5714516                
H              295                                                      
     1.246018103         4.581360809         4.072808062                
    0.7154078865E-01    -6.449141201         5.388144365                
    -130.2156819         116.3777921         5.526047853                
H              296                                                      
     2.825969499         5.273822131         2.291104890                
    -1.525818446        -8.924794304         3.009496765                
    -1437.916088         109.1586442         1627.144734                
H              297                                                      
     5.134773334         5.961730593         2.879838107                
    -2.547184520        -3.322804963        0.4692596583                
     342.0308876        -308.3105303         896.9303182                
H              298                                                      
     5.863625772         5.957177733         5.250274498                
    -1.971191357         4.754837487        0.3076701534                
     111.0446171        -81.41232952         10.16115013                
H              299                                                      
     4.283674376         5.264716411        -6.553885279                
   -0.3738321221         7.230490593         2.686317753                
    -229.6894282        -122.0895435        -271.6676092                
H              300                                                      
     1.974870542         4.576807949         6.443244454                
    0.6475339510         1.628501254         5.226554859                
     321.1226390         376.4046789        -1846.847080                
