t	totalEnergy 	temperature  	pressure 	volume 		PtensXX 	PtensXY 	PtensXZ 	PtensYX 	PtensYY 	PtensYZ 	PtensZX 	PtensZY 	PtensZZ
0,0	-1,201992E+06	3,000000E+02	5,517533E+01	5,568179E+03
0,03	-1,201993E+06	3,184369E+02	5,224321E+01	5,568179E+03
0,06	-1,201992E+06	2,991414E+02	5,353600E+01	5,568179E+03
0,09	-1,201993E+06	3,144746E+02	5,319172E+01	5,568179E+03
0,12	-1,201993E+06	3,183699E+02	5,330311E+01	5,568179E+03
0,15	-1,201993E+06	3,124797E+02	5,547384E+01	5,568179E+03
0,18	-1,201993E+06	3,100555E+02	5,404384E+01	5,568179E+03
0,21	-1,201992E+06	3,055287E+02	5,518081E+01	5,568179E+03
0,24	-1,201993E+06	3,073810E+02	5,768873E+01	5,568179E+03
0,27	-1,201992E+06	2,907111E+02	5,420334E+01	5,568179E+03
0,3	-1,201992E+06	3,003487E+02	5,450179E+01	5,568179E+03
0,33	-1,201992E+06	3,027297E+02	5,742231E+01	5,568179E+03
0,36	-1,201993E+06	3,039665E+02	5,409476E+01	5,568179E+03
0,39	-1,201992E+06	3,010623E+02	5,420857E+01	5,568179E+03
0,42	-1,201993E+06	3,203374E+02	5,476465E+01	5,568179E+03
0,45	-1,201992E+06	3,061118E+02	5,433394E+01	5,568179E+03
0,48	-1,201992E+06	3,039215E+02	5,099756E+01	5,568179E+03
0,51	-1,201993E+06	3,119744E+02	5,414172E+01	5,568179E+03
0,54	-1,201992E+06	3,045654E+02	5,506597E+01	5,568179E+03
0,57	-1,201993E+06	3,159429E+02	5,245563E+01	5,568179E+03
0,6	-1,201993E+06	3,098405E+02	5,862515E+01	5,568179E+03
0,63	-1,201992E+06	3,160468E+02	5,585123E+01	5,568179E+03
0,66	-1,201993E+06	3,179946E+02	5,463788E+01	5,568179E+03
0,69	-1,201993E+06	3,189526E+02	5,551055E+01	5,568179E+03
0,72	-1,201992E+06	3,022221E+02	5,426937E+01	5,568179E+03
0,75	-1,201993E+06	3,066984E+02	5,397330E+01	5,568179E+03
0,78	-1,201992E+06	2,923622E+02	5,201745E+01	5,568179E+03
0,81	-1,201992E+06	3,075206E+02	5,326980E+01	5,568179E+03
0,84	-1,201992E+06	3,029866E+02	5,187112E+01	5,568179E+03
0,87	-1,201992E+06	2,929253E+02	5,226694E+01	5,568179E+03
0,9	-1,201993E+06	3,042848E+02	4,942914E+01	5,568179E+03
0,93	-1,201992E+06	3,006789E+02	5,179256E+01	5,568179E+03
0,96	-1,201992E+06	3,173177E+02	4,922548E+01	5,568179E+03
0,99	-1,201993E+06	3,111303E+02	5,231386E+01	5,568179E+03
1,02	-1,201992E+06	3,052860E+02	4,926942E+01	5,568179E+03
1,05	-1,201992E+06	3,190414E+02	5,095825E+01	5,568179E+03
1,08	-1,201993E+06	3,096814E+02	4,752218E+01	5,568179E+03
1,11	-1,201992E+06	3,017469E+02	4,664807E+01	5,568179E+03
1,14	-1,201993E+06	3,106599E+02	5,134529E+01	5,568179E+03
1,17	-1,201992E+06	3,066769E+02	4,977558E+01	5,568179E+03
1,2	-1,201992E+06	3,034779E+02	4,725487E+01	5,568179E+03
1,23	-1,201992E+06	3,047201E+02	5,041509E+01	5,568179E+03
1,26	-1,201992E+06	3,027009E+02	4,649468E+01	5,568179E+03
1,29	-1,201993E+06	3,155479E+02	4,606854E+01	5,568179E+03
1,32	-1,201992E+06	3,054182E+02	4,775535E+01	5,568179E+03
1,35	-1,201993E+06	3,205748E+02	4,666819E+01	5,568179E+03
1,38	-1,201992E+06	2,973730E+02	4,666532E+01	5,568179E+03
1,41	-1,201993E+06	3,310167E+02	4,754285E+01	5,568179E+03
1,44	-1,201993E+06	3,114292E+02	4,915787E+01	5,568179E+03
1,47	-1,201993E+06	3,106774E+02	5,171705E+01	5,568179E+03
1,5	-1,201993E+06	3,145497E+02	4,813807E+01	5,568179E+03
1,53	-1,201992E+06	3,057515E+02	5,343610E+01	5,568179E+03
1,56	-1,201992E+06	3,061178E+02	5,095763E+01	5,568179E+03
1,59	-1,201992E+06	2,933197E+02	5,272018E+01	5,568179E+03
1,62	-1,201992E+06	2,926038E+02	5,145882E+01	5,568179E+03
1,65	-1,201993E+06	3,317809E+02	5,425260E+01	5,568179E+03
1,68	-1,201993E+06	3,127193E+02	5,237148E+01	5,568179E+03
1,71	-1,201993E+06	2,977584E+02	5,145799E+01	5,568179E+03
1,74	-1,201993E+06	2,987798E+02	5,154415E+01	5,568179E+03
1,77	-1,201993E+06	3,114928E+02	5,243206E+01	5,568179E+03
1,8	-1,201993E+06	3,090908E+02	5,235727E+01	5,568179E+03
1,83	-1,201992E+06	2,878200E+02	5,011819E+01	5,568179E+03
1,86	-1,201992E+06	3,064510E+02	5,282636E+01	5,568179E+03
1,89	-1,201993E+06	3,061893E+02	4,946693E+01	5,568179E+03
1,92	-1,201992E+06	3,005231E+02	5,403017E+01	5,568179E+03
1,95	-1,201993E+06	3,186160E+02	5,348390E+01	5,568179E+03
1,98	-1,201993E+06	3,266727E+02	5,573893E+01	5,568179E+03
2,01	-1,201993E+06	3,163033E+02	5,472129E+01	5,568179E+03
2,04	-1,201992E+06	3,053115E+02	5,382298E+01	5,568179E+03
2,07	-1,201993E+06	3,320394E+02	5,668201E+01	5,568179E+03
2,1	-1,201992E+06	3,086255E+02	5,558663E+01	5,568179E+03
2,13	-1,201993E+06	3,050293E+02	5,348455E+01	5,568179E+03
2,16	-1,201993E+06	3,243649E+02	5,408132E+01	5,568179E+03
2,19	-1,201993E+06	3,208343E+02	5,526600E+01	5,568179E+03
2,22	-1,201993E+06	3,157607E+02	5,419152E+01	5,568179E+03
2,25	-1,201993E+06	3,070778E+02	5,497139E+01	5,568179E+03
2,28	-1,201992E+06	3,071606E+02	5,298676E+01	5,568179E+03
2,31	-1,201992E+06	3,049648E+02	5,368743E+01	5,568179E+03
2,34	-1,201993E+06	3,035940E+02	4,976651E+01	5,568179E+03
2,37	-1,201992E+06	2,953310E+02	5,174477E+01	5,568179E+03
2,4	-1,201993E+06	3,209767E+02	5,396007E+01	5,568179E+03
2,43	-1,201992E+06	3,040049E+02	5,314066E+01	5,568179E+03
2,46	-1,201992E+06	3,041422E+02	5,292409E+01	5,568179E+03
2,49	-1,201993E+06	3,084791E+02	5,258843E+01	5,568179E+03
2,52	-1,201992E+06	2,985832E+02	5,356451E+01	5,568179E+03
2,55	-1,201992E+06	3,032839E+02	5,268466E+01	5,568179E+03
2,58	-1,201992E+06	2,985345E+02	5,361300E+01	5,568179E+03
2,61	-1,201993E+06	3,166341E+02	5,340600E+01	5,568179E+03
2,64	-1,201993E+06	3,229502E+02	5,327925E+01	5,568179E+03
2,67	-1,201993E+06	3,078858E+02	5,188661E+01	5,568179E+03
2,7	-1,201992E+06	3,083108E+02	5,438313E+01	5,568179E+03
2,73	-1,201993E+06	3,101539E+02	5,105153E+01	5,568179E+03
2,76	-1,201992E+06	3,033768E+02	5,003490E+01	5,568179E+03
2,79	-1,201993E+06	3,180859E+02	5,282799E+01	5,568179E+03
2,82	-1,201993E+06	3,170292E+02	4,998948E+01	5,568179E+03
2,85	-1,201993E+06	3,180045E+02	5,002496E+01	5,568179E+03
2,88	-1,201992E+06	3,166537E+02	4,913778E+01	5,568179E+03
2,91	-1,201993E+06	3,188049E+02	4,725411E+01	5,568179E+03
2,94	-1,201993E+06	3,331810E+02	5,073880E+01	5,568179E+03
2,97	-1,201993E+06	2,968147E+02	4,733661E+01	5,568179E+03
3,0	-1,201992E+06	3,043247E+02	5,037536E+01	5,568179E+03
3,03	-1,201993E+06	3,240258E+02	4,748744E+01	5,568179E+03
3,06	-1,201993E+06	3,034921E+02	4,882522E+01	5,568179E+03
3,09	-1,201992E+06	3,029845E+02	4,736731E+01	5,568179E+03
3,12	-1,201993E+06	3,076806E+02	4,718871E+01	5,568179E+03
3,15	-1,201993E+06	3,105598E+02	4,700696E+01	5,568179E+03
3,18	-1,201993E+06	3,159327E+02	5,039374E+01	5,568179E+03
3,21	-1,201993E+06	3,247206E+02	4,745402E+01	5,568179E+03
3,24	-1,201993E+06	3,000337E+02	5,293218E+01	5,568179E+03
3,27	-1,201993E+06	2,986322E+02	4,775394E+01	5,568179E+03
3,3	-1,201993E+06	3,259161E+02	5,203673E+01	5,568179E+03
3,33	-1,201993E+06	2,937801E+02	4,934203E+01	5,568179E+03
3,36	-1,201993E+06	3,193181E+02	5,257454E+01	5,568179E+03
3,39	-1,201993E+06	3,164561E+02	5,129728E+01	5,568179E+03
3,42	-1,201993E+06	2,970899E+02	5,234758E+01	5,568179E+03
3,45	-1,201993E+06	3,239474E+02	5,413348E+01	5,568179E+03
3,48	-1,201993E+06	3,025132E+02	5,224993E+01	5,568179E+03
3,51	-1,201993E+06	3,170038E+02	5,381083E+01	5,568179E+03
3,54	-1,201993E+06	3,097514E+02	5,554687E+01	5,568179E+03
3,57	-1,201992E+06	2,870305E+02	5,402739E+01	5,568179E+03
3,6	-1,201993E+06	2,949398E+02	5,236707E+01	5,568179E+03
3,63	-1,201993E+06	3,136192E+02	5,424082E+01	5,568179E+03
3,66	-1,201993E+06	3,044962E+02	5,177506E+01	5,568179E+03
3,69	-1,201993E+06	3,202055E+02	5,386155E+01	5,568179E+03
3,72	-1,201993E+06	2,896050E+02	5,584116E+01	5,568179E+03
3,75	-1,201993E+06	3,147409E+02	5,299391E+01	5,568179E+03
3,78	-1,201993E+06	3,072373E+02	5,347299E+01	5,568179E+03
3,81	-1,201993E+06	3,003950E+02	5,414193E+01	5,568179E+03
3,84	-1,201993E+06	3,115433E+02	5,392541E+01	5,568179E+03
3,87	-1,201993E+06	3,192187E+02	5,376900E+01	5,568179E+03
3,9	-1,201993E+06	3,121425E+02	5,559559E+01	5,568179E+03
3,93	-1,201993E+06	3,269449E+02	5,448600E+01	5,568179E+03
3,96	-1,201993E+06	3,084592E+02	5,344914E+01	5,568179E+03
3,99	-1,201993E+06	3,217695E+02	5,197991E+01	5,568179E+03
4,02	-1,201993E+06	3,128442E+02	5,258460E+01	5,568179E+03
4,05	-1,201993E+06	3,140713E+02	5,247174E+01	5,568179E+03
4,08	-1,201992E+06	2,936334E+02	5,144094E+01	5,568179E+03
4,11	-1,201993E+06	3,075438E+02	5,090338E+01	5,568179E+03
4,14	-1,201992E+06	2,991141E+02	4,894891E+01	5,568179E+03
4,17	-1,201992E+06	3,113415E+02	5,189024E+01	5,568179E+03
4,2	-1,201993E+06	3,068000E+02	4,998847E+01	5,568179E+03
4,23	-1,201992E+06	3,150130E+02	5,138505E+01	5,568179E+03
4,26	-1,201992E+06	3,037276E+02	5,132291E+01	5,568179E+03
4,29	-1,201993E+06	3,260224E+02	4,947506E+01	5,568179E+03
4,32	-1,201992E+06	3,270700E+02	5,053234E+01	5,568179E+03
4,35	-1,201992E+06	3,207085E+02	4,886767E+01	5,568179E+03
4,38	-1,201992E+06	2,956155E+02	4,968742E+01	5,568179E+03
4,41	-1,201992E+06	2,989914E+02	4,631965E+01	5,568179E+03
4,44	-1,201992E+06	3,139985E+02	4,882416E+01	5,568179E+03
4,47	-1,201992E+06	3,061473E+02	4,829424E+01	5,568179E+03
4,5	-1,201992E+06	3,166292E+02	5,018933E+01	5,568179E+03
4,53	-1,201992E+06	3,082458E+02	4,936739E+01	5,568179E+03
4,56	-1,201993E+06	3,191464E+02	5,075236E+01	5,568179E+03
4,59	-1,201992E+06	3,136116E+02	4,954826E+01	5,568179E+03
4,62	-1,201992E+06	3,038673E+02	4,884619E+01	5,568179E+03
4,65	-1,201992E+06	3,037231E+02	5,076586E+01	5,568179E+03
4,68	-1,201992E+06	3,121129E+02	4,821492E+01	5,568179E+03
4,71	-1,201992E+06	3,042986E+02	5,118619E+01	5,568179E+03
4,74	-1,201992E+06	3,010059E+02	5,000170E+01	5,568179E+03
4,77	-1,201992E+06	3,076165E+02	4,864037E+01	5,568179E+03
4,8	-1,201992E+06	3,187475E+02	5,339029E+01	5,568179E+03
4,83	-1,201992E+06	3,199095E+02	5,247388E+01	5,568179E+03
4,86	-1,201992E+06	3,043492E+02	5,328293E+01	5,568179E+03
4,89	-1,201992E+06	3,094853E+02	5,176972E+01	5,568179E+03
4,92	-1,201992E+06	3,075232E+02	5,369767E+01	5,568179E+03
4,95	-1,201992E+06	3,067879E+02	4,925569E+01	5,568179E+03
4,98	-1,201992E+06	3,084640E+02	5,408831E+01	5,568179E+03
5,01	-1,201992E+06	3,056953E+02	5,359348E+01	5,568179E+03
5,04	-1,201992E+06	3,043946E+02	5,040955E+01	5,568179E+03
5,07	-1,201992E+06	3,134892E+02	5,179245E+01	5,568179E+03
5,1	-1,201992E+06	3,124506E+02	5,352374E+01	5,568179E+03
5,13	-1,201992E+06	3,028890E+02	5,235657E+01	5,568179E+03
5,16	-1,201992E+06	3,012124E+02	5,271573E+01	5,568179E+03
5,19	-1,201992E+06	3,072793E+02	5,375164E+01	5,568179E+03
5,22	-1,201992E+06	2,958787E+02	5,203180E+01	5,568179E+03
5,25	-1,201992E+06	3,117605E+02	5,026735E+01	5,568179E+03
5,28	-1,201992E+06	3,004021E+02	5,365471E+01	5,568179E+03
5,31	-1,201992E+06	3,069227E+02	5,181496E+01	5,568179E+03
5,34	-1,201993E+06	3,273880E+02	4,803034E+01	5,568179E+03
5,37	-1,201992E+06	2,994293E+02	5,260263E+01	5,568179E+03
5,4	-1,201993E+06	3,327682E+02	4,788105E+01	5,568179E+03
5,43	-1,201992E+06	3,063681E+02	5,103975E+01	5,568179E+03
5,46	-1,201992E+06	3,141310E+02	5,320681E+01	5,568179E+03
5,49	-1,201992E+06	2,987741E+02	5,154105E+01	5,568179E+03
5,52	-1,201992E+06	3,029618E+02	5,342993E+01	5,568179E+03
5,55	-1,201992E+06	3,035194E+02	5,274272E+01	5,568179E+03
5,58	-1,201992E+06	3,212569E+02	5,351988E+01	5,568179E+03
5,61	-1,201993E+06	3,155003E+02	5,076873E+01	5,568179E+03
5,64	-1,201992E+06	3,031935E+02	5,326078E+01	5,568179E+03
5,67	-1,201993E+06	3,150158E+02	4,960094E+01	5,568179E+03
5,7	-1,201993E+06	3,039829E+02	5,098741E+01	5,568179E+03
5,73	-1,201993E+06	3,168534E+02	5,419267E+01	5,568179E+03
5,76	-1,201992E+06	2,883905E+02	5,122374E+01	5,568179E+03
5,79	-1,201993E+06	2,966669E+02	5,015829E+01	5,568179E+03
5,82	-1,201993E+06	3,158776E+02	5,310681E+01	5,568179E+03
5,85	-1,201993E+06	3,229584E+02	5,075098E+01	5,568179E+03
5,88	-1,201993E+06	3,150246E+02	5,059123E+01	5,568179E+03
5,91	-1,201993E+06	3,248431E+02	5,206114E+01	5,568179E+03
5,94	-1,201993E+06	2,914087E+02	4,968108E+01	5,568179E+03
5,97	-1,201994E+06	3,260992E+02	5,080268E+01	5,568179E+03
6,0	-1,201993E+06	3,177439E+02	5,056178E+01	5,568179E+03
6,03	-1,201993E+06	3,029598E+02	5,217921E+01	5,568179E+03
6,06	-1,201993E+06	2,955741E+02	4,892542E+01	5,568179E+03
6,09	-1,201993E+06	3,021859E+02	5,399559E+01	5,568179E+03
6,12	-1,201993E+06	3,136420E+02	5,282704E+01	5,568179E+03
6,15	-1,201993E+06	2,983297E+02	5,036079E+01	5,568179E+03
6,18	-1,201993E+06	3,125932E+02	5,432643E+01	5,568179E+03
6,21	-1,201993E+06	2,867060E+02	4,872551E+01	5,568179E+03
6,24	-1,201993E+06	3,021236E+02	5,214603E+01	5,568179E+03
6,27	-1,201993E+06	3,142321E+02	5,341639E+01	5,568179E+03
6,3	-1,201993E+06	2,953097E+02	4,975916E+01	5,568179E+03
6,33	-1,201992E+06	2,894924E+02	5,120620E+01	5,568179E+03
6,36	-1,201993E+06	3,074001E+02	5,059611E+01	5,568179E+03
6,39	-1,201993E+06	3,021194E+02	4,984875E+01	5,568179E+03
6,42	-1,201993E+06	3,222076E+02	5,236683E+01	5,568179E+03
6,45	-1,201993E+06	3,220575E+02	4,899112E+01	5,568179E+03
6,48	-1,201993E+06	3,182637E+02	5,302415E+01	5,568179E+03
6,51	-1,201992E+06	2,893843E+02	5,050075E+01	5,568179E+03
6,54	-1,201992E+06	3,024379E+02	4,991365E+01	5,568179E+03
6,57	-1,201993E+06	3,045520E+02	5,281932E+01	5,568179E+03
6,6	-1,201993E+06	3,178501E+02	4,966857E+01	5,568179E+03
6,63	-1,201993E+06	3,174769E+02	5,132766E+01	5,568179E+03
6,66	-1,201993E+06	3,144951E+02	5,194381E+01	5,568179E+03
6,69	-1,201993E+06	3,018782E+02	5,092943E+01	5,568179E+03
6,72	-1,201992E+06	2,984225E+02	5,224750E+01	5,568179E+03
6,75	-1,201993E+06	2,906761E+02	4,988864E+01	5,568179E+03
6,78	-1,201993E+06	3,125952E+02	4,945025E+01	5,568179E+03
6,81	-1,201993E+06	3,196274E+02	5,272803E+01	5,568179E+03
6,84	-1,201993E+06	3,263758E+02	5,197548E+01	5,568179E+03
6,87	-1,201992E+06	3,109403E+02	5,045614E+01	5,568179E+03
6,9	-1,201993E+06	3,115110E+02	5,260506E+01	5,568179E+03
6,93	-1,201992E+06	2,939136E+02	4,929739E+01	5,568179E+03
6,96	-1,201993E+06	3,141543E+02	5,621351E+01	5,568179E+03
6,99	-1,201993E+06	3,054138E+02	5,001688E+01	5,568179E+03
7,02	-1,201993E+06	3,299374E+02	5,424184E+01	5,568179E+03
7,05	-1,201993E+06	3,285375E+02	5,461043E+01	5,568179E+03
7,08	-1,201992E+06	3,067036E+02	5,017354E+01	5,568179E+03
7,11	-1,201993E+06	3,160883E+02	5,473754E+01	5,568179E+03
7,14	-1,201992E+06	3,039340E+02	5,268067E+01	5,568179E+03
7,17	-1,201992E+06	2,993194E+02	4,983930E+01	5,568179E+03
7,2	-1,201992E+06	3,166477E+02	5,338107E+01	5,568179E+03
7,23	-1,201992E+06	3,057653E+02	5,170808E+01	5,568179E+03
7,26	-1,201992E+06	3,156127E+02	5,469868E+01	5,568179E+03
7,29	-1,201992E+06	3,040740E+02	5,288261E+01	5,568179E+03
7,32	-1,201993E+06	3,157197E+02	5,377216E+01	5,568179E+03
7,35	-1,201993E+06	3,225314E+02	5,553678E+01	5,568179E+03
7,38	-1,201993E+06	3,157222E+02	5,255285E+01	5,568179E+03
7,41	-1,201993E+06	3,305044E+02	5,622223E+01	5,568179E+03
7,44	-1,201993E+06	3,182203E+02	5,487701E+01	5,568179E+03
7,47	-1,201992E+06	2,973764E+02	4,993035E+01	5,568179E+03
7,5	-1,201992E+06	3,014257E+02	5,835974E+01	5,568179E+03
7,53	-1,201992E+06	3,038807E+02	5,095384E+01	5,568179E+03
7,56	-1,201992E+06	2,996885E+02	5,383579E+01	5,568179E+03
7,59	-1,201992E+06	2,970854E+02	5,259402E+01	5,568179E+03
7,62	-1,201992E+06	2,915230E+02	5,117721E+01	5,568179E+03
7,65	-1,201992E+06	3,152330E+02	5,173397E+01	5,568179E+03
7,68	-1,201992E+06	2,899310E+02	5,479371E+01	5,568179E+03
7,71	-1,201992E+06	3,304390E+02	5,315001E+01	5,568179E+03
7,74	-1,201992E+06	2,948642E+02	5,150880E+01	5,568179E+03
7,77	-1,201992E+06	3,023032E+02	5,339556E+01	5,568179E+03
7,8	-1,201992E+06	2,939442E+02	5,288825E+01	5,568179E+03
7,83	-1,201993E+06	3,124165E+02	5,132237E+01	5,568179E+03
7,86	-1,201992E+06	3,161478E+02	5,402553E+01	5,568179E+03
7,89	-1,201993E+06	3,115877E+02	5,255484E+01	5,568179E+03
7,92	-1,201992E+06	3,128147E+02	5,025268E+01	5,568179E+03
7,95	-1,201993E+06	3,171852E+02	5,340671E+01	5,568179E+03
7,98	-1,201993E+06	3,236735E+02	5,464265E+01	5,568179E+03
8,01	-1,201992E+06	3,047882E+02	4,855362E+01	5,568179E+03
8,04	-1,201992E+06	3,046317E+02	5,396883E+01	5,568179E+03
8,07	-1,201992E+06	3,030130E+02	5,074732E+01	5,568179E+03
8,1	-1,201993E+06	3,192572E+02	4,923420E+01	5,568179E+03
8,13	-1,201992E+06	3,126521E+02	5,136912E+01	5,568179E+03
8,16	-1,201993E+06	3,134126E+02	4,887241E+01	5,568179E+03
8,19	-1,201992E+06	3,135177E+02	4,708076E+01	5,568179E+03
8,22	-1,201992E+06	3,106473E+02	5,074450E+01	5,568179E+03
8,25	-1,201993E+06	3,080048E+02	5,027880E+01	5,568179E+03
8,28	-1,201992E+06	3,193511E+02	5,131087E+01	5,568179E+03
8,31	-1,201992E+06	3,052990E+02	5,025592E+01	5,568179E+03
8,34	-1,201993E+06	3,187633E+02	5,230115E+01	5,568179E+03
8,37	-1,201992E+06	2,856444E+02	4,828550E+01	5,568179E+03
8,4	-1,201993E+06	3,277357E+02	5,161121E+01	5,568179E+03
8,43	-1,201992E+06	3,110520E+02	5,133975E+01	5,568179E+03
8,46	-1,201992E+06	3,097819E+02	4,976595E+01	5,568179E+03
8,49	-1,201992E+06	3,033756E+02	5,134742E+01	5,568179E+03
8,52	-1,201992E+06	3,126195E+02	5,193895E+01	5,568179E+03
8,55	-1,201992E+06	3,158264E+02	5,157650E+01	5,568179E+03
8,58	-1,201992E+06	3,114640E+02	5,302929E+01	5,568179E+03
8,61	-1,201992E+06	3,012666E+02	5,130663E+01	5,568179E+03
8,64	-1,201992E+06	2,894192E+02	5,159608E+01	5,568179E+03
8,67	-1,201992E+06	3,119312E+02	5,233912E+01	5,568179E+03
8,7	-1,201992E+06	3,278732E+02	5,119330E+01	5,568179E+03
8,73	-1,201993E+06	3,312929E+02	5,110404E+01	5,568179E+03
8,76	-1,201992E+06	3,175212E+02	5,343465E+01	5,568179E+03
8,79	-1,201993E+06	3,214928E+02	5,249114E+01	5,568179E+03
8,82	-1,201992E+06	3,128202E+02	5,448435E+01	5,568179E+03
8,85	-1,201992E+06	2,973943E+02	5,190506E+01	5,568179E+03
8,88	-1,201992E+06	3,248675E+02	5,487720E+01	5,568179E+03
8,91	-1,201992E+06	2,910030E+02	5,345574E+01	5,568179E+03
8,94	-1,201993E+06	3,234111E+02	5,550393E+01	5,568179E+03
8,97	-1,201992E+06	3,170057E+02	5,597446E+01	5,568179E+03
9,0	-1,201993E+06	3,198120E+02	5,079647E+01	5,568179E+03
9,03	-1,201992E+06	3,131380E+02	5,215819E+01	5,568179E+03
9,06	-1,201992E+06	3,074639E+02	5,251827E+01	5,568179E+03
9,09	-1,201992E+06	3,098719E+02	5,174819E+01	5,568179E+03
9,12	-1,201993E+06	3,113161E+02	5,384095E+01	5,568179E+03
9,15	-1,201993E+06	3,170837E+02	5,503854E+01	5,568179E+03
9,18	-1,201992E+06	3,043182E+02	5,531386E+01	5,568179E+03
9,21	-1,201993E+06	3,082739E+02	5,315103E+01	5,568179E+03
9,24	-1,201992E+06	2,993820E+02	5,281458E+01	5,568179E+03
9,27	-1,201993E+06	3,149954E+02	5,517761E+01	5,568179E+03
9,3	-1,201993E+06	3,066851E+02	5,107378E+01	5,568179E+03
9,33	-1,201993E+06	3,053531E+02	5,170408E+01	5,568179E+03
9,36	-1,201993E+06	3,132021E+02	5,532228E+01	5,568179E+03
9,39	-1,201993E+06	3,008285E+02	4,985466E+01	5,568179E+03
9,42	-1,201993E+06	3,047402E+02	5,293013E+01	5,568179E+03
9,45	-1,201993E+06	2,986802E+02	5,326418E+01	5,568179E+03
9,48	-1,201993E+06	3,142859E+02	5,209472E+01	5,568179E+03
9,51	-1,201993E+06	3,058021E+02	5,078636E+01	5,568179E+03
9,54	-1,201993E+06	3,269960E+02	5,193491E+01	5,568179E+03
9,57	-1,201992E+06	3,130772E+02	5,551504E+01	5,568179E+03
9,6	-1,201993E+06	2,997067E+02	4,666672E+01	5,568179E+03
9,63	-1,201993E+06	3,258554E+02	5,132692E+01	5,568179E+03
9,66	-1,201993E+06	2,985246E+02	5,173313E+01	5,568179E+03
9,69	-1,201993E+06	3,234455E+02	4,721518E+01	5,568179E+03
9,72	-1,201993E+06	3,212894E+02	5,333572E+01	5,568179E+03
9,75	-1,201993E+06	3,150143E+02	5,238424E+01	5,568179E+03
9,78	-1,201992E+06	2,979738E+02	4,730703E+01	5,568179E+03
9,81	-1,201993E+06	3,061884E+02	5,041850E+01	5,568179E+03
9,84	-1,201993E+06	3,047379E+02	4,965817E+01	5,568179E+03
9,87	-1,201993E+06	3,190427E+02	5,028480E+01	5,568179E+03
9,9	-1,201993E+06	3,264273E+02	5,140502E+01	5,568179E+03
9,93	-1,201993E+06	3,163545E+02	4,911727E+01	5,568179E+03
9,96	-1,201993E+06	3,032451E+02	4,802905E+01	5,568179E+03
9,99	-1,201993E+06	3,316153E+02	4,963483E+01	5,568179E+03
10,02	-1,201993E+06	3,167553E+02	4,946545E+01	5,568179E+03
10,05	-1,201993E+06	3,201794E+02	5,013906E+01	5,568179E+03
10,08	-1,201993E+06	3,260952E+02	4,869904E+01	5,568179E+03
10,11	-1,201993E+06	3,012172E+02	5,117472E+01	5,568179E+03
10,14	-1,201992E+06	2,984471E+02	4,685482E+01	5,568179E+03
10,17	-1,201992E+06	3,022394E+02	5,327963E+01	5,568179E+03
10,2	-1,201993E+06	3,181966E+02	5,249287E+01	5,568179E+03
10,23	-1,201992E+06	3,025600E+02	4,838009E+01	5,568179E+03
10,26	-1,201993E+06	3,012648E+02	5,421143E+01	5,568179E+03
10,29	-1,201993E+06	3,055428E+02	5,076630E+01	5,568179E+03
10,32	-1,201993E+06	3,119289E+02	4,832818E+01	5,568179E+03
10,35	-1,201993E+06	3,191274E+02	5,397618E+01	5,568179E+03
10,38	-1,201993E+06	3,106628E+02	5,070099E+01	5,568179E+03
10,41	-1,201993E+06	3,200239E+02	4,986868E+01	5,568179E+03
10,44	-1,201993E+06	3,093949E+02	5,450023E+01	5,568179E+03
10,47	-1,201993E+06	3,126955E+02	5,087187E+01	5,568179E+03
10,5	-1,201993E+06	3,053033E+02	5,203671E+01	5,568179E+03
10,53	-1,201992E+06	2,874938E+02	4,918150E+01	5,568179E+03
10,56	-1,201993E+06	3,163531E+02	5,514851E+01	5,568179E+03
10,59	-1,201993E+06	3,076146E+02	5,395668E+01	5,568179E+03
10,62	-1,201993E+06	2,954406E+02	5,034081E+01	5,568179E+03
10,65	-1,201992E+06	2,973621E+02	5,706146E+01	5,568179E+03
10,68	-1,201993E+06	3,225461E+02	5,394509E+01	5,568179E+03
10,71	-1,201993E+06	2,964760E+02	5,204652E+01	5,568179E+03
10,74	-1,201993E+06	3,102579E+02	5,691873E+01	5,568179E+03
10,77	-1,201993E+06	3,139989E+02	5,244651E+01	5,568179E+03
10,8	-1,201993E+06	3,052831E+02	5,340089E+01	5,568179E+03
10,83	-1,201993E+06	3,058771E+02	5,399129E+01	5,568179E+03
10,86	-1,201993E+06	3,037327E+02	4,981294E+01	5,568179E+03
10,89	-1,201993E+06	3,052540E+02	5,474844E+01	5,568179E+03
10,92	-1,201993E+06	3,129343E+02	5,090453E+01	5,568179E+03
10,95	-1,201993E+06	3,177875E+02	5,365964E+01	5,568179E+03
10,98	-1,201993E+06	3,078715E+02	5,480371E+01	5,568179E+03
11,01	-1,201993E+06	3,052219E+02	5,052403E+01	5,568179E+03
11,04	-1,201993E+06	3,035383E+02	5,544366E+01	5,568179E+03
11,07	-1,201993E+06	2,908497E+02	5,084244E+01	5,568179E+03
11,1	-1,201993E+06	3,267141E+02	5,419373E+01	5,568179E+03
11,13	-1,201993E+06	3,087836E+02	5,661475E+01	5,568179E+03
11,16	-1,201992E+06	3,025100E+02	4,682358E+01	5,568179E+03
11,19	-1,201993E+06	3,291651E+02	5,399826E+01	5,568179E+03
11,22	-1,201992E+06	3,069412E+02	5,250838E+01	5,568179E+03
11,25	-1,201993E+06	3,303952E+02	4,900551E+01	5,568179E+03
11,28	-1,201992E+06	3,078658E+02	5,394983E+01	5,568179E+03
11,31	-1,201993E+06	3,230735E+02	5,032093E+01	5,568179E+03
11,34	-1,201992E+06	3,108196E+02	5,120890E+01	5,568179E+03
11,37	-1,201993E+06	3,074509E+02	5,065347E+01	5,568179E+03
11,4	-1,201992E+06	3,089220E+02	4,978696E+01	5,568179E+03
11,43	-1,201993E+06	3,081702E+02	5,166925E+01	5,568179E+03
11,46	-1,201993E+06	3,311679E+02	4,687855E+01	5,568179E+03
11,49	-1,201992E+06	3,143966E+02	5,075815E+01	5,568179E+03
11,52	-1,201992E+06	3,111319E+02	4,999813E+01	5,568179E+03
11,55	-1,201992E+06	3,106459E+02	4,682205E+01	5,568179E+03
11,58	-1,201992E+06	2,899967E+02	5,144413E+01	5,568179E+03
11,61	-1,201992E+06	3,043566E+02	4,687884E+01	5,568179E+03
11,64	-1,201992E+06	3,040895E+02	5,093195E+01	5,568179E+03
11,67	-1,201992E+06	3,123286E+02	5,523585E+01	5,568179E+03
11,7	-1,201992E+06	2,810579E+02	4,647471E+01	5,568179E+03
11,73	-1,201992E+06	3,238534E+02	5,023296E+01	5,568179E+03
11,76	-1,201992E+06	3,007546E+02	4,987892E+01	5,568179E+03
11,79	-1,201992E+06	3,172463E+02	4,840172E+01	5,568179E+03
11,82	-1,201992E+06	3,125665E+02	5,169485E+01	5,568179E+03
11,85	-1,201992E+06	3,237389E+02	4,983166E+01	5,568179E+03
11,88	-1,201992E+06	3,025689E+02	4,854793E+01	5,568179E+03
11,91	-1,201992E+06	3,179610E+02	4,914571E+01	5,568179E+03
11,94	-1,201992E+06	3,090842E+02	5,053137E+01	5,568179E+03
11,97	-1,201992E+06	2,980826E+02	5,288908E+01	5,568179E+03
12,0	-1,201992E+06	3,129752E+02	4,752092E+01	5,568179E+03
12,03	-1,201992E+06	3,083233E+02	5,084641E+01	5,568179E+03
12,06	-1,201993E+06	3,258002E+02	5,122764E+01	5,568179E+03
12,09	-1,201992E+06	3,105366E+02	5,090430E+01	5,568179E+03
12,12	-1,201993E+06	3,150265E+02	5,551379E+01	5,568179E+03
12,15	-1,201992E+06	3,005513E+02	5,085268E+01	5,568179E+03
12,18	-1,201992E+06	2,969023E+02	5,071406E+01	5,568179E+03
12,21	-1,201992E+06	3,213654E+02	5,497913E+01	5,568179E+03
12,24	-1,201992E+06	3,008206E+02	5,433140E+01	5,568179E+03
12,27	-1,201992E+06	2,942828E+02	5,268077E+01	5,568179E+03
12,3	-1,201992E+06	3,041552E+02	5,213821E+01	5,568179E+03
12,33	-1,201992E+06	3,007072E+02	5,185490E+01	5,568179E+03
12,36	-1,201993E+06	3,074430E+02	5,230420E+01	5,568179E+03
12,39	-1,201992E+06	3,130568E+02	5,447419E+01	5,568179E+03
12,42	-1,201992E+06	3,093252E+02	5,425786E+01	5,568179E+03
12,45	-1,201992E+06	3,091192E+02	5,166174E+01	5,568179E+03
12,48	-1,201992E+06	2,865240E+02	5,091750E+01	5,568179E+03
12,51	-1,201993E+06	3,068393E+02	5,027656E+01	5,568179E+03
12,54	-1,201993E+06	3,082646E+02	5,242002E+01	5,568179E+03
12,57	-1,201993E+06	3,123146E+02	5,453392E+01	5,568179E+03
12,6	-1,201993E+06	3,207051E+02	5,184257E+01	5,568179E+03
12,63	-1,201993E+06	3,189529E+02	5,602385E+01	5,568179E+03
12,66	-1,201992E+06	2,820591E+02	5,117931E+01	5,568179E+03
12,69	-1,201993E+06	3,336361E+02	5,399541E+01	5,568179E+03
12,72	-1,201992E+06	3,003524E+02	5,423989E+01	5,568179E+03
12,75	-1,201993E+06	3,246006E+02	5,450159E+01	5,568179E+03
12,78	-1,201993E+06	2,978368E+02	5,338269E+01	5,568179E+03
12,81	-1,201993E+06	3,034150E+02	5,270607E+01	5,568179E+03
12,84	-1,201993E+06	3,052863E+02	5,048853E+01	5,568179E+03
12,87	-1,201993E+06	3,137691E+02	5,371555E+01	5,568179E+03
12,9	-1,201993E+06	3,153522E+02	5,051220E+01	5,568179E+03
12,93	-1,201992E+06	2,998301E+02	5,310610E+01	5,568179E+03
12,96	-1,201993E+06	3,156446E+02	5,230386E+01	5,568179E+03
12,99	-1,201992E+06	3,051116E+02	5,251964E+01	5,568179E+03
13,02	-1,201992E+06	2,971534E+02	5,182742E+01	5,568179E+03
13,05	-1,201992E+06	2,938778E+02	4,864655E+01	5,568179E+03
13,08	-1,201992E+06	3,217969E+02	5,274337E+01	5,568179E+03
13,11	-1,201992E+06	2,936915E+02	5,125668E+01	5,568179E+03
13,14	-1,201993E+06	3,176252E+02	4,772245E+01	5,568179E+03
13,17	-1,201992E+06	2,903756E+02	5,102717E+01	5,568179E+03
13,2	-1,201992E+06	3,153647E+02	5,109774E+01	5,568179E+03
13,23	-1,201992E+06	3,101724E+02	5,103288E+01	5,568179E+03
13,26	-1,201992E+06	3,112542E+02	4,986065E+01	5,568179E+03
13,29	-1,201993E+06	3,381522E+02	4,965840E+01	5,568179E+03
13,32	-1,201992E+06	3,043567E+02	4,866317E+01	5,568179E+03
13,35	-1,201992E+06	3,127578E+02	5,010136E+01	5,568179E+03
13,38	-1,201992E+06	2,962982E+02	4,760646E+01	5,568179E+03
13,41	-1,201992E+06	3,224439E+02	5,095315E+01	5,568179E+03
13,44	-1,201993E+06	3,205827E+02	4,573747E+01	5,568179E+03
13,47	-1,201992E+06	3,250142E+02	4,833642E+01	5,568179E+03
13,5	-1,201993E+06	3,131394E+02	5,257215E+01	5,568179E+03
13,53	-1,201992E+06	3,071690E+02	5,103166E+01	5,568179E+03
13,56	-1,201992E+06	2,951338E+02	4,826499E+01	5,568179E+03
13,59	-1,201992E+06	2,821661E+02	5,112500E+01	5,568179E+03
13,62	-1,201992E+06	3,049971E+02	5,123201E+01	5,568179E+03
13,65	-1,201993E+06	3,178010E+02	4,986086E+01	5,568179E+03
13,68	-1,201992E+06	3,131682E+02	5,145261E+01	5,568179E+03
13,71	-1,201992E+06	2,900774E+02	5,020454E+01	5,568179E+03
13,74	-1,201992E+06	2,945694E+02	5,066997E+01	5,568179E+03
13,77	-1,201992E+06	2,956364E+02	5,129548E+01	5,568179E+03
13,8	-1,201993E+06	3,169603E+02	5,507703E+01	5,568179E+03
13,83	-1,201992E+06	3,033990E+02	5,001403E+01	5,568179E+03
13,86	-1,201993E+06	3,283728E+02	5,302847E+01	5,568179E+03
13,89	-1,201992E+06	3,075881E+02	5,239736E+01	5,568179E+03
13,92	-1,201993E+06	3,124873E+02	5,049915E+01	5,568179E+03
13,95	-1,201993E+06	3,223266E+02	5,170741E+01	5,568179E+03
13,98	-1,201992E+06	3,074202E+02	5,117931E+01	5,568179E+03
14,01	-1,201993E+06	3,292505E+02	5,160241E+01	5,568179E+03
14,04	-1,201993E+06	3,095290E+02	5,195005E+01	5,568179E+03
14,07	-1,201993E+06	3,125795E+02	5,110656E+01	5,568179E+03
14,1	-1,201993E+06	3,083571E+02	5,630455E+01	5,568179E+03
14,13	-1,201992E+06	2,955131E+02	4,969165E+01	5,568179E+03
14,16	-1,201993E+06	3,010448E+02	5,083322E+01	5,568179E+03
14,19	-1,201993E+06	3,139209E+02	5,453968E+01	5,568179E+03
14,22	-1,201993E+06	3,106732E+02	5,233918E+01	5,568179E+03
14,25	-1,201993E+06	3,047293E+02	5,260057E+01	5,568179E+03
14,28	-1,201992E+06	3,000397E+02	5,131133E+01	5,568179E+03
14,31	-1,201993E+06	3,444883E+02	5,215925E+01	5,568179E+03
14,34	-1,201993E+06	2,992693E+02	5,394995E+01	5,568179E+03
14,37	-1,201993E+06	3,250724E+02	4,943206E+01	5,568179E+03
14,4	-1,201993E+06	3,106785E+02	5,331910E+01	5,568179E+03
14,43	-1,201992E+06	2,926688E+02	5,059535E+01	5,568179E+03
14,46	-1,201992E+06	2,990991E+02	5,061932E+01	5,568179E+03
14,49	-1,201992E+06	2,897111E+02	5,097693E+01	5,568179E+03
14,52	-1,201993E+06	3,111344E+02	5,185339E+01	5,568179E+03
14,55	-1,201992E+06	3,150783E+02	5,085532E+01	5,568179E+03
14,58	-1,201992E+06	3,086771E+02	5,094645E+01	5,568179E+03
14,61	-1,201992E+06	2,991912E+02	5,033629E+01	5,568179E+03
14,64	-1,201992E+06	3,018580E+02	5,385591E+01	5,568179E+03
14,67	-1,201992E+06	3,137623E+02	5,135178E+01	5,568179E+03
14,7	-1,201992E+06	3,140233E+02	5,056210E+01	5,568179E+03
14,73	-1,201993E+06	3,060082E+02	5,159559E+01	5,568179E+03
14,76	-1,201992E+06	3,064015E+02	5,259898E+01	5,568179E+03
14,79	-1,201992E+06	3,205489E+02	5,058501E+01	5,568179E+03
14,82	-1,201992E+06	3,096526E+02	5,053053E+01	5,568179E+03
14,85	-1,201992E+06	3,010115E+02	4,879979E+01	5,568179E+03
14,88	-1,201992E+06	3,107405E+02	4,974644E+01	5,568179E+03
14,91	-1,201992E+06	3,174984E+02	5,019090E+01	5,568179E+03
14,94	-1,201993E+06	3,262777E+02	5,183194E+01	5,568179E+03
14,97	-1,201992E+06	3,233860E+02	4,844503E+01	5,568179E+03
15,0	-1,201992E+06	2,920961E+02	4,674280E+01	5,568179E+03
15,03	-1,201992E+06	3,013584E+02	5,150778E+01	5,568179E+03
15,06	-1,201992E+06	2,964946E+02	5,150274E+01	5,568179E+03
15,09	-1,201992E+06	3,055813E+02	4,797261E+01	5,568179E+03
15,12	-1,201992E+06	2,943769E+02	5,186582E+01	5,568179E+03
15,15	-1,201992E+06	3,153038E+02	4,821116E+01	5,568179E+03
15,18	-1,201992E+06	3,145971E+02	5,073672E+01	5,568179E+03
15,21	-1,201992E+06	3,065957E+02	4,990016E+01	5,568179E+03
15,24	-1,201993E+06	3,392611E+02	4,785854E+01	5,568179E+03
15,27	-1,201992E+06	2,911867E+02	4,816682E+01	5,568179E+03
15,3	-1,201992E+06	3,168022E+02	5,058884E+01	5,568179E+03
15,33	-1,201992E+06	3,066146E+02	4,706844E+01	5,568179E+03
15,36	-1,201992E+06	3,036622E+02	5,120021E+01	5,568179E+03
15,39	-1,201992E+06	3,248145E+02	4,842142E+01	5,568179E+03
15,42	-1,201992E+06	3,091395E+02	4,927540E+01	5,568179E+03
15,45	-1,201992E+06	3,180315E+02	5,298351E+01	5,568179E+03
15,48	-1,201992E+06	3,276356E+02	5,030566E+01	5,568179E+03
15,51	-1,201992E+06	3,098464E+02	5,067709E+01	5,568179E+03
15,54	-1,201992E+06	3,030544E+02	4,610516E+01	5,568179E+03
15,57	-1,201992E+06	3,227703E+02	5,121439E+01	5,568179E+03
15,6	-1,201992E+06	3,207488E+02	5,187266E+01	5,568179E+03
15,63	-1,201992E+06	2,941229E+02	4,962978E+01	5,568179E+03
15,66	-1,201992E+06	3,151784E+02	5,684253E+01	5,568179E+03
15,69	-1,201992E+06	3,000711E+02	5,001139E+01	5,568179E+03
15,72	-1,201992E+06	3,052624E+02	5,156204E+01	5,568179E+03
15,75	-1,201992E+06	2,907664E+02	5,286020E+01	5,568179E+03
15,78	-1,201992E+06	3,230300E+02	5,135822E+01	5,568179E+03
15,81	-1,201992E+06	3,017524E+02	5,161507E+01	5,568179E+03
15,84	-1,201992E+06	3,230789E+02	4,921926E+01	5,568179E+03
15,87	-1,201993E+06	3,292533E+02	5,266231E+01	5,568179E+03
15,9	-1,201992E+06	2,896678E+02	4,958735E+01	5,568179E+03
15,93	-1,201993E+06	3,229397E+02	4,984818E+01	5,568179E+03
15,96	-1,201993E+06	3,196602E+02	5,513720E+01	5,568179E+03
15,99	-1,201993E+06	3,161734E+02	5,102872E+01	5,568179E+03
16,02	-1,201993E+06	3,184268E+02	5,349935E+01	5,568179E+03
16,05	-1,201993E+06	3,120295E+02	5,513473E+01	5,568179E+03
16,08	-1,201992E+06	2,976443E+02	5,083829E+01	5,568179E+03
16,11	-1,201992E+06	3,138068E+02	5,404581E+01	5,568179E+03
16,14	-1,201992E+06	2,948763E+02	4,833929E+01	5,568179E+03
16,17	-1,201992E+06	2,994427E+02	5,479057E+01	5,568179E+03
16,2	-1,201993E+06	3,144623E+02	5,010128E+01	5,568179E+03
16,23	-1,201993E+06	3,196686E+02	5,093138E+01	5,568179E+03
16,26	-1,201992E+06	3,118553E+02	5,288184E+01	5,568179E+03
16,29	-1,201993E+06	3,177001E+02	4,866627E+01	5,568179E+03
16,32	-1,201993E+06	3,058063E+02	5,239266E+01	5,568179E+03
16,35	-1,201992E+06	3,046255E+02	5,055176E+01	5,568179E+03
16,38	-1,201993E+06	3,227868E+02	5,081010E+01	5,568179E+03
16,41	-1,201992E+06	3,061556E+02	5,022060E+01	5,568179E+03
16,44	-1,201993E+06	3,298043E+02	5,161538E+01	5,568179E+03
16,47	-1,201993E+06	3,121499E+02	5,171204E+01	5,568179E+03
16,5	-1,201993E+06	3,066410E+02	4,840473E+01	5,568179E+03
16,53	-1,201993E+06	3,179218E+02	5,280959E+01	5,568179E+03
16,56	-1,201993E+06	3,179000E+02	4,964456E+01	5,568179E+03
16,59	-1,201993E+06	3,295987E+02	4,965111E+01	5,568179E+03
16,62	-1,201993E+06	3,071131E+02	4,961901E+01	5,568179E+03
16,65	-1,201993E+06	3,154169E+02	4,829330E+01	5,568179E+03
16,68	-1,201992E+06	3,120980E+02	4,853883E+01	5,568179E+03
16,71	-1,201993E+06	3,197673E+02	4,727380E+01	5,568179E+03
16,74	-1,201993E+06	3,035686E+02	4,498012E+01	5,568179E+03
16,77	-1,201992E+06	3,045844E+02	5,158369E+01	5,568179E+03
16,8	-1,201992E+06	2,934403E+02	4,625710E+01	5,568179E+03
16,83	-1,201992E+06	3,173318E+02	4,926357E+01	5,568179E+03
16,86	-1,201992E+06	2,995611E+02	4,818456E+01	5,568179E+03
16,89	-1,201992E+06	2,967975E+02	5,047877E+01	5,568179E+03
16,92	-1,201993E+06	3,336873E+02	5,149475E+01	5,568179E+03
16,95	-1,201992E+06	3,275717E+02	4,790813E+01	5,568179E+03
16,98	-1,201993E+06	3,216946E+02	5,120684E+01	5,568179E+03
17,01	-1,201993E+06	3,287391E+02	4,915130E+01	5,568179E+03
17,04	-1,201993E+06	3,147582E+02	4,975930E+01	5,568179E+03
17,07	-1,201992E+06	3,092308E+02	5,288913E+01	5,568179E+03
17,1	-1,201993E+06	3,227237E+02	4,925536E+01	5,568179E+03
17,13	-1,201992E+06	2,936617E+02	5,239773E+01	5,568179E+03
17,16	-1,201992E+06	3,149333E+02	5,365255E+01	5,568179E+03
17,19	-1,201992E+06	2,966504E+02	5,114314E+01	5,568179E+03
17,22	-1,201992E+06	3,182393E+02	5,162606E+01	5,568179E+03
17,25	-1,201993E+06	3,153862E+02	5,010836E+01	5,568179E+03
17,28	-1,201992E+06	3,124813E+02	5,431749E+01	5,568179E+03
17,31	-1,201992E+06	3,082866E+02	5,130888E+01	5,568179E+03
17,34	-1,201992E+06	3,052734E+02	5,336041E+01	5,568179E+03
17,37	-1,201992E+06	3,059263E+02	5,130378E+01	5,568179E+03
17,4	-1,201992E+06	3,022732E+02	5,152078E+01	5,568179E+03
17,43	-1,201992E+06	3,056117E+02	5,326851E+01	5,568179E+03
17,46	-1,201992E+06	3,082179E+02	5,253864E+01	5,568179E+03
17,49	-1,201993E+06	3,188717E+02	5,537296E+01	5,568179E+03
17,52	-1,201993E+06	3,179873E+02	5,171345E+01	5,568179E+03
17,55	-1,201993E+06	3,316719E+02	5,423908E+01	5,568179E+03
17,58	-1,201993E+06	3,027024E+02	5,534883E+01	5,568179E+03
17,61	-1,201992E+06	3,080188E+02	5,020847E+01	5,568179E+03
17,64	-1,201993E+06	2,940077E+02	5,482582E+01	5,568179E+03
17,67	-1,201992E+06	3,067662E+02	5,084908E+01	5,568179E+03
17,7	-1,201992E+06	3,135875E+02	5,381031E+01	5,568179E+03
17,73	-1,201992E+06	3,107147E+02	5,350389E+01	5,568179E+03
17,76	-1,201992E+06	2,948817E+02	5,110245E+01	5,568179E+03
17,79	-1,201992E+06	3,064163E+02	5,521418E+01	5,568179E+03
17,82	-1,201992E+06	2,971324E+02	5,088285E+01	5,568179E+03
17,85	-1,201992E+06	3,140010E+02	5,584650E+01	5,568179E+03
17,88	-1,201992E+06	2,963778E+02	5,449654E+01	5,568179E+03
17,91	-1,201993E+06	3,179475E+02	5,315778E+01	5,568179E+03
17,94	-1,201993E+06	3,012352E+02	5,636642E+01	5,568179E+03
17,97	-1,201992E+06	3,060940E+02	5,136404E+01	5,568179E+03
18,0	-1,201992E+06	2,977330E+02	5,330990E+01	5,568179E+03
18,03	-1,201992E+06	2,765420E+02	5,491124E+01	5,568179E+03
18,06	-1,201993E+06	3,198864E+02	5,024076E+01	5,568179E+03
18,09	-1,201993E+06	3,042596E+02	5,128514E+01	5,568179E+03
18,12	-1,201993E+06	3,217402E+02	5,310502E+01	5,568179E+03
18,15	-1,201992E+06	2,889587E+02	4,941538E+01	5,568179E+03
18,18	-1,201993E+06	3,172083E+02	5,454976E+01	5,568179E+03
18,21	-1,201993E+06	3,145092E+02	5,195927E+01	5,568179E+03
18,24	-1,201993E+06	3,110983E+02	5,084418E+01	5,568179E+03
18,27	-1,201993E+06	3,256029E+02	4,924120E+01	5,568179E+03
18,3	-1,201993E+06	3,125554E+02	4,685678E+01	5,568179E+03
18,33	-1,201993E+06	3,085533E+02	5,233820E+01	5,568179E+03
18,36	-1,201993E+06	3,176573E+02	4,689667E+01	5,568179E+03
18,39	-1,201993E+06	3,299695E+02	5,030192E+01	5,568179E+03
18,42	-1,201993E+06	2,998215E+02	5,201990E+01	5,568179E+03
18,45	-1,201993E+06	2,920217E+02	4,810994E+01	5,568179E+03
18,48	-1,201992E+06	3,003813E+02	5,086854E+01	5,568179E+03
18,51	-1,201993E+06	3,031766E+02	4,949220E+01	5,568179E+03
18,54	-1,201993E+06	3,213299E+02	4,762309E+01	5,568179E+03
18,57	-1,201992E+06	3,092521E+02	4,971765E+01	5,568179E+03
18,6	-1,201993E+06	3,001545E+02	4,630815E+01	5,568179E+03
18,63	-1,201992E+06	3,146716E+02	4,988637E+01	5,568179E+03
18,66	-1,201993E+06	3,165370E+02	5,050978E+01	5,568179E+03
18,69	-1,201992E+06	2,985835E+02	4,525933E+01	5,568179E+03
18,72	-1,201993E+06	3,191191E+02	4,901632E+01	5,568179E+03
18,75	-1,201993E+06	3,172105E+02	4,793636E+01	5,568179E+03
18,78	-1,201993E+06	3,374199E+02	4,786375E+01	5,568179E+03
18,81	-1,201993E+06	3,029496E+02	4,658515E+01	5,568179E+03
18,84	-1,201992E+06	2,940107E+02	5,085087E+01	5,568179E+03
18,87	-1,201992E+06	3,145206E+02	4,905789E+01	5,568179E+03
18,9	-1,201992E+06	3,291502E+02	4,962187E+01	5,568179E+03
18,93	-1,201992E+06	3,196922E+02	5,032675E+01	5,568179E+03
18,96	-1,201992E+06	3,109739E+02	5,193912E+01	5,568179E+03
18,99	-1,201992E+06	3,129562E+02	5,024123E+01	5,568179E+03
19,02	-1,201992E+06	3,184233E+02	5,413851E+01	5,568179E+03
19,05	-1,201992E+06	3,239867E+02	5,306549E+01	5,568179E+03
19,08	-1,201992E+06	3,082532E+02	5,226345E+01	5,568179E+03
19,11	-1,201992E+06	3,152391E+02	5,245464E+01	5,568179E+03
19,14	-1,201992E+06	3,017388E+02	5,154170E+01	5,568179E+03
19,17	-1,201992E+06	2,951942E+02	5,266174E+01	5,568179E+03
19,2	-1,201992E+06	3,126456E+02	5,156149E+01	5,568179E+03
19,23	-1,201992E+06	3,073051E+02	5,130629E+01	5,568179E+03
19,26	-1,201992E+06	3,190735E+02	5,215821E+01	5,568179E+03
19,29	-1,201992E+06	3,104901E+02	5,171824E+01	5,568179E+03
19,32	-1,201992E+06	3,149567E+02	5,235179E+01	5,568179E+03
19,35	-1,201992E+06	3,160324E+02	5,309058E+01	5,568179E+03
19,38	-1,201992E+06	2,936394E+02	5,298991E+01	5,568179E+03
19,41	-1,201992E+06	3,192142E+02	5,446652E+01	5,568179E+03
19,44	-1,201992E+06	3,189161E+02	5,624069E+01	5,568179E+03
19,47	-1,201992E+06	3,114229E+02	5,544239E+01	5,568179E+03
19,5	-1,201993E+06	3,222405E+02	5,462943E+01	5,568179E+03
19,53	-1,201992E+06	3,247117E+02	5,484539E+01	5,568179E+03
19,56	-1,201992E+06	3,029851E+02	5,365864E+01	5,568179E+03
19,59	-1,201992E+06	3,062066E+02	5,271021E+01	5,568179E+03
19,62	-1,201992E+06	3,137461E+02	5,286670E+01	5,568179E+03
19,65	-1,201992E+06	3,189554E+02	5,526764E+01	5,568179E+03
19,68	-1,201992E+06	3,048499E+02	4,966391E+01	5,568179E+03
19,71	-1,201992E+06	2,857690E+02	5,242193E+01	5,568179E+03
19,74	-1,201992E+06	3,050579E+02	5,220457E+01	5,568179E+03
19,77	-1,201992E+06	3,216228E+02	5,111118E+01	5,568179E+03
19,8	-1,201992E+06	3,189700E+02	5,140717E+01	5,568179E+03
19,83	-1,201992E+06	3,076298E+02	5,297632E+01	5,568179E+03
19,86	-1,201992E+06	3,023404E+02	5,252562E+01	5,568179E+03
19,89	-1,201992E+06	3,040854E+02	5,170391E+01	5,568179E+03
19,92	-1,201992E+06	2,922437E+02	5,232350E+01	5,568179E+03
19,95	-1,201992E+06	3,057397E+02	5,173795E+01	5,568179E+03
19,98	-1,201993E+06	3,222317E+02	5,202562E+01	5,568179E+03
20,01	-1,201992E+06	2,958806E+02	5,296806E+01	5,568179E+03
20,04	-1,201992E+06	2,957236E+02	5,009128E+01	5,568179E+03
20,07	-1,201993E+06	3,089382E+02	5,114102E+01	5,568179E+03
20,1	-1,201992E+06	3,002480E+02	5,057124E+01	5,568179E+03
20,13	-1,201993E+06	3,365897E+02	4,975959E+01	5,568179E+03
20,16	-1,201993E+06	3,268063E+02	5,203439E+01	5,568179E+03
20,19	-1,201993E+06	3,125207E+02	4,813520E+01	5,568179E+03
20,22	-1,201993E+06	3,103200E+02	4,796273E+01	5,568179E+03
20,25	-1,201992E+06	3,127988E+02	4,862023E+01	5,568179E+03
20,28	-1,201993E+06	3,064395E+02	4,904015E+01	5,568179E+03
20,31	-1,201993E+06	3,012431E+02	4,742880E+01	5,568179E+03
20,34	-1,201993E+06	3,250594E+02	4,892255E+01	5,568179E+03
20,37	-1,201993E+06	3,134192E+02	4,836613E+01	5,568179E+03
20,4	-1,201993E+06	3,193527E+02	4,820584E+01	5,568179E+03
20,43	-1,201992E+06	2,880000E+02	4,446550E+01	5,568179E+03
20,46	-1,201992E+06	3,051402E+02	5,067641E+01	5,568179E+03
20,49	-1,201992E+06	3,004511E+02	4,560970E+01	5,568179E+03
20,52	-1,201992E+06	2,970162E+02	4,523146E+01	5,568179E+03
20,55	-1,201992E+06	2,995441E+02	4,944411E+01	5,568179E+03
20,58	-1,201993E+06	3,192810E+02	4,816132E+01	5,568179E+03
20,61	-1,201992E+06	3,077229E+02	4,747821E+01	5,568179E+03
20,64	-1,201992E+06	2,922181E+02	4,687915E+01	5,568179E+03
20,67	-1,201993E+06	3,263329E+02	4,771425E+01	5,568179E+03
20,7	-1,201992E+06	3,124027E+02	4,940626E+01	5,568179E+03
20,73	-1,201992E+06	3,012493E+02	4,788696E+01	5,568179E+03
20,76	-1,201993E+06	3,170502E+02	5,164606E+01	5,568179E+03
20,79	-1,201993E+06	3,190675E+02	5,100560E+01	5,568179E+03
20,82	-1,201993E+06	3,298529E+02	5,207088E+01	5,568179E+03
20,85	-1,201993E+06	3,121083E+02	5,240522E+01	5,568179E+03
20,88	-1,201993E+06	3,204558E+02	5,198729E+01	5,568179E+03
20,91	-1,201993E+06	3,043319E+02	5,382513E+01	5,568179E+03
20,94	-1,201992E+06	3,081024E+02	5,260682E+01	5,568179E+03
20,97	-1,201993E+06	3,035648E+02	5,179760E+01	5,568179E+03
21,0	-1,201992E+06	2,900593E+02	5,633375E+01	5,568179E+03
21,03	-1,201993E+06	3,159885E+02	4,875847E+01	5,568179E+03
21,06	-1,201993E+06	3,125050E+02	4,985790E+01	5,568179E+03
21,09	-1,201992E+06	2,869905E+02	5,191050E+01	5,568179E+03
21,12	-1,201992E+06	3,013255E+02	5,209648E+01	5,568179E+03
21,15	-1,201992E+06	3,012871E+02	5,129733E+01	5,568179E+03
21,18	-1,201992E+06	3,002079E+02	5,161371E+01	5,568179E+03
21,21	-1,201992E+06	2,912480E+02	5,484984E+01	5,568179E+03
21,24	-1,201993E+06	3,157420E+02	5,579089E+01	5,568179E+03
21,27	-1,201992E+06	3,097586E+02	5,639650E+01	5,568179E+03
21,3	-1,201993E+06	2,961986E+02	5,792343E+01	5,568179E+03
21,33	-1,201993E+06	2,902342E+02	5,059380E+01	5,568179E+03
21,36	-1,201992E+06	3,095440E+02	5,763431E+01	5,568179E+03
21,39	-1,201993E+06	3,178963E+02	5,449872E+01	5,568179E+03
21,42	-1,201992E+06	2,997303E+02	5,488828E+01	5,568179E+03
21,45	-1,201993E+06	3,243556E+02	5,493729E+01	5,568179E+03
21,48	-1,201992E+06	3,071272E+02	5,352956E+01	5,568179E+03
21,51	-1,201993E+06	3,149753E+02	5,507500E+01	5,568179E+03
21,54	-1,201993E+06	3,087377E+02	5,103404E+01	5,568179E+03
21,57	-1,201992E+06	2,941050E+02	5,505562E+01	5,568179E+03
21,6	-1,201992E+06	2,952074E+02	5,323352E+01	5,568179E+03
21,63	-1,201992E+06	2,959954E+02	4,893432E+01	5,568179E+03
21,66	-1,201993E+06	3,116180E+02	5,491174E+01	5,568179E+03
21,69	-1,201993E+06	3,202656E+02	4,847959E+01	5,568179E+03
21,72	-1,201993E+06	3,078777E+02	5,516308E+01	5,568179E+03
21,75	-1,201993E+06	3,186716E+02	5,290208E+01	5,568179E+03
21,78	-1,201992E+06	2,947485E+02	5,198235E+01	5,568179E+03
21,81	-1,201993E+06	3,119871E+02	5,179389E+01	5,568179E+03
21,84	-1,201992E+06	2,901525E+02	5,164420E+01	5,568179E+03
21,87	-1,201992E+06	3,084804E+02	5,248852E+01	5,568179E+03
21,9	-1,201992E+06	3,094752E+02	5,014341E+01	5,568179E+03
21,93	-1,201993E+06	3,130966E+02	5,204439E+01	5,568179E+03
21,96	-1,201992E+06	2,951216E+02	5,337757E+01	5,568179E+03
21,99	-1,201992E+06	3,021382E+02	4,552667E+01	5,568179E+03
22,02	-1,201993E+06	3,183151E+02	5,145158E+01	5,568179E+03
22,05	-1,201992E+06	3,183696E+02	4,866380E+01	5,568179E+03
22,08	-1,201993E+06	3,239085E+02	4,474007E+01	5,568179E+03
22,11	-1,201992E+06	3,104234E+02	5,201380E+01	5,568179E+03
22,14	-1,201992E+06	3,088623E+02	4,779025E+01	5,568179E+03
22,17	-1,201992E+06	2,979223E+02	4,544755E+01	5,568179E+03
22,2	-1,201992E+06	3,136281E+02	4,913182E+01	5,568179E+03
22,23	-1,201992E+06	3,202761E+02	4,940007E+01	5,568179E+03
22,26	-1,201992E+06	3,144080E+02	4,889471E+01	5,568179E+03
22,29	-1,201993E+06	3,116788E+02	4,846672E+01	5,568179E+03
22,32	-1,201993E+06	3,167813E+02	5,310697E+01	5,568179E+03
22,35	-1,201993E+06	3,102312E+02	4,717592E+01	5,568179E+03
22,38	-1,201993E+06	3,182928E+02	5,161722E+01	5,568179E+03
22,41	-1,201992E+06	3,067358E+02	5,032902E+01	5,568179E+03
22,44	-1,201992E+06	2,942579E+02	4,777634E+01	5,568179E+03
22,47	-1,201993E+06	3,226028E+02	5,073789E+01	5,568179E+03
22,5	-1,201992E+06	2,969692E+02	5,311497E+01	5,568179E+03
22,53	-1,201993E+06	3,068243E+02	4,955446E+01	5,568179E+03
22,56	-1,201993E+06	3,204684E+02	5,192495E+01	5,568179E+03
22,59	-1,201992E+06	2,976778E+02	5,298290E+01	5,568179E+03
22,62	-1,201993E+06	3,089453E+02	5,004953E+01	5,568179E+03
22,65	-1,201992E+06	2,907890E+02	5,122962E+01	5,568179E+03
22,68	-1,201992E+06	2,964107E+02	5,404505E+01	5,568179E+03
22,71	-1,201993E+06	3,024650E+02	4,957513E+01	5,568179E+03
22,74	-1,201993E+06	3,042753E+02	5,329802E+01	5,568179E+03
22,77	-1,201993E+06	2,951621E+02	5,305019E+01	5,568179E+03
22,8	-1,201993E+06	3,099699E+02	5,136211E+01	5,568179E+03
22,83	-1,201993E+06	3,015515E+02	5,540181E+01	5,568179E+03
22,86	-1,201993E+06	3,231477E+02	5,490174E+01	5,568179E+03
22,89	-1,201993E+06	3,080766E+02	5,178593E+01	5,568179E+03
22,92	-1,201993E+06	3,091089E+02	5,428126E+01	5,568179E+03
22,95	-1,201993E+06	3,059980E+02	5,092178E+01	5,568179E+03
22,98	-1,201993E+06	3,011439E+02	5,614539E+01	5,568179E+03
23,01	-1,201993E+06	2,927580E+02	4,811464E+01	5,568179E+03
23,04	-1,201993E+06	3,053964E+02	5,462373E+01	5,568179E+03
23,07	-1,201993E+06	3,114758E+02	5,309562E+01	5,568179E+03
23,1	-1,201993E+06	3,183283E+02	4,960713E+01	5,568179E+03
23,13	-1,201993E+06	3,111254E+02	5,688899E+01	5,568179E+03
23,16	-1,201993E+06	3,060352E+02	5,113529E+01	5,568179E+03
23,19	-1,201993E+06	3,006840E+02	5,269952E+01	5,568179E+03
23,22	-1,201993E+06	3,252449E+02	5,582457E+01	5,568179E+03
23,25	-1,201993E+06	3,122242E+02	4,853298E+01	5,568179E+03
23,28	-1,201993E+06	2,916743E+02	5,435286E+01	5,568179E+03
23,31	-1,201993E+06	3,018075E+02	4,792738E+01	5,568179E+03
23,34	-1,201993E+06	3,239845E+02	5,245158E+01	5,568179E+03
23,37	-1,201993E+06	3,064698E+02	5,354706E+01	5,568179E+03
23,4	-1,201993E+06	3,111896E+02	4,983088E+01	5,568179E+03
23,43	-1,201993E+06	3,044159E+02	5,298989E+01	5,568179E+03
23,46	-1,201993E+06	3,131333E+02	4,970938E+01	5,568179E+03
23,49	-1,201993E+06	3,251831E+02	5,181469E+01	5,568179E+03
23,52	-1,201993E+06	3,026005E+02	5,155426E+01	5,568179E+03
23,55	-1,201993E+06	3,096534E+02	4,784265E+01	5,568179E+03
23,58	-1,201993E+06	2,976973E+02	5,340707E+01	5,568179E+03
23,61	-1,201993E+06	3,174262E+02	4,911414E+01	5,568179E+03
23,64	-1,201993E+06	3,249345E+02	4,939437E+01	5,568179E+03
23,67	-1,201993E+06	3,240985E+02	5,336830E+01	5,568179E+03
23,7	-1,201992E+06	3,042040E+02	4,974102E+01	5,568179E+03
23,73	-1,201993E+06	3,042722E+02	5,023614E+01	5,568179E+03
23,76	-1,201993E+06	3,245369E+02	4,794746E+01	5,568179E+03
23,79	-1,201993E+06	3,083549E+02	5,062561E+01	5,568179E+03
23,82	-1,201993E+06	3,053324E+02	4,822079E+01	5,568179E+03
23,85	-1,201993E+06	3,191031E+02	4,651898E+01	5,568179E+03
23,88	-1,201992E+06	3,000992E+02	5,061692E+01	5,568179E+03
23,91	-1,201993E+06	3,093134E+02	4,685551E+01	5,568179E+03
23,94	-1,201992E+06	2,928044E+02	4,647081E+01	5,568179E+03
23,97	-1,201993E+06	3,126080E+02	5,025998E+01	5,568179E+03
24,0	-1,201992E+06	3,105865E+02	4,670675E+01	5,568179E+03
24,03	-1,201992E+06	2,997421E+02	4,832306E+01	5,568179E+03
24,06	-1,201992E+06	3,039121E+02	4,947624E+01	5,568179E+03
24,09	-1,201992E+06	2,936361E+02	5,052485E+01	5,568179E+03
24,12	-1,201992E+06	3,015842E+02	4,774127E+01	5,568179E+03
24,15	-1,201993E+06	3,056129E+02	4,992105E+01	5,568179E+03
24,18	-1,201992E+06	3,073366E+02	4,914867E+01	5,568179E+03
24,21	-1,201992E+06	3,126889E+02	4,958626E+01	5,568179E+03
24,24	-1,201992E+06	2,896550E+02	5,334605E+01	5,568179E+03
24,27	-1,201992E+06	2,965968E+02	5,053479E+01	5,568179E+03
24,3	-1,201993E+06	3,292221E+02	5,321972E+01	5,568179E+03
24,33	-1,201992E+06	3,094496E+02	5,110033E+01	5,568179E+03
24,36	-1,201992E+06	3,055700E+02	4,998926E+01	5,568179E+03
24,39	-1,201992E+06	3,145847E+02	5,079529E+01	5,568179E+03
24,42	-1,201992E+06	2,868153E+02	4,850062E+01	5,568179E+03
24,45	-1,201992E+06	3,130814E+02	5,256968E+01	5,568179E+03
24,48	-1,201992E+06	3,129443E+02	5,190759E+01	5,568179E+03
24,51	-1,201993E+06	3,280481E+02	5,330634E+01	5,568179E+03
24,54	-1,201993E+06	3,361680E+02	5,299605E+01	5,568179E+03
24,57	-1,201992E+06	3,082570E+02	5,293000E+01	5,568179E+03
24,6	-1,201993E+06	3,126017E+02	5,469438E+01	5,568179E+03
24,63	-1,201992E+06	2,984030E+02	5,201675E+01	5,568179E+03
24,66	-1,201993E+06	3,118506E+02	5,351906E+01	5,568179E+03
24,69	-1,201992E+06	2,969413E+02	5,414883E+01	5,568179E+03
24,72	-1,201992E+06	3,170008E+02	5,137553E+01	5,568179E+03
24,75	-1,201992E+06	3,168488E+02	5,572902E+01	5,568179E+03
24,78	-1,201993E+06	3,142749E+02	5,380398E+01	5,568179E+03
24,81	-1,201992E+06	3,002161E+02	5,635378E+01	5,568179E+03
24,84	-1,201992E+06	3,201998E+02	5,573445E+01	5,568179E+03
24,87	-1,201993E+06	3,074196E+02	5,191202E+01	5,568179E+03
24,9	-1,201992E+06	3,017500E+02	5,613530E+01	5,568179E+03
24,93	-1,201993E+06	3,180972E+02	5,158021E+01	5,568179E+03
24,96	-1,201992E+06	3,154264E+02	5,599929E+01	5,568179E+03
24,99	-1,201993E+06	2,919425E+02	4,992091E+01	5,568179E+03
25,02	-1,201992E+06	3,052409E+02	4,937001E+01	5,568179E+03
25,05	-1,201993E+06	3,161567E+02	5,303772E+01	5,568179E+03
25,08	-1,201993E+06	3,203742E+02	5,147551E+01	5,568179E+03
25,11	-1,201993E+06	3,145864E+02	5,191250E+01	5,568179E+03
25,14	-1,201993E+06	2,923123E+02	5,112060E+01	5,568179E+03
25,17	-1,201993E+06	3,064469E+02	4,904919E+01	5,568179E+03
25,2	-1,201993E+06	3,169232E+02	5,081029E+01	5,568179E+03
25,23	-1,201993E+06	3,119270E+02	5,125711E+01	5,568179E+03
25,26	-1,201993E+06	3,063662E+02	5,322558E+01	5,568179E+03
25,29	-1,201993E+06	3,114460E+02	5,364748E+01	5,568179E+03
25,32	-1,201993E+06	3,276150E+02	5,413137E+01	5,568179E+03
25,35	-1,201993E+06	3,150377E+02	5,492899E+01	5,568179E+03
25,38	-1,201992E+06	2,934761E+02	5,093935E+01	5,568179E+03
25,41	-1,201992E+06	3,158152E+02	5,007499E+01	5,568179E+03
25,44	-1,201992E+06	3,026805E+02	5,208232E+01	5,568179E+03
25,47	-1,201992E+06	3,162176E+02	4,761346E+01	5,568179E+03
25,5	-1,201992E+06	3,061350E+02	4,704505E+01	5,568179E+03
25,53	-1,201993E+06	3,021837E+02	4,606139E+01	5,568179E+03
25,56	-1,201992E+06	3,085341E+02	4,869132E+01	5,568179E+03
25,59	-1,201992E+06	3,148494E+02	5,030913E+01	5,568179E+03
25,62	-1,201992E+06	3,092142E+02	4,805140E+01	5,568179E+03
25,65	-1,201992E+06	3,040967E+02	4,715731E+01	5,568179E+03
25,68	-1,201992E+06	3,008348E+02	4,982986E+01	5,568179E+03
25,71	-1,201993E+06	3,120572E+02	4,797880E+01	5,568179E+03
25,74	-1,201992E+06	3,172192E+02	5,040384E+01	5,568179E+03
25,77	-1,201992E+06	3,072047E+02	4,930999E+01	5,568179E+03
25,8	-1,201993E+06	3,189185E+02	4,968852E+01	5,568179E+03
25,83	-1,201992E+06	2,957268E+02	4,923073E+01	5,568179E+03
25,86	-1,201992E+06	3,148382E+02	5,069219E+01	5,568179E+03
25,89	-1,201992E+06	3,201310E+02	5,057364E+01	5,568179E+03
25,92	-1,201993E+06	3,154563E+02	4,850649E+01	5,568179E+03
25,95	-1,201992E+06	3,125219E+02	4,878980E+01	5,568179E+03
25,98	-1,201993E+06	3,183767E+02	5,085788E+01	5,568179E+03
26,01	-1,201992E+06	3,179875E+02	4,617853E+01	5,568179E+03
26,04	-1,201992E+06	3,122025E+02	4,920451E+01	5,568179E+03
26,07	-1,201992E+06	2,877193E+02	5,197273E+01	5,568179E+03
26,1	-1,201993E+06	3,146622E+02	4,783153E+01	5,568179E+03
26,13	-1,201993E+06	3,163251E+02	4,922170E+01	5,568179E+03
26,16	-1,201993E+06	3,323543E+02	5,387138E+01	5,568179E+03
26,19	-1,201993E+06	3,177502E+02	4,945519E+01	5,568179E+03
26,22	-1,201992E+06	3,152416E+02	5,246204E+01	5,568179E+03
26,25	-1,201992E+06	2,952974E+02	5,190114E+01	5,568179E+03
26,28	-1,201992E+06	3,038226E+02	5,455794E+01	5,568179E+03
26,31	-1,201992E+06	3,173639E+02	5,255081E+01	5,568179E+03
26,34	-1,201993E+06	3,126215E+02	5,259828E+01	5,568179E+03
26,37	-1,201993E+06	3,151360E+02	5,307041E+01	5,568179E+03
26,4	-1,201993E+06	3,138088E+02	4,964272E+01	5,568179E+03
26,43	-1,201993E+06	3,281561E+02	5,224391E+01	5,568179E+03
26,46	-1,201993E+06	3,268058E+02	5,262903E+01	5,568179E+03
26,49	-1,201993E+06	3,204171E+02	5,134150E+01	5,568179E+03
26,52	-1,201993E+06	3,230493E+02	5,506686E+01	5,568179E+03
26,55	-1,201993E+06	3,079517E+02	5,178982E+01	5,568179E+03
26,58	-1,201992E+06	2,959230E+02	5,467841E+01	5,568179E+03
26,61	-1,201993E+06	3,176519E+02	5,599274E+01	5,568179E+03
26,64	-1,201992E+06	2,849267E+02	5,051266E+01	5,568179E+03
26,67	-1,201993E+06	3,081107E+02	5,366786E+01	5,568179E+03
26,7	-1,201992E+06	2,848415E+02	5,104707E+01	5,568179E+03
26,73	-1,201993E+06	3,078359E+02	5,227213E+01	5,568179E+03
26,76	-1,201993E+06	3,187790E+02	5,457034E+01	5,568179E+03
26,79	-1,201993E+06	3,138144E+02	5,214023E+01	5,568179E+03
26,82	-1,201993E+06	3,103641E+02	5,634398E+01	5,568179E+03
26,85	-1,201993E+06	2,995164E+02	4,836219E+01	5,568179E+03
26,88	-1,201992E+06	2,989387E+02	5,012065E+01	5,568179E+03
26,91	-1,201993E+06	3,109796E+02	5,188446E+01	5,568179E+03
26,94	-1,201993E+06	3,097288E+02	4,899039E+01	5,568179E+03
26,97	-1,201993E+06	3,255088E+02	4,995978E+01	5,568179E+03
27,0	-1,201993E+06	3,154372E+02	5,115254E+01	5,568179E+03
27,03	-1,201993E+06	3,163702E+02	5,033596E+01	5,568179E+03
27,06	-1,201993E+06	3,230399E+02	5,284367E+01	5,568179E+03
27,09	-1,201993E+06	3,131097E+02	5,123064E+01	5,568179E+03
27,12	-1,201992E+06	2,985250E+02	5,573758E+01	5,568179E+03
27,15	-1,201993E+06	2,953128E+02	4,911149E+01	5,568179E+03
27,18	-1,201993E+06	3,127688E+02	5,001734E+01	5,568179E+03
27,21	-1,201993E+06	3,170751E+02	5,167230E+01	5,568179E+03
27,24	-1,201993E+06	3,096121E+02	4,962232E+01	5,568179E+03
27,27	-1,201993E+06	3,065537E+02	4,802070E+01	5,568179E+03
27,3	-1,201992E+06	2,944511E+02	4,758333E+01	5,568179E+03
27,33	-1,201993E+06	3,154155E+02	4,442934E+01	5,568179E+03
27,36	-1,201992E+06	2,957701E+02	4,699485E+01	5,568179E+03
27,39	-1,201993E+06	3,064147E+02	4,320991E+01	5,568179E+03
27,42	-1,201992E+06	2,979792E+02	4,825831E+01	5,568179E+03
27,45	-1,201993E+06	3,099674E+02	4,751729E+01	5,568179E+03
27,48	-1,201992E+06	3,110807E+02	4,639716E+01	5,568179E+03
27,51	-1,201993E+06	3,069748E+02	4,970359E+01	5,568179E+03
27,54	-1,201993E+06	3,226972E+02	5,053381E+01	5,568179E+03
27,57	-1,201993E+06	3,265952E+02	4,988077E+01	5,568179E+03
27,6	-1,201994E+06	3,221166E+02	5,274883E+01	5,568179E+03
27,63	-1,201993E+06	3,112947E+02	4,980635E+01	5,568179E+03
27,66	-1,201993E+06	3,207066E+02	5,046888E+01	5,568179E+03
27,69	-1,201992E+06	2,908803E+02	4,794474E+01	5,568179E+03
27,72	-1,201992E+06	2,944417E+02	5,234709E+01	5,568179E+03
27,75	-1,201992E+06	3,131756E+02	5,096441E+01	5,568179E+03
27,78	-1,201993E+06	3,265282E+02	4,739552E+01	5,568179E+03
27,81	-1,201992E+06	2,993252E+02	4,968867E+01	5,568179E+03
27,84	-1,201992E+06	2,979679E+02	5,030724E+01	5,568179E+03
27,87	-1,201992E+06	3,228190E+02	4,632411E+01	5,568179E+03
27,9	-1,201991E+06	2,932417E+02	5,328209E+01	5,568179E+03
27,93	-1,201992E+06	2,935037E+02	4,927562E+01	5,568179E+03
27,96	-1,201992E+06	2,951512E+02	5,105839E+01	5,568179E+03
27,99	-1,201993E+06	3,222858E+02	5,359057E+01	5,568179E+03
28,02	-1,201992E+06	3,212702E+02	5,508773E+01	5,568179E+03
28,05	-1,201993E+06	3,227850E+02	5,377851E+01	5,568179E+03
28,08	-1,201992E+06	2,750686E+02	5,384209E+01	5,568179E+03
28,11	-1,201993E+06	3,198366E+02	5,676031E+01	5,568179E+03
28,14	-1,201992E+06	3,090196E+02	5,746141E+01	5,568179E+03
28,17	-1,201992E+06	3,044282E+02	5,468640E+01	5,568179E+03
28,2	-1,201992E+06	2,939487E+02	5,520763E+01	5,568179E+03
28,23	-1,201992E+06	3,081594E+02	5,298793E+01	5,568179E+03
28,26	-1,201992E+06	3,130775E+02	4,978176E+01	5,568179E+03
28,29	-1,201992E+06	3,190709E+02	5,325330E+01	5,568179E+03
28,32	-1,201993E+06	3,244913E+02	4,900483E+01	5,568179E+03
28,35	-1,201992E+06	3,029650E+02	5,229275E+01	5,568179E+03
28,38	-1,201992E+06	3,126604E+02	5,253967E+01	5,568179E+03
28,41	-1,201992E+06	3,037556E+02	4,949774E+01	5,568179E+03
28,44	-1,201992E+06	3,285217E+02	5,604842E+01	5,568179E+03
28,47	-1,201992E+06	3,172830E+02	5,104051E+01	5,568179E+03
28,5	-1,201992E+06	3,174826E+02	5,270949E+01	5,568179E+03
28,53	-1,201993E+06	3,150872E+02	4,964353E+01	5,568179E+03
28,56	-1,201992E+06	2,960421E+02	5,136271E+01	5,568179E+03
28,59	-1,201992E+06	3,045899E+02	5,198010E+01	5,568179E+03
28,62	-1,201993E+06	3,245199E+02	5,159406E+01	5,568179E+03
28,65	-1,201993E+06	3,134513E+02	5,403474E+01	5,568179E+03
28,68	-1,201992E+06	3,009001E+02	4,994583E+01	5,568179E+03
28,71	-1,201994E+06	3,349552E+02	4,916877E+01	5,568179E+03
28,74	-1,201992E+06	2,975808E+02	5,357631E+01	5,568179E+03
28,77	-1,201993E+06	3,239504E+02	4,818044E+01	5,568179E+03
28,8	-1,201993E+06	3,078313E+02	4,718573E+01	5,568179E+03
28,83	-1,201992E+06	2,920273E+02	4,845088E+01	5,568179E+03
28,86	-1,201993E+06	3,251180E+02	4,820188E+01	5,568179E+03
28,89	-1,201993E+06	3,273482E+02	4,941108E+01	5,568179E+03
28,92	-1,201993E+06	3,063418E+02	4,647242E+01	5,568179E+03
28,95	-1,201993E+06	2,988829E+02	4,686459E+01	5,568179E+03
28,98	-1,201993E+06	3,148455E+02	4,838573E+01	5,568179E+03
29,01	-1,201993E+06	3,105554E+02	4,624827E+01	5,568179E+03
29,04	-1,201993E+06	3,142269E+02	5,008799E+01	5,568179E+03
29,07	-1,201992E+06	3,004839E+02	4,911658E+01	5,568179E+03
29,1	-1,201993E+06	3,049526E+02	4,797078E+01	5,568179E+03
29,13	-1,201993E+06	3,032731E+02	4,970477E+01	5,568179E+03
29,16	-1,201992E+06	2,939042E+02	4,704896E+01	5,568179E+03
29,19	-1,201992E+06	2,982289E+02	4,919559E+01	5,568179E+03
29,22	-1,201992E+06	3,109506E+02	4,915885E+01	5,568179E+03
29,25	-1,201993E+06	3,368662E+02	5,020588E+01	5,568179E+03
29,28	-1,201993E+06	3,335712E+02	5,188534E+01	5,568179E+03
29,31	-1,201992E+06	3,146045E+02	5,088959E+01	5,568179E+03
29,34	-1,201993E+06	3,174407E+02	4,987246E+01	5,568179E+03
29,37	-1,201992E+06	3,059197E+02	5,522139E+01	5,568179E+03
29,4	-1,201992E+06	3,006723E+02	4,766023E+01	5,568179E+03
29,43	-1,201992E+06	3,064422E+02	5,065053E+01	5,568179E+03
29,46	-1,201993E+06	3,219386E+02	5,250629E+01	5,568179E+03
29,49	-1,201992E+06	3,145367E+02	5,222256E+01	5,568179E+03
29,52	-1,201992E+06	2,992371E+02	5,434049E+01	5,568179E+03
29,55	-1,201992E+06	3,025846E+02	5,224369E+01	5,568179E+03
29,58	-1,201992E+06	3,278954E+02	5,401363E+01	5,568179E+03
29,61	-1,201992E+06	3,106897E+02	5,541058E+01	5,568179E+03
29,64	-1,201992E+06	3,190013E+02	5,071166E+01	5,568179E+03
29,67	-1,201992E+06	2,957679E+02	5,590886E+01	5,568179E+03
29,7	-1,201992E+06	3,153745E+02	5,362344E+01	5,568179E+03
29,73	-1,201992E+06	2,924802E+02	5,126843E+01	5,568179E+03
29,76	-1,201992E+06	3,160348E+02	5,602644E+01	5,568179E+03
29,79	-1,201993E+06	3,137354E+02	4,861152E+01	5,568179E+03
29,82	-1,201993E+06	3,162454E+02	5,660536E+01	5,568179E+03
29,85	-1,201992E+06	3,082365E+02	5,314154E+01	5,568179E+03
29,88	-1,201993E+06	3,169050E+02	5,362623E+01	5,568179E+03
29,91	-1,201992E+06	3,027239E+02	5,536963E+01	5,568179E+03
29,94	-1,201993E+06	3,185443E+02	5,121418E+01	5,568179E+03
29,97	-1,201993E+06	3,287386E+02	5,602247E+01	5,568179E+03
30,0	-1,201994E+06	3,276123E+02	5,444728E+01	5,568179E+03
