Diffusion in Zeolites. ZSM5 (Silicate) Crystal Structure, Si(96)O(192) +
         2         2       300    133340   1.0000000E-03   1.3334000E+02
       20.3183600000        0.0000000000        0.0000000000            
        0.0000000000       20.1714600000        0.0000000000            
        0.0000000000        0.0000000000       13.5858629500            
Si               1                                                      
     1.736056463        -1.419235902        -4.466612058                
    0.6446406682        -4.075901893        -2.563647967                
     10219.32331        -6167.760255         14357.58135                
Si               2                                                      
    -8.446135682        -8.905029842        -2.380255167                
    -6.202867082         4.969152981         4.085919199                
    -15801.75091        -11101.23322        -9432.321219                
Si               3                                                      
    -8.386693535        -1.193176255        -2.103924523                
    -2.619600537        -2.853502191        0.5988288564                
    -26239.73915        -1355.490697         9458.663287                
Si               4                                                      
     1.710264338        -8.990391967        -4.777438943                
     6.710611232        0.2896360027        -3.841525987                
    -2273.973771         30900.85416        -1030.447329                
Si               5                                                      
     4.122762033       -0.5787221567        -2.655380685                
     2.660973429         1.753196295         2.191222279                
    -9211.143471        -12561.03588         22836.76248                
Si               6                                                      
    -6.164991161        -9.608495165        -4.339045010                
     1.936011950        -4.214405527       -0.2187577125                
     16520.52811        -3728.903702         12200.72098                
Si               7                                                      
    -6.226315501       -0.7666011385        -4.226959291                
    -4.191132907       -0.8004537127E-01    -1.999961808                
    -4763.643065         14638.88169        -8276.782100                
Si               8                                                      
     4.054757042        -9.573854131        -2.864320674                
     3.874149572        0.9753685850E-02    -2.348698200                
     6902.710541        -3499.740741         17510.94087                
Si               9                                                      
     5.743125359         1.117015693        -6.276297584                
     1.544707724        0.8702139846E-01   -0.7554265971                
     20317.44142        -3963.165038        -11653.60876                
Si              10                                                      
    -4.360745884         8.891530067       -0.4772420501                
    -2.098992927         2.367055058       -0.3444600701                
    -14281.11186        -6573.386164        -1450.689727                
Si              11                                                      
    -4.396402301         1.045519481       -0.2850096734                
    0.5935855675        -1.266876616         2.803394926                
    -10522.62895         12514.60866        -556.7758624                
Si              12                                                      
     5.699860387         8.791264784        -6.634384569                
     1.161417825         5.551002313        0.9661780080E-02            
     14506.41666        -14416.49755        -12264.99452                
Si              13                                                      
     2.587986308         1.043212897        -6.250001086                
     3.033195701         2.647317941        -2.856716513                
     3819.823193         5266.885864        -10246.47436                
Si              14                                                      
    -7.564664447         8.804952593       -0.4576455375                
    -6.019096732        0.6198306797       -0.1020220768                
    -15410.39773         17871.31580         2022.800786                
Si              15                                                      
    -7.605787882         1.236796656       -0.1708798670                
    -3.709200681        -3.354679763       -0.2528523890                
     29069.75110        -7642.523672        -18520.60020                
Si              16                                                      
     2.531074274         8.671859759        -6.528390990                
   -0.6802427162       -0.8754176793        -3.411247484                
     6206.516216        -10865.48871        -14837.03900                
Si              17                                                      
     8.822293659       -0.5241209888        -2.414229866                
    -2.720525241        -6.130379728        -1.938601846                
     11997.12144        -4035.997674         3733.676757                
Si              18                                                      
    -1.305288022        -9.572309330        -4.266856474                
    -5.458401639       -0.5388091645        -8.977181643                
    -19948.24037         4861.917488        -130.7269154                
Si              19                                                      
    -1.265224730       -0.7638160380        -4.148606404                
    -3.408465134         1.949718571        -2.282179375                
    -4515.032105        -16500.17983        -2402.014737                
Si              20                                                      
     8.844590937        -9.528109484        -2.858136842                
    -4.765712732         4.120116908       -0.7779592071                
     9685.251806         37877.78691        -3860.578666                
Si              21                                                      
     6.570480109        -1.284040957        -4.493924632                
    -2.262689438        -3.459175387         3.501406868                
     20689.05997        -10511.22920         15308.77246                
Si              22                                                      
    -3.706814489        -8.873445412        -2.413322326                
    0.5191236985       -0.7134794874       -0.4580634836                
    -4238.470226         1763.069867        -8910.948785                
Si              23                                                      
    -3.758951082        -1.246046220        -2.353529404                
    0.9637410081         1.080415092        0.6227481224                
     10364.52288        -5951.748433         4891.928926                
Si              24                                                      
     6.496206888        -8.974140853        -4.758909517                
     2.866622596         2.732007414        -3.276428716                
     8973.844930         6111.383959        -5189.774517                
Si              25                                                      
     1.529251112         3.281628729        -4.397706661                
   -0.6044475720        -4.119830381         4.818886772                
     2848.054898        -2688.486216        -5185.268138                
Si              26                                                      
    -8.527580562         6.536490984        -2.356456673                
    0.3214881049        0.5696884395        0.3737233371                
    -9224.300899        -11201.81443        -24859.44829                
Si              27                                                      
    -8.595702033         3.432498394        -2.097162203                
    -2.251183153         3.889919453         3.996664732                
     32857.51765         1631.201779        -1479.675503                
Si              28                                                      
     1.546766566         6.457774289        -4.563806126                
    -1.353428818        -2.811120341        -4.191815664                
    -21382.97960        -26024.37707        -21570.09510                
Si              29                                                      
     4.046495249         2.591544401        -2.653719913                
     1.274181451        -1.800742068       -0.4120505440                
     9845.990163        -11256.59207         167.7141033                
Si              30                                                      
    -6.166562408         7.396567410        -4.286185303                
    -5.806220715        -2.104109515         2.693088017                
    -34724.31691        -10839.14322        -11364.34216                
Si              31                                                      
    -6.306133763         2.443012237        -4.116545270                
    0.1195944982        -1.854286502         1.849493659                
     279.2395572         10673.05486         3535.510438                
Si              32                                                      
     3.972608766         7.366285931        -2.822318511                
    -4.447301221        0.8817499743       -0.3476845312                
     21503.82510        -5667.246478        -13681.81665                
Si              33                                                      
     5.829988214        -3.460662893        -6.556515255                
     1.838942883       -0.8124855735        -4.395628681                
    -2791.615326        -19438.96174        -8561.699480                
Si              34                                                      
    -4.324218196        -6.648806444       -0.3428846129                
    -5.321777291        0.8080775295         2.730873620                
    -20456.19466         11952.15943        -12533.46688                
Si              35                                                      
    -4.294916208        -3.547860382       -0.3550865950                
     5.582818163        -2.591073863         2.551993552                
    -9967.239266        -16272.12520        -235.3530929                
Si              36                                                      
     5.853700182        -6.604496307        -6.680501880                
     2.553850960         1.794423740         1.705520465                
     5845.341611         14876.57366        -13008.88875                
Si              37                                                      
     2.631891157        -3.616573569        -6.487809042                
     2.618834730       -0.9934055195E-01     1.159441032                
    -5273.591993         10200.76702         6647.624116                
Si              38                                                      
    -7.536096646        -6.605644634       -0.4590254565                
    -1.315161192       -0.2333029477        -6.543662572                
    -11570.38696        -7658.691776         6124.662118                
Si              39                                                      
    -7.491811474        -3.527152160       -0.1900166758                
    -4.545731535       -0.5417714441        -3.049797168                
    -6469.090611        -8505.779202        -20122.10504                
Si              40                                                      
     2.694958244        -6.718941716        -6.671938045                
   -0.7540943139        -1.460481416        -1.278892055                
    -5955.688885         6633.385858        -15607.36559                
Si              41                                                      
     8.715362478         2.624283655        -2.386191234                
    -3.295412246         1.041650084        -3.030822892                
    -818.1162904         4945.557536        -1560.160085                
Si              42                                                      
    -1.466087779         7.426311774        -4.178142877                
   -0.5046164567       -0.5142448722        0.5268620473                
     28.61672805        -13242.93453        -7941.929547                
Si              43                                                      
    -1.452386115         2.375439989        -4.075441111                
    -6.048393175         1.979474009         6.303281974                
    -5182.304010         8939.439368         18940.77321                
Si              44                                                      
     8.859568078         7.515818997        -2.843045800                
    0.5918962012       -0.2285546733        -1.065414198                
    -22748.75369         2811.224415        -29148.93776                
Si              45                                                      
     6.511423484         3.498056190        -4.456543422                
    0.3342309536        -2.209212471         2.416037664                
     1498.129725        -726.6726414        -4962.740604                
Si              46                                                      
    -3.822992015         6.507556513        -2.421595881                
     3.641124042         6.837314459         4.299215458                
    -1085.952359        -15150.36613         13973.30459                
Si              47                                                      
    -3.878669606         3.365837652        -2.295414995                
    -3.953793510        -1.866541728       -0.4603144371                
     11789.07079         6769.292851         768.7800234                
Si              48                                                      
     6.503074151         6.596933132        -4.676031299                
     1.640278072        -2.652769972        -2.801029087                
     3754.166620        -4279.548727        -14415.63000                
Si              49                                                      
     8.619327707         1.352546150         2.401547626                
    0.8744887107        -1.011568122         1.873881966                
     20905.52682         1316.813238        -6411.042086                
Si              50                                                      
    -1.568200494         8.716029799         4.592153037                
    -2.273611364         2.918161088        -1.540161946                
    -13762.06389         15882.72919         8785.864214                
Si              51                                                      
    -1.505215926         1.231934628         4.725696523                
     3.492917915         3.042064275       -0.1244414346                
     11692.65591        -9346.979083        -10066.97179                
Si              52                                                      
     8.533293350         8.953211542         1.853529975                
   -0.6869039802         2.885904690        -1.028787308                
     6620.005709         16058.47395         26377.45114                
Si              53                                                      
     6.269913890        0.6519007412         4.225688233                
    0.3821553604       -0.4115609031         1.311956848                
     533.0154209         136.0426265         13524.16280                
Si              54                                                      
    -3.832162219         9.330698503         2.554508097                
    -3.671369023         2.846090276         2.383277660                
    -22538.00430         3348.677228        -17731.62959                
Si              55                                                      
    -3.779623997        0.5628525931         2.728277758                
    -2.003854047        -4.560954545         2.389236560                
    -2105.053513         16623.99063         16234.42401                
Si              56                                                      
     6.183486373         9.458100719         3.930647462                
    -1.263577941         3.909348622        0.8376377648                
     13241.70851         13889.16283        -19026.10767                
Si              57                                                      
     4.554625783        -1.125318306        0.4584917380                
     1.777300146        -3.670208873         1.545424627                
     3438.523773        -13234.22846        -7570.588308                
Si              58                                                      
    -5.646822635        -8.930535767         6.252566674                
     2.152910029        -4.305430217         3.001039095                
    -11692.51864        -12944.06321        -5935.953361                
Si              59                                                      
    -5.420625643        -1.423531450         6.443363970                
     5.516662014         3.763154596         2.979819336                
    -229.5683922        -5411.173979        -21260.76318                
Si              60                                                      
     4.494277142        -8.718721599        0.1118219541                
     4.538080519        0.3744032985        -1.882713814                
    -5852.951358        -14715.52629         13852.77750                
Si              61                                                      
     7.747700365        -1.022959845        0.4686588414                
     5.596963466        -3.797175694         8.040208639                
    -10351.10815        -6939.951538         3303.575496                
Si              62                                                      
    -2.496391424        -8.895055895         6.436510446                
    -3.333725994        -2.692892324        -2.410184589                
     5171.833208        -25169.71440         10031.91784                
Si              63                                                      
    -2.236385130        -1.324678981         6.456849899                
     1.841147483       -0.7457855628        0.2095418567                
    -11302.98779         3530.679606        -12016.44482                
Si              64                                                      
     7.656312357        -8.779504053        0.3589303482E-02            
   -0.2555473702        -3.556617580         3.698047631                
     11321.09648         4948.734664        -5902.929965                
Si              65                                                      
     1.546747180        0.5912369873         4.349204560                
    0.2927149300        0.8442931265       -0.4100805296                
    -9709.285191         21930.70328        -9764.889315                
Si              66                                                      
    -8.790302566         9.458302412         2.429911688                
    -8.846564533        -4.422630425        -4.966782144                
     18099.35084         13942.46339         2915.112408                
Si              67                                                      
    -8.700730564        0.4673672763         2.665201377                
     2.092252241         1.462596018         1.059065375                
    -2257.843923         7179.356787         2421.299961                
Si              68                                                      
     1.420527212         9.392853312         4.207829599                
    0.5669930965        -2.823254883        -2.241976011                
     8877.510753         7388.152378        -20993.12467                
Si              69                                                      
     3.796180327         1.293140507         2.325372282                
     3.516464334       -0.6950253064        0.5099005647                
    -6566.473797        -11797.35329         8696.353309                
Si              70                                                      
    -6.376992743         8.790233713         4.329958974                
     3.007145622        -1.486492531         3.554880882                
    -6360.838665        -4746.482460        -1203.443600                
Si              71                                                      
    -6.315643844         1.017792840         4.644547272                
    -1.129473097         3.129904388         4.054123653                
    -2616.709539         13623.93223        -12673.41402                
Si              72                                                      
     3.638853514         8.950296185         1.969679048                
     2.090215731        0.7864109814        -2.889227195                
     12213.89857         26856.72142         35821.65628                
Si              73                                                      
     8.733976113        -3.409242579         2.192414217                
    -1.727535556        -2.416778311         3.389741340                
    -17897.86493        -5980.076358        -2281.461243                
Si              74                                                      
    -1.571259470        -6.638562063         4.498793438                
    0.3093273023         2.399264895         4.883359275                
    -14800.02987        -26645.17237        -3499.702098                
Si              75                                                      
    -1.434035056        -3.570605617         4.449711858                
     1.664025256        -1.168541110        0.2416020362                
     10389.60485         782.7429109         3284.210565                
Si              76                                                      
     8.568446692        -6.504994035         1.874910606                
     3.143907538       -0.8208596682       -0.9808381416                
    -11638.87932        -12533.06129        -2632.284584                
Si              77                                                      
     6.394752893        -2.551871491         4.049912950                
     3.090943877       -0.4580185301        -1.864811685                
    -17191.76394         5092.809857         10539.34507                
Si              78                                                      
    -3.892446746        -7.608743525         2.581144579                
    -1.931544449        0.1860896115       -0.8922638292                
    -9828.941833        -20947.69269         156.5059605                
Si              79                                                      
    -3.734455272        -2.612887228         2.633768008                
     2.528735959       -0.3318974291        -1.964150152                
    -6005.872281        -2374.039233        -16517.53796                
Si              80                                                      
     6.321882217        -7.513435793         3.904384225                
    -6.242282108        -2.102402069        -2.763184227                
    -8702.376087         30343.42723        -13892.21259                
Si              81                                                      
     4.471491551         3.524576912        0.3243276585                
     1.895675231         4.092382553        -3.806515397                
     8366.317875        -12296.53911         21624.10883                
Si              82                                                      
    -5.739710452         6.499410027         6.293837743                
     3.673184513        0.5343469570E-01    -6.183647142                
     7332.802047        -916.7760674         16319.38490                
Si              83                                                      
    -5.716915507         3.434437313         6.543943706                
    -3.526602826        -2.607757645         4.682628455                
     2008.326303        -14803.41402        -1941.321029                
Si              84                                                      
     4.456816033         6.594839792        0.1564648063                
    0.4956912958       -0.6431189061        0.4657910160                
     13572.98281        -14832.90495         5405.623829                
Si              85                                                      
     7.676649155         3.570757882        0.4222650686                
     5.078088667         4.146885106        0.7619625655                
    -11228.70447         3188.645527         7813.867119                
Si              86                                                      
    -2.557263658         6.505543668         6.526011205                
     2.097439494        0.5782854964        0.1104598425                
    -1581.094823        -5962.399872         9784.530567                
Si              87                                                      
    -2.556251179         3.349949003         6.736549249                
     5.484973786         1.735027359         1.815448759                
     1671.921891         6516.030940         3299.500642                
Si              88                                                      
     7.670933798         6.696723638       -0.4433519304E-01            
    -2.706142116        -1.346205441         2.486443928                
    -14556.80688        -27675.52872         14296.59464                
Si              89                                                      
     1.513714039        -2.588756293         4.294190570                
     2.430622800         2.499861767         3.367584660                
    -7431.256544        -172.1006271        -31532.51807                
Si              90                                                      
    -8.822174458        -7.447155125         2.355062575                
    -1.208350444        -2.321627210        -4.028027797                
    -750.6521245        -27382.48857         1659.443309                
Si              91                                                      
    -8.604501841        -2.677066397         2.617881885                
    -3.111725222        -4.765019958        0.6187187986                
     4242.200078        -10491.69269         21580.31345                
Si              92                                                      
     1.402726566        -7.581979409         4.125888428                
    -2.966501808        0.9287327375         1.699842225                
    -8131.126178         9092.977433        -7390.389586                
Si              93                                                      
     3.844305836        -3.525959583         2.370785422                
     1.356667023       -0.2797806322         3.148757670                
    -1041.814579         31772.82424         12295.28848                
Si              94                                                      
    -6.447923617        -6.715210808         4.276518967                
    0.7906989692E-01     2.485131184        -1.216758348                
     4146.597030         6633.265665         20874.20385                
Si              95                                                      
    -6.168513703        -3.610078626         4.425651827                
     1.006354658         4.712210996        0.4576397423E-01            
    -16394.34204        -8132.093016        -6117.470401                
Si              96                                                      
     3.667248603        -6.606892370         2.193909293                
    -3.970496109        0.5132879802E-01    -4.760665954                
     21758.73760        -323.2673076        -3853.135422                
O               97                                                      
     2.808910025        -1.135449653        -3.359064498                
     5.480003371        -3.189377785         1.366390628                
     6879.862005         1115.133160         9601.112438                
O               98                                                      
    -7.437918320        -9.204704897        -3.564725208                
   -0.7965443206         4.590415200        0.6765596246                
    -5319.929105         11132.81676         8777.824967                
O               99                                                      
    -7.482887459        -1.196603587        -3.374131595                
    -1.696269609         5.266131010        -3.329801003                
     10550.29454         3070.234184        -7141.231583                
O              100                                                      
     2.820850224        -9.093282114        -3.668850889                
    -2.881849792         2.058763205         2.861954760                
    -14121.56342        -8839.141592        -582.1955927                
O              101                                                      
     4.233043854        -1.047244262        -1.086131696                
    -1.325637166       -0.4310319329         3.316647192                
    -2081.541749         11195.17602        -16414.23867                
O              102                                                      
    -6.073394954        -9.198871722        -5.834114530                
    -4.596152901        -2.911272812         2.077339653                
     3133.392589         3554.969203        -8340.275355                
O              103                                                      
    -5.950828250        -1.309627008        -5.700917408                
    -4.790376186         1.399992832         3.672679097                
    -5072.437411         9259.008860         21656.74286                
O              104                                                      
     4.112569627        -9.014385040        -1.364733652                
     5.260746370         1.367589887         4.548245771                
     260.1161390        -10070.49278        -17583.86307                
O              105                                                      
     4.169509029         1.140349413        -6.193985064                
     2.189800524         3.090476324       -0.8680967244E-01            
     1837.515756        -1179.872108         4586.350640                
O              106                                                      
    -5.991577491         8.979366185       -0.4471499658                
    -3.020521829        -2.127729581        -5.023173399                
     3633.528424        -6274.034868         2246.051362                
O              107                                                      
    -5.975065205         1.092188625       -0.1395418101                
    -7.592656844        -3.484878072       -0.1952874186                
    -15123.03955         1361.473664         179.6638277                
O              108                                                      
     4.115041648         8.652909035        -6.544042075                
    -6.541916715        -4.633393042         1.264947367                
     15.82907714         9103.032939        -1607.543392                
O              109                                                      
     8.275563069       -0.8453301217       -0.9695917720                
     3.648044484        -3.224827562        -3.099022366                
     1897.635161        -3026.162341        -11259.12368                
O              110                                                      
    -1.910053513        -9.255288313        -5.690575990                
    -4.379763418        -5.771718022        0.5454111619                
    -2971.894064         11906.21569        -9850.076295                
O              111                                                      
    -1.695264470        -1.154655054        -5.681240898                
    -6.960391105        -3.055326754         2.435786617                
     2257.881734        -87.78973275         24289.24621                
O              112                                                      
     8.167685133        -9.018217396        -1.502328419                
    -2.964469983         3.543345331        -3.244598513                
    -1213.665045        -6335.581603         9116.142084                
O              113                                                      
     7.847477122        -1.074969549        -3.531190768                
    -1.968870158        -4.659909463         1.224757178                
    -1824.133859        -4081.014795        -7210.903833                
O              114                                                      
    -2.357594689        -8.949646676        -3.254195668                
     6.549772162       -0.9970302796       -0.1829023837                
     2257.874867        -7190.596640         7800.112868                
O              115                                                      
    -2.356751347        -1.183368889        -3.065162523                
    0.9834620427        -7.192358264         2.642056206                
     546.2569874        -1852.846151        -15467.19698                
O              116                                                      
     7.880276069        -9.093350419        -4.022046252                
     4.399665011         1.890719726         9.578719424                
    -10621.69258        -2901.426952         2034.394391                
O              117                                                      
     5.342941818        -1.062018290        -3.528889792                
     1.262813684         3.508068376         8.723029135                
    -2451.388912        -1863.334039         3204.491969                
O              118                                                      
    -4.898590479        -9.045295858        -3.454348215                
     5.328239620         3.920993923        0.6303081114                
    -9205.010768        -9209.786679        -7988.864783                
O              119                                                      
    -4.941130031        -1.077332163        -3.382465724                
    -2.358636748        -2.849599120         4.236789516                
     2879.606620        -1679.402027         410.9180291                
O              120                                                      
     5.312597594        -9.136275486        -3.677599128                
     3.569737799        -1.412758675        -2.367388017                
     13036.66567         951.0278524        -10766.81296                
O              121                                                      
     2.721483321         2.914586929        -3.405975610                
     1.500022330         7.669107999         3.412654168                
    -10244.27394         15636.24784         1757.737176                
O              122                                                      
    -7.511890142         6.841096720        -3.519108115                
     1.210940580        0.6860694192        -1.603607032                
     21830.06094         7612.948302        -3596.373300                
O              123                                                      
    -7.501037241         2.956913450        -3.236121476                
   -0.1402983164        -2.196584114         2.285603812                
    -21943.95266         6616.858858         9251.177194                
O              124                                                      
     2.699839502         6.829795648        -3.591354671                
   -0.7818604628         1.830962164         8.617972583                
     1206.432678         13048.14115         10193.80573                
O              125                                                      
     4.174164117         3.058319835        -1.147082340                
     2.377677210         2.105055741        -5.539373158                
    -5476.827767         12137.93281        -2929.047884                
O              126                                                      
    -6.155934505         6.903529273        -5.802847125                
    0.4827167889         2.920103728        -5.308793183                
     7310.372688         1065.669790         2283.826797                
O              127                                                      
    -6.258928271         3.093295105        -5.597062065                
    -2.231613267        -4.828372770         1.923577630                
     4868.805309        -9316.485023         12063.35678                
O              128                                                      
     3.977190443         6.847586974        -1.324153585                
    0.2970036400        0.1916027799        -9.450749004                
     7207.172936         3091.765117        -8250.520528                
O              129                                                      
     4.225877102        -3.386728603        -6.523871755                
   -0.1462319831         5.364952387         4.608283186                
    -9902.561762         1251.062278         2812.283897                
O              130                                                      
    -5.945934883        -6.755654704       -0.4313822044                
     7.528499915        -5.853269101         3.961920645                
    -2452.395350         5659.480966         6174.007763                
O              131                                                      
    -5.922261227        -3.546409224       -0.2874943591                
   -0.4313749303        -1.102183823        -2.869238947                
     13808.38762         11922.26372         2020.085196                
O              132                                                      
     4.268473551        -6.853395113        -6.785801080                
     5.471170637         10.23711030        0.1068566815                
     2730.091782         4344.228469         13988.57835                
O              133                                                      
     8.186355317         3.173488746       -0.9954081597                
     2.187901335        -4.295835403        -2.560524317                
     4069.028954        -9699.042193        -10399.59398                
O              134                                                      
    -2.017590545         6.951580878        -5.612541899                
    -2.014771533        -2.625073435       -0.3686649897                
    -8242.955263         8021.436685        -1279.203024                
O              135                                                      
    -1.999076908         2.872755806        -5.451816246                
     1.807680826         1.653115295        -5.103589433                
     555.3418711        -434.5023940        -6851.914517                
O              136                                                      
     8.141352334         7.003693924        -1.518950965                
     6.430355930        -6.604698005        -4.415001562                
     5539.098769         1777.656683         4836.299647                
O              137                                                      
     7.770782593         3.178193289        -3.543699132                
    -2.817471453         3.327629859         2.984558636                
     3797.620133         3918.077153         3461.306338                
O              138                                                      
    -2.429207371         6.827913277        -3.068736791                
     2.853372811        -5.558086314        -5.468564462                
     1908.749728         7927.605466        -9900.611152                
O              139                                                      
    -2.511201273         3.040851500        -3.048733199                
     4.839220674        -1.367866712         2.533960424                
     9369.968744        -15385.67163        -5007.119548                
O              140                                                      
     7.899825231         7.067038232        -4.083273102                
    -3.472816779         3.212068207         1.319340532                
    -376.7576415        -4534.019181         26275.85431                
O              141                                                      
     5.273806892         3.149682647        -3.512249238                
    -1.522680806         4.178637524         3.733615017                
    -4710.826185         100.5885075         1332.799039                
O              142                                                      
    -4.946186418         6.897986899        -3.464510555                
     7.772702613        -5.864143010        -2.616360000                
     6320.313998        -7066.221504         598.2258574                
O              143                                                      
    -5.041047493         2.882511492        -3.206734943                
   -0.2688797111        -1.103959872         2.745428592                
    -14166.43167        -1623.444199        -24306.11678                
O              144                                                      
     5.304414149         6.883843464        -3.684691524                
     8.390363070         3.646362495        -5.488748491                
    -18409.14581         13524.24007         20581.26548                
O              145                                                      
     4.106955700         1.008377047        -2.650920332                
     3.461408982         1.329536970         3.684284616                
     4079.099414        -5984.831255        -39.35021714                
O              146                                                      
    -6.130531347         8.963506953        -4.273327701                
    -3.940898829         4.208082393         2.348999476                
     2679.880201         7503.763148        -1910.612086                
O              147                                                      
    -6.312030238        0.8696807889        -4.244220348                
    0.1365432584         4.427955223        0.6189928068                
     1388.315483        -16917.22253        -6500.777870                
O              148                                                      
     4.030970617         8.965573265        -2.860374182                
     4.068875982        -2.003759810         5.692777957                
    -6214.465723         4295.490123         4991.988755                
O              149                                                      
     8.715107059         1.058289395        -2.430632276                
   -0.3064871441         1.215825112         3.416880344                
     1876.004080        -1890.212656        -7603.107865                
O              150                                                      
    -1.412449761         9.004690744        -4.070282032                
     2.700577656         4.368334072        -4.058447456                
     8535.582166         7041.110751        -716.3225143                
O              151                                                      
    -1.422139231        0.7802068158        -4.028578308                
    -3.106041440         6.173593898         7.099276028                
     3702.474929         15179.23266        -2349.619892                
O              152                                                      
     8.804334704         9.107769847        -2.829967248                
    -4.358493513         4.931877391        -2.525712346                
     8362.633653        -22586.96443         3523.657280                
O              153                                                      
     2.044105299        -2.732139592        -5.249015129                
     1.357024983        -1.821613164         2.464518010                
     7688.845142        -11649.51493        -25911.40372                
O              154                                                      
    -8.095291714        -7.653650604        -1.537654986                
    -2.645956316        -1.603512901        -3.697186679                
     7318.063123         20356.10838         6706.111122                
O              155                                                      
    -8.101075732        -2.484885893        -1.241112007                
    -1.878512329        0.1633343479         1.298248520                
     8552.369509        -252.4092043         9554.022199                
O              156                                                      
     2.075777575        -7.661475065        -5.598005378                
    -4.600738938        -3.947058508         1.742622683                
    -3163.247753        -15760.93479         2603.619006                
O              157                                                      
     2.150533728       -0.2173953405        -5.410455537                
    -2.333284930         1.573506279        -3.240532111                
    -7957.875167        -322.9867416        -11316.37881                
O              158                                                      
    -8.186565863         10.05950874        -1.368040719                
    -7.454527409        -3.842565485         2.230650523                
     8345.182460        -22105.60759         9676.639573                
O              159                                                      
    -7.996082812        0.3913682682E-01    -1.171967650                
     3.878674073        -4.425162652         2.278815253                
     815.3068863         1002.624986         974.2941418                
O              160                                                      
     2.057164053         9.959370061        -5.719091734                
     1.291356732         3.452529086       -0.5347987760                
    -6055.767667        -10869.16933         7482.145916                
O              161                                                      
     1.931561362         2.277305354        -5.563183000                
     2.637791178         8.030221639       -0.7942310057                
    -3018.788134         9846.959696         5431.070685                
O              162                                                      
    -8.052957940         7.471149988        -1.252160416                
     5.319620853        -6.678141850        -1.789891463                
     9905.380996         33552.13291         26643.59202                
O              163                                                      
    -8.075005050         2.550469241       -0.8752936495                
     8.913587905        -2.470081371         6.930241233                
    -6805.074343         4238.865567        -5825.875422                
O              164                                                      
     1.980598296         7.332766240        -5.837602500                
    -6.368373474        -5.877860247         1.532017791                
    -3629.074904         16801.44123         10362.12314                
O              165                                                      
     6.430831398        -2.566190737        -5.420748902                
     3.145198324        -4.839351453         7.909180948                
    -1507.018010         6589.652456         2774.379335                
O              166                                                      
    -3.903361355        -7.613047944        -1.489389336                
     3.204242646        -3.769316444         2.061501455                
     13625.83883        -5007.222285        -1422.657408                
O              167                                                      
    -3.919141855        -2.577668993        -1.536000561                
    -6.768810444         1.037721256         1.369481570                
    -571.7053075        -3886.330130         10007.27723                
O              168                                                      
     6.381553644        -7.649612953        -5.638732810                
    0.6627459287       -0.1728142452       -0.1017119386                
    -7123.579573        -6613.918433         4583.970257                
O              169                                                      
     6.377907140       -0.1167892502        -5.485629884                
   -0.6058366805       -0.1957566968         2.579581890                
    -11178.85676         11862.63880        -9814.358497                
O              170                                                      
    -3.859830536         10.05589818        -1.408777823                
   -0.3077474426        -3.436575526         2.342871154                
     4226.214228         7940.634996        -948.7456408                
O              171                                                      
    -3.956711324       -0.1349231034        -1.249496891                
   -0.4348218195        -3.671300894         1.811314133                
    -815.1254569         4866.217219         2987.048491                
O              172                                                      
     6.210147824         9.975870579        -5.749000427                
    -1.409734192         10.57667807        -9.868075993                
    -6178.588000         10562.49518         7321.498684                
O              173                                                      
     6.395590608         2.374305577        -5.576828587                
   -0.1234337566        0.8303955663         1.890535638                
    -12406.72490         10145.07210         1781.134696                
O              174                                                      
    -4.095343449         7.559150744        -1.284462871                
     4.881449475         5.642570390        -3.274654673                
     6219.684385        -2836.692114         4752.817090                
O              175                                                      
    -4.054942990         2.384999720        -1.101693395                
    -1.421696853        0.4119270163        0.8443672207                
     8686.080091        -11041.10225         17980.49856                
O              176                                                      
     6.222457800         7.476272218        -5.934087263                
    -7.994858769         2.497044382        -6.808683037                
    -4541.432458         8659.399368        -1519.419995                
O              177                                                      
    -9.939986200       -0.9626582475        -2.380495278                
     3.827330880        -2.676696182         4.542153349                
    -9272.804008         1297.056516        -8818.178561                
O              178                                                      
    0.1850159731        -9.065582844        -4.319409467                
     5.304616859         1.116224333        -1.175763374                
     11981.96913        -14121.15464        -1303.939121                
O              179                                                      
    0.2339836541        -1.276654465        -4.077328560                
   -0.9066534790         2.182596793        0.7160351806                
    -13655.87037         8759.107272         11.93972383                
O              180                                                      
    -9.962108849        -8.978976963        -2.907151859                
   -0.8303990970        -3.555569964        -5.569459758                
    -2052.231762        -11864.10394         14268.16228                
O              181                                                      
    -10.06875828         3.046686055        -2.369383943                
    -1.202889810         4.413179478         3.846904657                
    -9079.875909         1363.573007        -7564.945136                
O              182                                                      
    0.9936331692E-02     6.884520706        -4.226019883                
   -0.6718579430        0.7089417580        -2.922385517                
     27943.75062         2594.061164         4187.225049                
O              183                                                      
    0.6879242913E-01     2.825801823        -3.993846583                
     1.665622207       -0.7874608313        -2.954214772                
    -2375.137605         5580.034258         435.2899915                
O              184                                                      
    -10.02433214         6.970835424        -2.809526563                
    -5.389483195        -1.186040069         7.207059941                
     17026.47602        -5696.773727         12653.21791                
O              185                                                      
     1.567448410         4.847890517        -4.668357898                
    -1.728633507        -7.290847970       -0.5801526135                
    -4099.173261         6105.039318         6479.641460                
O              186                                                      
    -8.515402764         5.021839975        -1.953775608                
    -5.894873830         3.118478417        -4.584143244                
    -5214.630666        -13052.97934        -9368.365969                
O              187                                                      
     6.421470871         5.038613590        -4.859785706                
    -2.858017407        -3.983224643         2.636953232                
     13042.72558        -16505.35240         7355.474725                
O              188                                                      
    -3.907807369         4.934472420        -2.124894021                
    -3.572541179        -5.198510268       -0.6534527806                
    -1935.195186         12073.73855         583.7044609                
O              189                                                      
     6.027602750        -5.041008990        -6.362494538                
     1.986819584         5.636932661        -7.501078739                
     205.9025037        -5396.189293        -5285.398137                
O              190                                                      
    -3.986321435        -5.102644773       -0.4799532973                
     2.770045726       -0.4043513482E-01    -1.745512214                
    -598.2042865        -1437.073972        -3023.648774                
O              191                                                      
     2.394760593        -5.171395697        -6.438009889                
     2.598754396         1.171015016         3.813043007                
     10075.89046        -1693.230564         25.40796032                
O              192                                                      
    -7.807271116        -5.043387924       -0.5471788289                
    0.4644084387         5.995822462        -2.081582087                
     2664.784535        -5290.510565         3499.096685                
O              193                                                      
     7.633447504         1.260589335         3.621071424                
     4.417727688         1.797385362        -5.380327148                
    -13690.41014        -6779.504525        -6792.845877                
O              194                                                      
    -2.612570155         8.840214693         3.378407002                
    -5.891538579        0.2635509325        -3.129085148                
     10151.28217         5737.619593         15923.98905                
O              195                                                      
    -2.526844671         1.110685675         3.543806184                
    -1.223666701         4.249923359       -0.9324339519                
    -9467.210230         1172.597755        -4709.037149                
O              196                                                      
     7.417482868         8.975456344         2.996391461                
     1.209604358        -5.805478656         1.356141988                
    -4054.858423         7551.567034         6946.209864                
O              197                                                      
     6.051431808        0.9200695481         5.766823676                
    -3.183260002        0.8253037704       -0.9605099869                
     1484.840609         5914.783588         569.9490987                
O              198                                                      
    -3.855615754         8.919040849         1.012302448                
     3.887537923        0.3325028335        -2.782539388                
    -2377.359425         5062.612728         1633.770440                
O              199                                                      
    -3.942730722        0.9013475427         1.223250290                
    -6.560880713       -0.6070482932         3.179836962                
     3792.706260         9428.364751        -13653.62910                
O              200                                                      
     6.181689561         9.039524669         5.441354726                
     2.714513799         7.135073204        -4.514234667                
    -17421.27506        -4038.875169         4294.071134                
O              201                                                      
     6.162897538        -1.079305284        0.4911872559                
    -4.231808299         4.599576031         2.103638122                
    -5758.367683         2711.705325         3003.421570                
O              202                                                      
    -4.079211055        -8.821291084         6.344692974                
    -5.332834740         2.010734916        -2.474721951                
     3896.928654         308.5534515         2872.390105                
O              203                                                      
    -3.835121186        -1.294390826         6.414661441                
    -5.521948171        -7.628824023        0.4877709311                
    -4622.281416        -6449.323794         10872.65242                
O              204                                                      
     6.082623039        -8.697634243        0.1243323809                
     2.140813022        -3.640488259        -6.767244366                
    -4227.912076        -7516.207734        -7219.641821                
O              205                                                      
     2.135945287        0.9493998437         5.826800497                
   -0.9405727328       -0.4668563983         2.384069152                
    -10288.36033        -13176.68621        -15869.45820                
O              206                                                      
    -8.166416126         8.956096083         1.040745298                
    -1.709172658       -0.2601929136        -1.961931050                
     7015.946394         1814.647778        -13847.62297                
O              207                                                      
    -8.198439561        0.9626945872         1.209702701                
     3.770166812        -4.008633548        0.8905430982                
    -2408.054785        -12793.46096         26406.49257                
O              208                                                      
     2.047726083         8.957846111         5.573679412                
   -0.3913513819E-01    -3.954149460         3.961358839                
    -3491.827140        -2887.017282         8276.659344                
O              209                                                      
     2.501220284         1.157149415         3.189157073                
     3.433323120         2.230861507        -5.059567221                
    -6241.176567        -10214.70518         17638.21392                
O              210                                                      
    -7.760123082         9.013591901         3.586178667                
    -5.824200709         5.976919502         3.271224293                
    -1622.170813         3902.042659        -7993.448016                
O              211                                                      
    -7.673047317        0.9163267254         3.781356597                
     8.927546148         5.370802740       -0.6574628689                
     11731.10749        -6631.998159         750.9905243                
O              212                                                      
     2.380315284         9.000336365         2.993037639                
   -0.9411121358        -5.192840179         3.167195203                
     4510.183518        -1145.432447        -13726.85599                
O              213                                                      
     4.989469235         1.069001912         3.410817169                
    -1.964574546        -2.711437394        -8.087874920                
    -2896.181008         12954.69169        -17426.81642                
O              214                                                      
    -5.214414422         8.839066622         3.251476605                
     5.660921947        -5.078162439        -1.508046040                
     14438.24348         3385.648220         95.16308517                
O              215                                                      
    -5.072537499        0.9832943141         3.624739503                
   -0.8446288311        -1.108943720        -5.541270415                
     2232.897889        -9672.855357        -6051.152754                
O              216                                                      
     4.869573220         9.097534742         3.110009891                
     2.049843721        -7.280653432        -4.376631382                
    -9700.744901        -4007.696735        -12230.59554                
O              217                                                      
     7.698049724        -3.023432208         3.328961001                
     1.674840765        -2.826649175        -5.391821355                
    -3680.806154        -886.4200900        -2069.330754                
O              218                                                      
    -2.637810346        -7.192215003         3.370766572                
     2.964555082        -5.306520372        0.1096286422                
     21118.21080         19630.43745         19449.25949                
O              219                                                      
    -2.485793781        -3.203428917         3.382528121                
   -0.2067944177         2.326018284         1.326140807                
    -13338.27922         6057.618825        -11265.65135                
O              220                                                      
     7.469396718        -7.029808998         2.913741934                
    -6.434140925         4.435375064         3.847260288                
     9516.505993         6652.095992         8876.071802                
O              221                                                      
     6.255769353        -3.040827565         5.548205064                
   -0.4474842423        -4.957400162        -3.701515727                
     4863.787233         6342.757022         13416.05909                
O              222                                                      
    -3.974613633        -7.116160053         1.096158776                
   -0.1335509747        -3.793432722         2.481417573                
     3779.150853         1393.782325         4775.866807                
O              223                                                      
    -3.838025839        -3.114691841         1.089115768                
     5.370612526        -4.403364434        0.5905019449                
    -1132.086673         14449.17242         14173.54693                
O              224                                                      
     6.335795089        -6.899778980         5.410481748                
     2.997212194         3.922102516       -0.5822188507                
    -1807.537922        -11403.38798        -7220.671261                
O              225                                                      
     6.092149605         3.334478972        0.4698730591                
    -4.224146328        -1.766707754       -0.1884275996                
    -14842.43208         6839.482835         935.0595559                
O              226                                                      
    -4.134182134         6.663614663         6.311816789                
   -0.4881103670         2.793579160        -2.548291106                
     1303.115072         953.8519850         2462.240375                
O              227                                                      
    -4.125393744         3.181524695         6.686405502                
     3.416176354       -0.3301765114        0.5307575761                
    -7725.150527         3133.925825        -4258.857594                
O              228                                                      
     6.077771141         6.735629439        0.9746618743E-01            
     1.219280757        -5.850896900       -0.6731743767                
    -14830.86985         6689.250398        -6660.097940                
O              229                                                      
     1.970317565        -3.094666374         5.715307530                
    0.7821956163        -2.140768568        -2.093360898                
     9325.976607         2363.937981         11893.81949                
O              230                                                      
    -8.253116064        -6.993438270        0.9628861397                
    -1.225580063         3.123230004         1.970498421                
     21028.62292         2693.089043        -12961.75874                
O              231                                                      
    -7.991421040        -3.151032541         1.254033218                
     4.392240651         6.302905602         4.173144110                
    -1839.540564         3049.674194        -8445.173958                
O              232                                                      
     2.108448473        -7.133378627         5.482833341                
    -2.756743366         5.385681893        -1.060041093                
    -5876.461985        -3332.802634         1325.699283                
O              233                                                      
     2.504021249        -3.082700599         3.141833013                
    -3.604587434         9.556828493        0.9185165614                
     8124.698211        -2633.281502         12902.01894                
O              234                                                      
    -7.766436137        -6.985182138         3.483280604                
   -0.8741853275        -7.701752428        0.3688687545                
    -7069.658571         609.4921435        -15525.54597                
O              235                                                      
    -7.508604014        -3.144692096         3.676416013                
     1.982096661         4.511151365        0.9969904302E-01            
    -4561.249214        -6340.435674         747.4580952                
O              236                                                      
     2.308893755        -7.001232549         2.944138389                
     5.156200863        -1.157050273       -0.8011974050                
     15015.94917        -7260.451431         4197.551802                
O              237                                                      
     5.069366033        -3.193956277         3.391281716                
    0.5230673075E-01    -4.983961543         1.248426364                
     4484.296056         9869.595652        -15264.00327                
O              238                                                      
    -5.145807682        -7.083268207         3.436674714                
     7.870022492        0.1298567897E-01    0.1552461877E-01            
    -2124.909280        -6078.097441        -8760.526840                
O              239                                                      
    -5.014961451        -3.196212627         3.450267355                
     4.254730287        -1.103970737        -1.229346317                
     22175.68428         11954.63395        -13782.01266                
O              240                                                      
     5.008593919        -6.986367529         3.066403728                
    -3.828598886         3.533132502        0.6321416253                
    -17155.83417        -10319.90048         6403.569271                
O              241                                                      
     6.348041046       -0.9058227036         4.026892871                
     2.509675611        -1.142877528         5.125439426                
     4127.821048        -26579.48329        -294.9922772                
O              242                                                      
    -3.921547659        -9.223175165         2.491806526                
     1.568112248         6.134460480         8.037298159                
     3693.229404        -4145.370762         9243.889081                
O              243                                                      
    -3.677291059       -0.9878805973         2.656683528                
    -7.734654315         4.063355938        -4.222954361                
    -8174.611611        -34616.12196         6520.033812                
O              244                                                      
     6.287127439        -9.058328700         3.959903865                
    0.8996967818        -1.032457042       -0.1272055824                
    -4588.576493        -29577.04312         4721.232651                
O              245                                                      
     1.494411744       -0.9790048347         4.224112572                
    -4.851611306         4.436217531        -3.837587319                
     3704.244675        -9871.439134         12670.02579                
O              246                                                      
    -8.857303010        -9.083014040         2.423643853                
   -0.3100245328        -5.306820180         5.993447784                
     8317.016391         1141.932838         2820.296384                
O              247                                                      
    -8.723201933        -1.139282357         2.752420453                
    -5.765252502        -3.141921844         1.403601079                
     4355.306401         25331.29265        -9994.824099                
O              248                                                      
     1.336332319        -9.167875380         4.095469243                
     3.777135589        -7.757903175         3.639335007                
     3543.447492        -4638.459360         4646.156067                
O              249                                                      
     8.327580262         2.639924030         1.528391246                
    -9.288534293        -4.982814073        -3.950651418                
    -1633.172290         4357.137251         2015.818644                
O              250                                                      
    -1.870264713         7.447641956         5.450879379                
     3.121866821         2.231093975        0.2455338949                
    -3099.837033        -6543.671511         4332.423806                
O              251                                                      
    -1.834098919         2.433270839         5.673415036                
    -3.431045041         5.080897719         6.277599061                
    -6299.091172         4756.884988        -1035.960339                
O              252                                                      
     8.310127637         7.741513790        0.9504751548                
     1.501527286         1.125653070        -2.040117800                
    -5240.746268        -18696.92713        -19692.30584                
O              253                                                      
     8.216461020        0.1756707735         1.377053261                
   -0.6627906515         1.058134366        -5.202925293                
    -505.8197148         4833.409983         12619.60859                
O              254                                                      
    -1.974950096         9.998947053         5.607571313                
     2.355346099       -0.7975920561         2.692921484                
     3008.102280        -12018.87486        -23074.21047                
O              255                                                      
    -1.806796191       -0.9066587018E-01     5.593548964                
     8.174526100         3.257375543        -4.609811351                
     7937.835382         12709.46962        -1262.069878                
O              256                                                      
     8.185886911        -9.970751186        0.9181088226                
     1.875299368         2.488717681        -1.069278567                
    -1371.730083        -6181.484194        -2444.728713                
O              257                                                      
     8.277482612        -2.371561502         1.111529813                
    -3.915491218        -3.021051504         4.922474414                
     4339.132784         7329.168710        -433.7287790                
O              258                                                      
    -2.002224079        -7.608661383         5.719311060                
    -4.538859759       -0.9500361787         6.006729300                
     10593.60365         12953.51485        -9516.498809                
O              259                                                      
    -1.809235727        -2.586128523         5.619921202                
    -6.021039230        0.9960603827         1.565916165                
     4728.044544        -3163.871913         9054.338526                
O              260                                                      
     8.251421879        -7.489813094        0.6598577299                
    0.2807843343         9.256024610        -1.320880979                
    -815.9529811         13627.81731         1657.473014                
O              261                                                      
     3.829621786         2.541375797         1.415500236                
     2.078662067       -0.9029167507        -5.898498205                
     16854.40074         16336.70663        -11116.66235                
O              262                                                      
    -6.302475815         7.498721361         5.267486251                
    -1.037695780        -1.984000199        -6.891441680                
    -2177.068877         6166.636238        -15545.39088                
O              263                                                      
    -6.211651622         2.352336062         5.496732999                
     1.112382723         2.934091514        -4.266982121                
    -238.5833056        -3666.745068         4469.146451                
O              264                                                      
     3.889887671         7.738498975         1.036147981                
     3.912300347        -3.729284327       -0.1342379597                
    -6245.382686        -6986.859381         8914.257159                
O              265                                                      
     4.018389340        0.9951845525E-01     1.291784609                
    -7.036955786        -1.493542604        0.7820982374E-01            
     3315.214856         1072.600466         3440.842805                
O              266                                                      
    -5.951564294         9.967451914         5.287255309                
   -0.4010435149        -1.684865268         5.635049139                
    -3964.765496         14260.74362         11098.14906                
O              267                                                      
    -6.028009480       -0.2312514875         5.566580510                
     2.482408532         1.269888985        -4.279891985                
     986.0596227         33.13372998         4191.717674                
O              268                                                      
     3.913987075        -9.967451375         1.020863357                
     2.263049007         9.963183018       -0.5012818484E-01            
     2551.962553         4214.351503        -2775.278367                
O              269                                                      
     4.100513463        -2.451907452         1.225250183                
    -8.040272573        -2.882601395        0.2143074527                
     3695.750175        -342.1389465        -624.5963481                
O              270                                                      
    -6.336537227        -7.724377476         5.506339719                
     2.909037439        -7.264046095        -6.277518080                
     9999.241758         1862.003481        -4054.735261                
O              271                                                      
    -5.858181358        -2.741210718         5.658466459                
    -2.529133849        -2.602111711         5.999565589                
     5284.731539         13812.51860         14522.76611                
O              272                                                      
     3.921499741        -7.489704191        0.8513245907                
     1.522342440        -1.908077421        -4.782087295                
    -8216.236287         17372.28828         21526.26644                
O              273                                                      
    0.4899968596E-02     1.105986472         4.278353523                
    0.6958535297         1.439797408        0.3809109994                
     15662.45852        -4611.929058         13073.32671                
O              274                                                      
     10.05681206         9.013641935         2.373528020                
     1.688831968         6.647150871        0.4606585280                
    -24737.06658        -1078.831106        -2247.190862                
O              275                                                      
    -10.15179195         1.045745662         2.698995435                
     2.432114584        0.2594392059        -1.600405345                
    -15900.16550         1366.612714         4707.977286                
O              276                                                      
   -0.6488226489E-01     8.864610311         4.207410655                
     8.053575824        -5.282354791        -1.731837261                
     1989.235537         4093.804228         1539.251984                
O              277                                                      
    0.4535520077E-01    -3.193599496         4.075400145                
   -0.3215930869         2.102252915         4.893774004                
     7399.245376         4990.518589         12394.91684                
O              278                                                      
     10.02647679        -6.929666512         2.309987376                
    -5.544418680         3.238672259        0.2878626980                
    -1505.645120         10342.34761         8770.261625                
O              279                                                      
    -10.11879214        -3.160141216         2.593924669                
    0.7252452603         3.967848251        0.7755515542                
     18990.07099        -2912.358520         733.0234152                
O              280                                                      
   -0.9573065175E-01    -7.007739790         4.136037621                
     7.748888068        -4.807219949        0.2931120607                
     11756.95545        -7855.762375         3527.827481                
O              281                                                      
     8.525968570        -4.921776729         1.796258946                
     3.038333866         4.527199827        -9.261872951                
     5935.086030        -8746.812341         3957.244697                
O              282                                                      
    -1.593852320        -5.110493817         4.721953441                
     5.286582721         2.516957139        -2.222636484                
    -1403.273282         2573.528811        -3094.616065                
O              283                                                      
     3.780290556        -5.022089091         2.093810483                
     1.747702191         2.316724282       -0.4076327625                
    -7966.490547        -24327.91911        -8447.531840                
O              284                                                      
    -6.264958574        -5.169043613         4.622602804                
   -0.2679288983         6.520942232         1.216319425                
    -5707.727961        -6276.839334        -7526.968379                
O              285                                                      
     4.171467499         5.064966618        0.5776233746                
     1.816290067         1.477717768        -6.603087200                
     7923.524656         7647.167957        -18791.67004                
O              286                                                      
    -5.903440681         4.933434628         6.182771801                
   -0.1681877843        -1.045846527        -1.417304934                
    -4077.180365         6602.482034        -2502.012722                
O              287                                                      
     7.820388370         5.138619077        0.3892063375                
     2.302045671       -0.1729842091         1.363753479                
     11302.26874         15545.27330        -3319.539619                
O              288                                                      
    -2.396624803         4.919262484         6.541094588                
    -1.031863478         2.477353382         2.204171157                
     5113.060439         1711.742417        -5610.088636                
C              289                                                      
    -1.143490857         5.696776343        0.4936846607                
     1.403291950         1.762377654        0.1731958733                
    -55.55760092         77.81958049        -116.6962083                
C              290                                                      
    -2.209882687         5.003417019         1.078471007                
    0.7713086976         1.342470984        -1.477129905                
    -53.68342797         26.17279949        -73.80386252                
C              291                                                      
    -2.202942445         4.738812072         2.453220458                
   -0.6155405189        0.1733262634        -1.695159749                
    -68.58496309         8.750933812         154.1127080                
C              292                                                      
    -1.129610374         5.167566448         3.243183563                
    -1.370406484       -0.5759117874       -0.2628638156                
    -76.82123279         5.315991150         25.46091505                
C              293                                                      
   -0.6321854330E-01     5.860925773         2.658397215                
   -0.7384232297       -0.1560051159         1.387461964                
    -41.71417227         133.2752875         49.61451130                
C              294                                                      
   -0.7015878483E-01     6.125530720         1.283647765                
    0.6484259868         1.013139605         1.605491808                
     68.74639611         141.8648980        -17.41077143                
H              295                                                      
    -1.148844757         5.900900160       -0.5668363457                
     2.473147062         2.664289297        0.3413903248                
    -33.02275356        -51.79401274        -108.9283058                
H              296                                                      
    -3.037899362         4.672654387        0.4690692055                
     1.353634884         1.920457339        -2.582069337                
    -69.46119239        -23.42575058         114.9305753                
H              297                                                      
    -3.025605222         4.203925623         2.904339663                
    -1.103069444       -0.1505990237        -2.968293635                
     32.77134839        -97.80250205        -7.397661164                
H              298                                                      
    -1.124256474         4.963442632         4.303704569                
    -2.440261594        -1.477823429       -0.4310582669                
     343.7695979        -150.2749804        -359.9109605                
H              299                                                      
    0.7647981319         6.191688405         3.267799018                
    -1.320749417       -0.7339914723         2.492401395                
    -3.938960844        -60.71854742         8.374379282                
H              300                                                      
    0.7525039912         6.660417169        0.8325285621                
     1.135954910         1.337064890         2.878625693                
    -34.33103723        -79.68638267         107.0482421                
