Diffusion in Zeolites. ZSM5 (Silicate) Crystal Structure, Si(96)O(192) +
         2         2       300     13334   1.0000000E-03   1.3334000E+01
       20.3183600000        0.0000000000        0.0000000000            
        0.0000000000       20.1714600000        0.0000000000            
        0.0000000000        0.0000000000       13.5858629500            
Si               1                                                      
     1.604396607        -1.151796062        -4.641230263                
    0.3661525719E-01     3.630222211         9.786307236                
     4637.524001         6459.771316         13710.52944                
Si               2                                                      
    -8.574327980        -8.838939289        -2.111815339                
     5.554441860         6.324511376        -2.423425126                
     18521.78737        -18393.58920        -11667.85175                
Si               3                                                      
    -8.446039437        -1.222202286        -2.298055063                
    -11.19111382        -3.763782180        -5.767955923                
    -80.36401564         11552.29355        -27389.81986                
Si               4                                                      
     1.631048191        -8.932739984        -4.720784323                
    -4.099155029         2.253418377         1.758031697                
     13115.41332         13627.86934         19655.93704                
Si               5                                                      
     3.972667371       -0.4826185718        -2.745258541                
     3.690959471       -0.3432739626         5.006633400                
    -31.25599899        -30621.27047         49646.15783                
Si               6                                                      
    -6.305128001        -9.422612765        -4.106900512                
    -1.644884778         4.917417884         2.545034581                
     26737.12318         3521.786844        -20493.18898                
Si               7                                                      
    -6.124172016       -0.5191021557        -4.231680338                
   -0.1471493736        -1.008138492       -0.5374362726                
    -18943.35557         36808.57881        -15073.48654                
Si               8                                                      
     4.000916731        -9.265415151        -2.742119540                
     2.503645842        -10.26882418       -0.4236274760                
    -29231.84682        -6155.776391        -7871.989792                
Si               9                                                      
     5.646580337         1.301949902        -6.322954478                
    -1.223058102         1.574287826        0.6259984196                
    -20523.84313        -13124.32759        -13165.57394                
Si              10                                                      
    -4.272141399         8.978897197       -0.4933509202                
    -2.186805396       -0.8261558461         2.097184659                
    -16236.99532         33517.59218         25928.56207                
Si              11                                                      
    -4.340270257         1.230208186       -0.5095726775                
     3.920120640         2.880528950         4.543546662                
    -4567.933877        -1403.332961         26119.56633                
Si              12                                                      
     5.828802119         8.747439719        -6.586627532                
    -6.284956246         1.033783921         1.021886493                
     1676.799850        -942.2257145         20804.35728                
Si              13                                                      
     2.432836216         1.344126582        -6.448271204                
     1.827429179        -1.499971103        -6.988116762                
    -7165.634551        -8698.721937         5849.594139                
Si              14                                                      
    -7.471962254         8.844082611       -0.3061129050                
     1.452028414         10.18112661        -3.273533161                
    -8772.673640         31446.65436         9848.676926                
Si              15                                                      
    -7.492012664         1.165824176       -0.3083452576                
    0.6065932292        -4.219220705         2.775234640                
     1541.043888         12763.10385        -39830.44721                
Si              16                                                      
     2.624047534         8.758837432        -6.433645536                
     4.705565261        0.4482912691        -1.121837202                
    -1620.358045        -3530.040395         4424.504328                
Si              17                                                      
     8.771890932       -0.7083084299        -2.555802217                
    0.8090413327         3.188688849        -5.160154798                
     5522.844915        -1657.307266        -5570.224335                
Si              18                                                      
    -1.312192048        -9.384190932        -4.391659722                
    -2.006716462        -4.669263224         1.255216104                
    -56858.74147        -4844.144469        -6460.309480                
Si              19                                                      
    -1.413149079       -0.4745749320        -4.387194426                
     1.651371468        -1.549161744       -0.7779482428                
    -9599.583896         15794.05723         20787.33165                
Si              20                                                      
     8.779763967        -9.577516353        -2.722976241                
    -5.913027724         6.813138037         5.572750639                
    -14209.30026        -13473.17441        -8777.061665                
Si              21                                                      
     6.440439900        -1.180278450        -4.524823557                
    -4.938609877       -0.5439507658         7.870186431                
    -9958.577063        -14253.47728         2349.104860                
Si              22                                                      
    -3.714152780        -8.800477794        -2.403032850                
     4.683752706        -2.908994474        -1.793378963                
    -11913.26639         16087.96564        -5147.649764                
Si              23                                                      
    -3.746229125        -1.098438378        -2.409177664                
    -5.428006134        0.1669691402        -3.962927063                
    -6780.962633        -55132.00696         16036.53673                
Si              24                                                      
     6.395923259        -8.935876922        -4.736453784                
    -5.261878074        -5.776625533        -8.942304152                
     15980.17909         17223.99601        -10756.35341                
Si              25                                                      
     1.492629336         3.681512311        -4.512967281                
     1.004155274        -1.622438806        0.7635072201                
     19431.46947        -51064.87845        -20720.69237                
Si              26                                                      
    -8.585945953         6.661615093        -2.308622506                
    -4.352960876         1.575901291        -1.573861904                
     17704.61014        -3250.315571        -259.5315827                
Si              27                                                      
    -8.593286389         3.523026183        -2.099146028                
     4.797183104         5.811460033        -2.950301646                
    -12707.88696        -18332.92205        -17899.36932                
Si              28                                                      
     1.732279742         6.740784355        -4.278460522                
    -4.104732075       -0.6609082045        -4.466336308                
    -2706.289265         549.9802616        -4851.867940                
Si              29                                                      
     3.788369685         2.672605811        -2.639511202                
     4.062383716         8.016004172         4.651687783                
    -6732.472218         883.8334268         5673.761147                
Si              30                                                      
    -6.290166527         7.616505743        -4.248530986                
     5.610899789        0.8594540038         3.402323983                
     11461.03496        -2435.235916        -14299.85275                
Si              31                                                      
    -6.427234290         2.777608260        -4.193986219                
   -0.6404381882        -3.752368126        -1.935925719                
     36385.25413        -34800.84319        -2421.573786                
Si              32                                                      
     4.133892707         7.743674742        -2.384657569                
    -5.623118470        -8.894522760        -2.028420471                
    -10696.63631        -4607.422921        -31685.35018                
Si              33                                                      
     5.590248388        -3.287668103        -6.640688656                
     5.070516606        -2.805731518        -7.454995140                
    -11069.05046        -25380.88547         2736.595283                
Si              34                                                      
    -4.505332797        -6.553636633       -0.3543392280                
    -9.452909829        -2.696815303        -1.639742051                
    -27449.48838         21188.77728        -12726.07171                
Si              35                                                      
    -4.725491976        -3.443317036       -0.4135597650                
     2.753272818        0.5259883974       -0.4851034264                
     23477.24769        -3756.629327         2245.452771                
Si              36                                                      
     5.709455558        -6.355174704        -6.398129828                
     9.279932007       -0.9852846705E-01    -3.181649011                
    -1491.744944        -8748.403930         12216.66991                
Si              37                                                      
     2.354667426        -3.477783115        -6.522082711                
    0.7499434404        -4.966933287        -1.351216569                
     11974.06634        -3011.366217         34175.04411                
Si              38                                                      
    -7.738045355        -6.553659085       -0.2610619347                
     5.792104898        -5.428895640       -0.6915295398                
     15107.46879        -3728.687176        -11841.95667                
Si              39                                                      
    -7.834940991        -3.525055093       -0.3675787851                
    0.6087600403        -1.948709592        -1.058454267                
     1828.425322         3342.225071        -22351.14909                
Si              40                                                      
     2.522781221        -6.588196277        -6.525343619                
     1.770271201        -7.215778330       -0.8654995429                
     27867.35130         26244.19168         21770.90141                
Si              41                                                      
     8.709482665         2.417642034        -2.488115709                
    0.5753246663         7.129772687       -0.1253455619                
     13613.18359         24734.18815         22154.95554                
Si              42                                                      
    -1.368276361         7.612529585        -4.378976359                
   -0.9068627250        0.8913810194        0.7769337266                
     37399.50476         10716.70931        -787.9922578                
Si              43                                                      
    -1.408266499         2.674499164        -4.329650387                
     3.979688876         3.425765767       -0.8992015376E-01            
    -8133.072129         918.1314162        -13737.86672                
Si              44                                                      
     8.772464871         7.401598583        -2.431326357                
     2.772695274       -0.2957372865       -0.5771866457E-01            
    -33872.78277         12277.99869        -13835.05443                
Si              45                                                      
     6.321203856         3.483381017        -4.273491530                
    -2.108197791        -1.143752621        0.5687906079                
     21079.12227         15275.54705         12496.95694                
Si              46                                                      
    -3.723998809         6.732453965        -2.500873877                
    -2.984450976         5.452596322         8.185911607                
     3213.799362         827.8396959        -13157.87242                
Si              47                                                      
    -3.729917998         3.617919295        -2.489030409                
     1.174281645        -1.869406603         2.916139517                
    -45218.93476        -2585.516702        -3211.044347                
Si              48                                                      
     6.476346716         6.618571945        -4.451803986                
     3.404271001        -8.443676477         1.388553202                
    -20493.68134        -14427.01213         32909.33996                
Si              49                                                      
     8.664664103         1.125400181         2.300684519                
   -0.2013045042E-01    0.1864629866        -3.419483370                
    -34347.94742        -11386.80298        -1235.665652                
Si              50                                                      
    -1.510072181         8.885982127         4.686567838                
     1.689857861         1.930257178         2.183503669                
     9275.844945        -40111.15692        -18842.78890                
Si              51                                                      
    -1.433029403         1.260823231         4.447090349                
    -3.669412341         5.573302341       -0.3790089342                
    -13720.28051        -895.6468879        -8093.666724                
Si              52                                                      
     8.721107686         8.744135412         2.177165845                
     4.204423640         3.160107869        0.1883777035                
    -23536.32291        -4071.087522         21086.70698                
Si              53                                                      
     6.396932603        0.5893774361         4.256123648                
     9.628747026        -5.544860689         4.786779289                
    -22539.93110        -10267.91474        -36.68155461                
Si              54                                                      
    -3.758768614         9.554964331         2.638289908                
   -0.6474936456        0.9700682783E-01    -2.854196383                
     3578.736556        -17483.74787        -33646.31158                
Si              55                                                      
    -3.741494323        0.5711790368         2.525288191                
     5.051489748        -6.642870025        0.4371168247                
     6334.713163         1360.613334        -6900.733960                
Si              56                                                      
     6.315598753         9.590527089         4.078941063                
   -0.2543576860E-01     6.471815775        -4.012886518                
     6557.351648         16721.58821         20015.51349                
Si              57                                                      
     4.444756850        -1.099174897        0.4041077449                
     1.520056916        0.3717798116         5.556797184                
     1424.659495        -6617.489587         33099.01586                
Si              58                                                      
    -5.615287877        -8.724558906         6.523131053                
     2.047353160        -1.037344479        -2.729283091                
    -25952.04787         15799.13102        -6532.515608                
Si              59                                                      
    -5.546031051        -1.198249731         6.319013881                
    -1.122406773       -0.9716433474        -3.658415570                
    -16885.59172        -5196.934111         45882.23025                
Si              60                                                      
     4.634326549        -8.783463144        0.2493812072                
    0.1243996884        -2.507723248        -4.617752397                
    -1025.995351         15614.77395         22449.58744                
Si              61                                                      
     7.594362635        -1.242206874        0.3816353896                
     4.048190627        -3.901443764        -6.643032966                
     24055.96599         18768.79805        -2051.784292                
Si              62                                                      
    -2.501133642        -8.813350324         6.311520980                
     7.035555273        -1.259352189        -1.166773063                
    -1704.442760        -4328.192987         29547.47669                
Si              63                                                      
    -2.375279330        -1.180476014         6.324895119                
     3.578356315        -2.184472055         1.540844854                
     25906.56124         1374.167781        -44285.39134                
Si              64                                                      
     7.882448606        -9.045008575        0.3098446115                
   -0.7925317541        0.7600397384        -5.254579410                
    -26740.81152         9297.535360        -23003.06772                
Si              65                                                      
     1.543124217        0.5850134485         4.272968706                
    -3.016571591        0.9555021675        -4.616877475                
    -20464.38079         5974.759760        -19355.15014                
Si              66                                                      
    -8.635265207         9.295500635         2.574684974                
    -2.711064848         7.228941961       -0.9361174201E-01            
     17863.12237         21523.28028         5697.802176                
Si              67                                                      
    -8.531120436        0.6239014154         2.541454342                
     2.183100872         6.048521805        -13.14572652                
    -40791.94714        -8901.886395        -2134.845322                
Si              68                                                      
     1.579000718         9.420562122         4.273907218                
    -4.660886412         2.515742732        0.6500792035                
    -15001.11581         45415.42241         22458.03152                
Si              69                                                      
     3.902601464         1.252828177         2.445277942                
     7.658429221         3.794216281         3.018230149                
     15288.95427        -5871.994983        -28494.00595                
Si              70                                                      
    -6.220541545         9.034795569         4.488296309                
     4.655844206         6.592910779        0.2880847148                
     8356.131087         22851.04471        -12530.83562                
Si              71                                                      
    -6.196672001         1.221929656         4.446760073                
   -0.2469456878         5.586519330        -5.329689392                
     12498.81808         3632.993508         25052.84360                
Si              72                                                      
     3.889311622         8.998943381         2.289373972                
     4.241482129         2.516660338        -3.507049738                
    -13473.41835        -6974.828336        -25478.00476                
Si              73                                                      
     8.610849669        -3.578334728         2.219089791                
    -7.998473761       -0.7810560363        -5.413048773                
    -38207.83594         16841.25484        -14660.85299                
Si              74                                                      
    -1.441021072        -6.693487544         4.396129742                
    -1.398926834         4.792202143         1.180793556                
     17588.57700         25810.18518        -37057.63461                
Si              75                                                      
    -1.464158047        -3.514263187         4.409667364                
     1.775964840         5.328977228        -4.520169769                
     1528.647056         4361.404561        -478.8637528                
Si              76                                                      
     8.635892159        -6.682048137         2.265345462                
    0.4865746155         2.765854528         2.676560518                
    -190.2408245        -23705.62867         23940.14248                
Si              77                                                      
     6.120372278        -2.641761035         3.980193215                
    0.8935176083       -0.6287577937         4.084979331                
     42798.60642         28367.66015        -17571.65945                
Si              78                                                      
    -3.966512618        -7.420855447         2.602976971                
     11.39014764        -4.619448381        -4.878318819                
     30938.58433        -29660.41878         16998.33828                
Si              79                                                      
    -3.879649298        -2.636588215         2.571718576                
   -0.1580205947E-01     3.610311369         1.512486891                
     7154.632078         23778.83301        -33901.99762                
Si              80                                                      
     6.321504769        -7.411666111         4.355724839                
    -4.841212043         5.114825276         1.155206273                
     10430.95489        -13668.12218        -20265.42518                
Si              81                                                      
     4.327833343         3.516855582        0.3424674776                
    -7.864894611        -3.826891292         6.101127370                
     11018.49321         25856.54929        -13110.29560                
Si              82                                                      
    -5.632073865         6.709548977         6.431949828                
     7.662141025         1.418608704         3.244662108                
     24645.36649        -8544.061438        -7999.456105                
Si              83                                                      
    -5.770797262         3.538990599         6.447810504                
    -2.706041156         3.055893404         1.638831134                
    -23211.21026         24381.42029         17769.08527                
Si              84                                                      
     4.614103518         6.573021273        0.4986380345                
    0.5241309639        -5.330840883         4.223697284                
    -11115.23239         6355.232863        -16159.97063                
Si              85                                                      
     7.475594421         3.300039660        0.3536162999                
    -5.050776818         2.705456352        -2.383959747                
     17945.29525        -13748.51007         1846.941075                
Si              86                                                      
    -2.415650811         6.416655588         6.421156915                
     7.879778503         2.373366584         4.377165717                
     39949.61505         44933.07501         15489.61734                
Si              87                                                      
    -2.615630164         3.373041925         6.420280395                
    -3.725003217        -4.869671840        -6.627269602                
     23853.10468        -26140.20899         4953.156175                
Si              88                                                      
     7.719094282         6.421143023        0.4714520938                
    -2.002540710       -0.5942977295         5.953950045                
    -6908.189384        -15415.89943        -19800.52193                
Si              89                                                      
     1.403902228        -2.505321476         4.266550803                
    -8.763081050        -7.016453171         4.265633971                
     13280.86562         11919.82475         2801.448546                
Si              90                                                      
    -8.718323231        -7.681496321         2.517300876                
     1.510186542        -1.039144692         2.166346022                
    -872.1353816        -1430.915753         18730.66691                
Si              91                                                      
    -8.781665647        -2.557315716         2.529504675                
     3.470091787         2.749897670         3.825251441                
    -7290.304877        -19833.84366        -190.7503956                
Si              92                                                      
     1.628354359        -7.509171866         4.163506060                
   -0.8293806487       -0.4677529532E-01    -3.421103924                
    -28104.62225        -25208.60394        -36.78122808                
Si              93                                                      
     3.560707698        -3.505739206         2.220395004                
     2.152795914         1.392979105        -9.113798056                
     18650.85033         9682.339608         36824.97124                
Si              94                                                      
    -6.402383993        -6.561599852         4.373499747                
    -7.715206770        0.5933932007        -3.030692742                
    -163.0094361         8803.940363        -1384.897784                
Si              95                                                      
    -6.424819466        -3.365583880         4.355847221                
     1.417880085         1.394141372         1.478095570                
     4567.466887        -39775.29867        -4857.196875                
Si              96                                                      
     3.894360842        -6.615329099         2.350529742                
    -5.120889361       -0.5717151525        -5.571511445                
     12117.80593        -2983.102603        -13010.58112                
O               97                                                      
     2.760395014        -1.128931112        -3.532558042                
     2.084362232        -6.713800592        -1.815856387                
     283.1480176         14666.56806         455.0182224                
O               98                                                      
    -7.528700442        -8.992776620        -3.349971883                
    -4.070067852         8.471293026         10.30811036                
    -35161.08424        -56.37241123         26748.42258                
O               99                                                      
    -7.392397785       -0.9552862534        -3.496252205                
    -1.446892935         4.668047752        -1.059461843                
    -31593.84369        -11367.46584         27542.29924                
O              100                                                      
     2.568316990        -8.992922715        -3.457362005                
    -1.380115733         6.916480457        -1.896728540                
     20985.64666        -9606.127706         6120.440330                
O              101                                                      
     4.080069475       -0.8621247117        -1.041725310                
     1.415044706         6.212392615        -10.33211614                
    -5753.453023         6524.194991        -59347.52876                
O              102                                                      
    -6.079441994        -8.844199962        -5.560938689                
     13.72145493         5.566863391        -11.54082282                
    -3395.098715         160.4140465        -7943.400806                
O              103                                                      
    -6.029048714       -0.9970386951        -5.682188638                
    -7.105605475         3.125912920         3.526657237                
     17630.55845        -7954.272699        -49450.48045                
O              104                                                      
     4.233217178        -8.816292248        -1.264991960                
     8.796148675        -1.491117915       -0.4981006207                
     2924.342099         2814.334905         2768.951286                
O              105                                                      
     3.995851800         1.323972933        -6.384913573                
    -1.407054054         9.135211444         3.110593366                
     29698.81909         7475.350634         7000.014004                
O              106                                                      
    -5.909500225         9.013440324       -0.4565970240                
     2.948509853         10.83759840        -1.335521131                
     8093.294555        -19887.12080        -3612.696915                
O              107                                                      
    -5.954179467         1.153840243       -0.3227997251                
    -10.03792869       -0.1398654186         6.044610255                
     30270.22860         4771.831157        -5816.370904                
O              108                                                      
     4.236410191         8.700906426        -6.405358068                
    -1.150725947        0.2949787622         2.438780914                
    -7225.833305         3700.927746        -4043.339811                
O              109                                                      
     8.156920288        -1.003866634        -1.150755782                
     6.253596615        0.4959650674        -4.208170758                
    -3436.653485        -10282.97104         23409.73377                
O              110                                                      
    -1.773656784        -8.854188377        -5.851219163                
    -5.652548853        -2.230774534         3.485319972                
    -9213.797300        -10923.43957         1182.102646                
O              111                                                      
    -1.914704998       -0.8607268374        -5.851887109                
   -0.2461022342E-01   -0.1586889833       -0.7557501633                
     12600.92834         1280.282875         28918.72909                
O              112                                                      
     8.306030162        -9.201607504        -1.265277394                
     5.613499131        0.2587642599E-01    -5.139400824                
    -4926.553968         6017.136259         23907.56251                
O              113                                                      
     7.726470866        -1.178464814        -3.645546229                
     7.344840187        -7.778612816         10.50140810                
     10396.88959         2437.571440        -10241.15698                
O              114                                                      
    -2.436674886        -8.998478320        -3.307551637                
    -1.035247250         2.592675647         2.094200981                
     4945.566179         10186.98473        -3404.971491                
O              115                                                      
    -2.528972249        -1.032051801        -3.354656526                
     2.104969299         2.827533951       -0.7088091651                
     29263.69997         1082.782162        -10500.77357                
O              116                                                      
     7.704370056        -9.078915210        -3.837961068                
    0.7632051271         1.215931974         8.088032227                
     9389.266693        -7050.834485         17246.75084                
O              117                                                      
     5.335890784       -0.9941394386        -3.366717902                
    -1.115336280        -5.130931543        -8.060122582                
    -10478.01760         8764.651825        -14955.03374                
O              118                                                      
    -5.072870884        -9.046304363        -3.200371536                
    0.2693075748        -3.409236667         4.562695360                
     13962.63772        -653.8907800        -5106.231151                
O              119                                                      
    -4.938102302       -0.9479014370        -3.397473852                
     8.374571494        -8.197293512        -1.235711667                
     16025.76019        -4700.649019         10293.90887                
O              120                                                      
     5.078875696        -8.940198052        -3.851282653                
     3.766833003        -7.479274853        -7.707182381                
     7061.405569        -9831.856744         13968.41004                
O              121                                                      
     2.475434104         3.168485642        -3.368758240                
     5.447135165         2.069855605        0.4780781472                
     6485.101091         2060.705474         3291.505195                
O              122                                                      
    -7.567818327         7.069529109        -3.541650727                
     2.517406806        0.4011976536E-01     2.614746869                
    -12493.13874        -9008.762171         34345.83399                
O              123                                                      
    -7.600716905         3.173049257        -3.312928312                
    -5.494934739        -3.053748243         15.10110947                
    -22272.71195         8086.141265         1803.633269                
O              124                                                      
     2.757555534         7.258218500        -3.157463066                
     2.107319944        -5.902190957        -2.128452521                
     5163.329089        -7595.903932        -4346.162811                
O              125                                                      
     3.924610285         3.183255996        -1.132919101                
     6.593949791         5.462339286         6.522554068                
    -13183.74679        -15297.90556        -11100.19725                
O              126                                                      
    -6.162173034         7.253606611        -5.799483640                
     4.243246267        -7.060479784       -0.7559193310                
     6794.520015        -11385.00958         10584.41950                
O              127                                                      
    -6.387191908         3.229624116        -5.741546562                
    0.7321467890        -5.402309582         7.181829541                
     3966.923233        -4210.425817         26683.04142                
O              128                                                      
     4.265111925         7.297714948       -0.9282501514                
   -0.2245352458E-01    -1.579780698         10.72026246                
    -1852.683728        -16110.93714         22136.08595                
O              129                                                      
     3.985691536        -3.335622685        -6.557094574                
     2.946072696        -6.043367527        -6.246378100                
    -13209.95304         6858.892397        -5545.025444                
O              130                                                      
    -6.145148231        -6.523045500       -0.2806118399                
    -4.143168907         2.038291145        -11.37377302                
     6762.178969        -18374.21739        -2480.488190                
O              131                                                      
    -6.275710147        -3.356578042       -0.5105877332                
    -3.880062081        -7.289736519       -0.1262244980                
    -6916.961860         5677.824905         9754.936549                
O              132                                                      
     4.147498499        -6.596320562        -6.280271683                
     1.440924665         7.191498877         8.774994712                
    -19067.64966         5696.448282        -15161.35092                
O              133                                                      
     8.155645133         2.706553086       -0.9892625841                
     3.878415447         1.622907662        -5.064607904                
    -10579.38432         9704.028705        -3985.254515                
O              134                                                      
    -1.829795772         7.142268546        -5.785111730                
    -1.428445833         7.022959225         3.045808216                
    -9197.215982        -27295.07961        -14071.04919                
O              135                                                      
    -1.976472166         2.844961730        -5.814780067                
     12.10734253        -1.009428378         4.259361439                
    -12038.79123         4286.278949         8481.156794                
O              136                                                      
     8.279988288         6.982050948       -0.9703127261                
    -7.074356594         7.047148931        0.2372802992                
     7657.846129        -14399.87877         10608.60653                
O              137                                                      
     7.647323534         3.100370697        -3.453075666                
    -12.89535849         3.061799342        -2.652174734                
     2524.614926        -5896.827693        -1948.372537                
O              138                                                      
    -2.385423486         7.066699622        -3.331263411                
     13.53067084         1.884349212         1.403215708                
    -15581.41404        -8733.137728         6222.472789                
O              139                                                      
    -2.421279519         3.456498465        -3.349434223                
    -1.840843265         10.85167442       -0.2925814138                
     11.13038650        -21331.87128        -547.2889780                
O              140                                                      
     7.787124432         6.823055645        -3.544191587                
     4.259506228        -1.586931486         7.577813341                
    -9279.287704        -4136.061903        -7876.302152                
O              141                                                      
     5.088388619         3.137659894        -3.427451766                
     6.843108634         9.853198064        -4.677888929                
    -23628.20030        -12086.16087         14320.25225                
O              142                                                      
    -5.035600476         7.093107929        -3.348855651                
     3.451544917         10.84926836         3.111068075                
    -5913.032697         1015.721223        -10899.83936                
O              143                                                      
    -5.139197010         3.311149491        -3.354214058                
     8.058702933       -0.6084491602        -7.182358786                
     21386.94378         3130.490862        -6073.476035                
O              144                                                      
     5.267006009         7.111337541        -3.359482783                
     4.281293781         6.379562543        -8.904805710                
     13275.09320         8327.615233        -14670.84114                
O              145                                                      
     3.780097812         1.063030497        -2.756557507                
     1.721301629        -2.809849981        -1.977630652                
     7990.995122         12065.36425         1456.727665                
O              146                                                      
    -6.248217417         9.170243422        -4.313181398                
    -11.13382848        -6.382553170        0.4763381971                
    -6781.725168         6486.352467         15703.87357                
O              147                                                      
    -6.166226406         1.118936961        -4.214111884                
   -0.7616966816        -5.521324766         9.218495404                
    -8166.742338         15739.96963        -4090.593038                
O              148                                                      
     4.092010712         9.324408016        -2.457270200                
    0.7811656801       -0.2871453827        -2.119449637                
     7151.664504         2918.884595        -9756.472613                
O              149                                                      
     8.803164663        0.8788781684        -2.657225576                
     11.90973911         3.105470439        -6.995777587                
    -2575.977819        -2357.651402        -7423.931328                
O              150                                                      
    -1.384547113         9.205261530        -4.389528524                
     8.113698286         8.993252575       -0.9439892113                
     3267.995139        -3488.711654         3467.565254                
O              151                                                      
    -1.458327772         1.113723096        -4.103059869                
    -1.335534642        -8.688073584         10.66216195                
    -3473.569348        -3369.246379        -4646.107366                
O              152                                                      
     8.677628913         8.941397238        -2.693698925                
    -8.065470097         7.811167382         15.08480759                
     5135.065572         35917.26459         3460.551829                
O              153                                                      
     1.760460976        -2.516380935        -5.353220439                
     9.786275388        -4.247262214        -5.041227198                
     6002.262960        -10429.05179        -20885.01657                
O              154                                                      
    -8.332911841        -7.505238696        -1.401796190                
    -1.982950583        -4.195084468         10.00383951                
     5466.802265         8901.828667         19993.85174                
O              155                                                      
    -8.337693648        -2.600996656        -1.591913109                
    -2.675140753        -4.610950008         3.856426018                
     1520.594717         32.96855888         26563.47815                
O              156                                                      
     2.028123638        -7.577766880        -5.417368985                
    -4.711991057       -0.8369870394        -4.155151031                
    -13824.53629        -6671.669049        -25264.90146                
O              157                                                      
     1.943292868        0.6240152045E-01    -5.598641260                
    -5.558756141        0.6149281163         2.346943650                
     6807.927701         4184.956072        -4434.066908                
O              158                                                      
    -8.091479032        -10.04237790        -1.081756375                
    -2.748368278        -5.949599423        -4.529972420                
    -6648.080079         4191.735176        -14983.66675                
O              159                                                      
    -7.973192962       -0.7808271981E-01    -1.221879299                
    -9.645689874        -5.082272091        0.6974942078                
    -15209.83966        -3023.798996         1727.146864                
O              160                                                      
     2.041169925         10.02432919        -5.650020995                
    0.3899155866         1.135910031        -5.809312597                
     5270.998372        -257.0176024         6460.669295                
O              161                                                      
     1.889520077         2.627890774        -5.701189670                
   -0.7096260033        -7.318646070        -3.232973437                
     7380.382288         6760.603703        -295.4960394                
O              162                                                      
    -8.127234780         7.607993439        -1.040363112                
    -8.270972738        -1.119831413         2.698055018                
     6818.351264        -15284.98549        -25501.12531                
O              163                                                      
    -8.025554521         2.539636638        -1.064510452                
    -7.972970265        -1.627942717         2.240057792                
     2646.920717        -29089.83268         29212.79642                
O              164                                                      
     2.062823642         7.498619439        -5.621852046                
    -8.883186656        -1.355942598       -0.1314140614                
     19876.60126         15943.05403        -2540.441518                
O              165                                                      
     6.127807413        -2.337953231        -5.580778603                
    0.6780115042         9.724363988         6.924005473                
     12209.36688         16634.94492         23221.66373                
O              166                                                      
    -3.996440645        -7.417041917        -1.598734968                
     3.476088593        -9.414520207         6.094809647                
     11002.92678        -12949.54147         17841.43549                
O              167                                                      
    -4.101033228        -2.441029506        -1.447556144                
     1.546683252        -10.02459306         1.607577986                
     11197.44394         21898.75416        -15895.74750                
O              168                                                      
     6.311863907        -7.531851713        -5.488383732                
    -2.689342679        -1.059298845         1.621556712                
     1739.664972         3961.159936        -4166.634883                
O              169                                                      
     6.111043707        0.1232903522E-01    -5.504760353                
    -4.508825261         8.017806428        -7.116890295                
     2708.751891         13731.74203         2817.960890                
O              170                                                      
    -3.782707742        -9.921661862        -1.323558900                
   -0.7063865216       -0.2744280866        -5.362141949                
     942.7287442        -4840.190216         14964.14662                
O              171                                                      
    -3.858178712        0.4852052665E-01    -1.409686992                
    -3.043805792         2.328021101        -1.852677528                
    -365.5737946         13930.14205         9323.893681                
O              172                                                      
     6.386591209         9.969105207        -5.692699108                
    -2.812695129        -1.992474402        -14.73283927                
    -15984.50919        -2501.649337        -3023.535695                
O              173                                                      
     6.195082533         2.484586495        -5.438792831                
     5.126296887        -5.581506565         5.621044238                
    -5557.646187        -8783.900338        -23676.06323                
O              174                                                      
    -3.805066049         7.835477561        -1.386999136                
    -1.358972405        -2.876301945         2.042264550                
     65.62461900        -28195.14566         5076.883810                
O              175                                                      
    -3.944190704         2.502988141        -1.340997428                
    0.3069476341       -0.3040139909         4.331546850                
     11843.02963         16751.91992        -3855.702837                
O              176                                                      
     6.350984872         7.467744888        -5.779746261                
     2.225459075         4.479463229         4.676213057                
    -1823.668208        -1409.107825         9273.591760                
O              177                                                      
    -10.00700734        -1.087790116        -2.696937724                
    -9.318717047         3.041367921         5.555633757                
     6279.247038         3548.655895         14161.53943                
O              178                                                      
    0.1130214614        -8.979871199        -4.358168925                
     5.433488191         1.932673667         3.033546368                
     33187.16716         4688.365882         4467.922439                
O              179                                                      
    0.1277292435       -0.7646784315        -4.240475253                
     1.447807505        -2.627257577        -4.411476174                
    -10052.53056        -20664.83870        -3430.675639                
O              180                                                      
    -10.02352891        -9.074078870        -2.613829452                
     2.338360564        -6.378682644        -8.349785918                
    -16300.17898        -11169.44735        -5625.002617                
O              181                                                      
    -10.11992263         3.088106485        -2.417898811                
     5.620013816        -4.593709368         5.349780316                
    -3606.830653        -4135.782551        -2121.103598                
O              182                                                      
    0.2288443932         7.166336566        -4.119583902                
     2.967519363        -3.247733832         1.378233341                
    -28971.67177        -1856.949826         5704.801517                
O              183                                                      
    0.2281488806E-01     3.278391427        -4.376025795                
     1.356582963        -15.53585719       -0.7718520935                
    -16506.76355         2495.664841         19015.87408                
O              184                                                      
    -10.05227167         7.106502450        -2.652217812                
    -6.158650237        -6.602078209         3.147802207                
     20928.62217        -23058.59320         15555.72799                
O              185                                                      
     1.760221773         5.141378102        -4.583129092                
     4.242448600        -3.784854636        -7.003206272                
     805.3167727         48909.66463         12066.46997                
O              186                                                      
    -8.525467054         5.045054982        -1.947331446                
     3.611211054        -6.884123141         2.183742081                
    -4674.692376         50493.25094        -8149.649630                
O              187                                                      
     6.232685919         5.007672841        -4.547824557                
    -3.162207425        -5.729563519        -4.578756901                
     16647.08645         27849.86769        -11511.30770                
O              188                                                      
    -3.809750957         5.175087061        -2.204926863                
   -0.3366089882         3.396014057       -0.2113090765                
     8863.810535         3874.208142         4924.059397                
O              189                                                      
     5.890201882        -4.796126065        -6.321847967                
    -8.209002750        -2.076966130        -2.013401512                
     7407.534924        -11809.66736         7137.346374                
O              190                                                      
    -4.382289114        -4.983513364       -0.5430168720                
    -10.72554509        -2.473714334        -9.167683167                
     13058.08083        -4527.384466         396.8737160                
O              191                                                      
     2.066184438        -5.030942203        -6.360109250                
    -2.999906112        -3.629184212        -5.294337928                
     10847.69578        -8916.597954        -9868.667131                
O              192                                                      
    -8.100833599        -5.050043737       -0.4438477540                
   -0.4912092017        -7.388415216         1.639421040                
    -8315.184952        -2120.531145         5040.469071                
O              193                                                      
     7.721112625        0.9036259011         3.577357101                
   -0.9534875776       -0.3392000319        -5.781902034                
     25151.53234         22090.23957        -5165.212362                
O              194                                                      
    -2.509417134         8.943576189         3.419802167                
   -0.9239154993       -0.4321151937E-01    -2.702524000                
     3765.700035         10995.52599         681.1541461                
O              195                                                      
    -2.461694646         1.043991917         3.269199114                
     2.407659121       -0.8234657215        -3.061409855                
     4097.500828         7254.400394         2046.721474                
O              196                                                      
     7.534835441         9.131990508         3.225708092                
     4.872585026        -1.583376199        -5.529836422                
     26315.32858         1596.344351         669.6871116                
O              197                                                      
     6.050611237         1.115103140         5.741359234                
     6.297867464         13.05280271        -8.571453860                
     12721.80651        -3246.384562         106.6538745                
O              198                                                      
    -3.945114476         9.058442269         1.066829776                
     4.576961068        -2.391754808        -3.681766528                
     14520.37218         5509.231049         4393.061083                
O              199                                                      
    -3.840179636         1.037720489         1.025886620                
     2.152910709         3.029653774        -9.657174532                
    -14037.26729         13646.59910        -15381.47209                
O              200                                                      
     6.129271971         8.944580935         5.510988150                
     3.855889073        -4.499080754         7.783369191                
     5525.643587        -6869.502085        -11564.57646                
O              201                                                      
     6.064327071        -1.141936478        0.5309810574                
    -11.78735120        -1.961206511         11.98934272                
    -22530.74723        -10411.02167        -15810.39605                
O              202                                                      
    -4.074103329        -8.783357819         6.538059033                
    -7.817731595         2.540950694       -0.6992242304                
     21656.67007         3322.445197        -7173.086080                
O              203                                                      
    -3.962304426        -1.202489556         6.323088298                
     2.964080995         5.139332060        0.7888123258                
     4858.422225        -8918.419289        -6389.485516                
O              204                                                      
     6.243984990        -8.840442539        0.3056353281                
     12.84394868        -6.245680642         7.836911637                
     6552.026029        -13072.19893        -2142.070303                
O              205                                                      
     2.005298969         1.038431190         5.636439726                
    0.1601953207         1.654110253        -7.770083803                
     1725.251976         16581.59520         37314.49544                
O              206                                                      
    -7.990306468         8.970701413         1.203186146                
    0.6718677038         6.768733445         2.972135065                
     736.9874301        -11273.83375        -22678.20288                
O              207                                                      
    -7.909435405         1.049799890         1.160494718                
    0.5486102381        -4.538301923        -9.016596815                
    -24915.82160        -5794.680469         11400.93139                
O              208                                                      
     2.121958674         9.036209718         5.702657457                
   -0.5001039669E-01    0.4919326336         2.485297034                
     10250.22812        -14352.31930        -5658.085974                
O              209                                                      
     2.638534356         1.024608156         3.303316512                
    -5.796736961        -5.244145340        -3.189076282                
     8206.115943         18614.26174        -15000.97685                
O              210                                                      
    -7.546063698         9.015200402         3.625670486                
    -1.172043463         14.03949590         1.560947514                
     6510.985643        -5360.193202         24675.24940                
O              211                                                      
    -7.442562973        0.9837408081         3.542922126                
    -4.005239821        -2.832118772        -2.688945214                
     848.1478168         12856.92149         15073.94259                
O              212                                                      
     2.578126489         9.109316903         3.170630195                
    -1.021453542        -14.70247116        -4.049864716                
     12489.95136        -18119.45660        -18735.54777                
O              213                                                      
     5.182017926         1.100050829         3.333438786                
     4.352743663        -4.217480658         3.747049570                
     1473.886851         5637.417582         11354.50990                
O              214                                                      
    -5.063577013         9.264434680         3.377680199                
     3.819048430        -3.137237294        0.3203331436                
    -22726.61444        -15608.83375         33172.45725                
O              215                                                      
    -4.915533621         1.083585890         3.543450597                
     4.211890231         10.12947934         1.707804626                
     156.1221015        -2468.820257        -17947.77251                
O              216                                                      
     5.091730751         9.253780532         3.178604390                
    -6.394028360         5.972531170         3.052804187                
     9947.838605         4600.284301         17800.16577                
O              217                                                      
     7.383188710        -3.224457041         3.190255969                
     3.307994677         3.924880352        -4.176368665                
     13625.90717        -3685.808536         618.4533864                
O              218                                                      
    -2.571305167        -6.946213966         3.318491096                
    -9.938389041        -7.350878908         7.137542438                
    -18305.22740        -161.2618084        -5340.371818                
O              219                                                      
    -2.581890413        -3.121565761         3.316881183                
     1.456269387         4.949106015        0.5436424656                
    -2379.318328        -8224.198589         14687.57563                
O              220                                                      
     7.629097135        -7.095485563         3.488221480                
    -2.613819905         1.262561541        0.5903604618E-01            
     172.3097658         13514.14845        -12964.45145                
O              221                                                      
     6.097232312        -3.048193006         5.484336229                
     2.340780060         4.649818586        0.6475552536                
    -15439.77625         7470.849748         1126.930244                
O              222                                                      
    -4.103112078        -7.003334673         1.133230814                
     12.74133284        -1.428205315        -3.880023948                
     3628.404231         2788.999960        -28289.12104                
O              223                                                      
    -4.215580109        -3.122311995         1.094827780                
    -7.230302794         4.998633088         8.638118596                
    -2623.532655         949.1734080        -81.64761521                
O              224                                                      
     6.117791909        -6.727828955         5.702422144                
    -4.694525312        -17.13296849         6.153798753                
    -194.1917304         4330.964372         12973.32469                
O              225                                                      
     5.909296087         3.509532041        0.2466896408                
    -6.242739298        -1.424334175         3.381250618                
     11658.26085        -18986.50391         6385.482717                
O              226                                                      
    -3.935278574         6.614328559         6.471270024                
    -3.464561412       -0.5465348251         8.889367496                
    -45631.84570        -7695.309583        -3245.269168                
O              227                                                      
    -4.224180412         3.280933962         6.491251035                
     2.964835965         2.190875387        -6.261927154                
     24162.30752         13684.19312        -9497.012904                
O              228                                                      
     6.156139329         6.622430894        0.4710701036                
    -7.958979205         3.617381964        -8.105836590                
     15400.86624        -5678.733539         3250.021750                
O              229                                                      
     1.857477430        -2.884869920         5.739801245                
     10.98225071         2.400721300        -6.616055612                
    -3841.175663        -5214.423766        -13088.21209                
O              230                                                      
    -8.182304182        -7.178222337         1.109948567                
     4.771124919        -9.983347357         10.22275748                
    -7839.285825        -102.3653263         3960.615266                
O              231                                                      
    -8.255139189        -3.075769161         1.078704946                
     7.923912070       -0.6449893156E-01    -3.018366028                
    -12151.16088         16726.09723         12201.32391                
O              232                                                      
     2.218346330        -6.923202238         5.545692709                
    -3.442874186         4.862600937        -2.873280228                
    -15549.94223        -8635.075200         2128.720443                
O              233                                                      
     2.380543165        -3.099948607         3.218157129                
     9.365562671         8.144728232        0.7297195675                
     9253.475224        -6075.464931        -15979.64807                
O              234                                                      
    -7.672834148        -7.143651175         3.622452961                
    -8.213790524       -0.3006143997        -1.836347752                
    -8060.569816         4089.818965        -7173.058924                
O              235                                                      
    -7.804220158        -3.178558515         3.628015135                
    -4.138007961         9.149836051         6.238213593                
     776.7847360         22015.40839        -11091.54387                
O              236                                                      
     2.614268176        -7.118362178         3.057675414                
     9.752011190        -7.159540586        -3.789171947                
     1861.551532         1520.116951         4146.792314                
O              237                                                      
     4.952305166        -3.115499353         3.126058921                
    -2.453413107         2.780135199        -5.546164470                
    -39536.69555        -9013.203366        -10195.77224                
O              238                                                      
    -5.192783978        -6.982788203         3.429410264                
     10.69002897        -2.643185655         2.308358583                
    -878.3387648         7638.279321         2485.366267                
O              239                                                      
    -5.150203802        -2.950280454         3.435739490                
    -8.194275074        -1.711730720        -5.676224141                
    -11966.64085         1588.715487         13006.07505                
O              240                                                      
     5.153098496        -6.980791452         3.337450354                
     3.897112652         4.488921773        -4.287288527                
    -12498.04866         3091.578584        -8626.660978                
O              241                                                      
     6.361063450       -0.9772013567         4.065476475                
    -6.338522965        0.3423049722E-01    0.8760546956                
    -19953.98989        -30159.24749         13995.35586                
O              242                                                      
    -3.824958702        -9.070737826         2.682924077                
   -0.9594185481        -2.538963389         1.378045307                
     9665.166686         35138.12528        -7842.544395                
O              243                                                      
    -3.730326317       -0.9971820539         2.409232738                
    -15.67716212         3.921156137        -3.769956641                
    -13507.92643        -21226.81383         18765.35532                
O              244                                                      
     6.318073723        -9.009795720         4.574410313                
   -0.5581202342        -1.905959405         9.187494565                
    -2150.542264        -7306.170203        -27279.09092                
O              245                                                      
     1.546493664       -0.9416167849         4.164985286                
   -0.1952022353         1.102520993         7.035328120                
    -10730.86245        -17533.62043         1631.597333                
O              246                                                      
    -8.798045250        -9.269596188         2.614750213                
     5.929977920         7.052112226         9.025430160                
    -2738.757247         782.7541864        -4299.920163                
O              247                                                      
    -8.653211025       -0.9829635580         2.622005130                
    -9.337846561         3.681616655        -6.470390266                
    -1963.955048         5017.201349        -7097.552616                
O              248                                                      
     1.574137404        -9.100631849         4.250901740                
    -10.86896317       -0.6612993442        -3.057272022                
     4847.765415        -7424.502258         2395.518576                
O              249                                                      
     8.095173252         2.335621384         1.502086349                
     1.428467909         5.818828468        -2.906188281                
    -8368.355865         23361.32466        -11232.92260                
O              250                                                      
    -1.774632446         7.443556606         5.377932797                
    -4.810057953        0.1116210918        -4.755527120                
    -4394.900096         7110.411570        -3334.336721                
O              251                                                      
    -1.914753487         2.498362533         5.282472173                
     4.994348472         12.29604242         11.19643821                
    -14422.42981         9596.490493         5472.694073                
O              252                                                      
     8.269238875         7.373796826         1.558730452                
    -6.234347924         1.797776072        -5.328021042                
     18157.29902         2138.321521        -1585.260513                
O              253                                                      
     8.177632771       -0.3560779358E-01     1.305160670                
    -14.73902068        0.8894581678        0.4979909786                
     13049.88887        -14202.91407        -5918.989518                
O              254                                                      
    -2.117030018         10.06350965         5.488529560                
    -7.132980411        0.7704739868         6.236902836                
     5349.234981         8992.990508         8663.161987                
O              255                                                      
    -1.753031812        0.1414408112E-01     5.342780634                
    -3.477807622        -4.384452178        0.5236861900                
    -19394.39529        -21742.15577         24819.19210                
O              256                                                      
     8.373904160         9.860560596         1.092769075                
     1.098956526        -4.453965091         3.671789095                
     13450.03961        -3488.537191         3385.997886                
O              257                                                      
     8.190726106        -2.582197604        0.9698159018                
     2.338671652       -0.9093301344E-01     5.063716212                
     4610.246115        -9343.668729         11566.42890                
O              258                                                      
    -1.949483583        -7.607724436         5.504068096                
    -2.206664083        -8.728635156         3.578247127                
    -2858.363770        -3016.529957         11166.17673                
O              259                                                      
    -1.701847141        -2.512394704         5.623606422                
    -3.295562546        -1.148864611         4.389574229                
    -36760.86518         9334.935795         9963.381958                
O              260                                                      
     8.341613446        -7.809588625         1.176472215                
     2.039134321        -2.226344440        0.7667130549                
     804.1684205         9183.387216        -9395.891055                
O              261                                                      
     4.000432993         2.521944039         1.456587658                
    0.1779137675        -5.303275723        -2.592366458                
    -14760.02003        -4280.436619         19744.03552                
O              262                                                      
    -5.926250879         7.714116310         5.249070150                
    0.1872122746         2.154058012        -1.109796215                
    -6508.237588        -11426.56829         13358.65110                
O              263                                                      
    -6.248690284         2.508510759         5.424033772                
    -9.576477329         5.542017084        -3.365200792                
    -2727.884012        -11862.10995        -36015.38440                
O              264                                                      
     4.121205374         7.514768220         1.616735155                
     5.754820757        -2.396374514         7.959275305                
    -15049.73416         35246.51854         8147.817798                
O              265                                                      
     4.023116971        0.1160096469         1.325833148                
     14.34981210        -2.330133867        0.3768930169                
    -2901.308058        -3862.473350         5244.751429                
O              266                                                      
    -6.088730875        -9.956124034         5.623698372                
    -5.203604474         5.814724353        -7.286991453                
    -1869.451085        -9702.174310        -15466.72230                
O              267                                                      
    -5.973185122        0.1347258262E-01     5.462244024                
    0.8194675334        -4.632848381        0.6168516361                
    -6928.755246         5069.445748        -11217.65702                
O              268                                                      
     4.062100484        -9.928286555         1.273872022                
     2.544424537        -2.573247332         1.247480861                
     4592.009673        -7018.781724        -18605.54787                
O              269                                                      
     3.834310437        -2.463406193         1.120894038                
    -1.464759603         3.298581128       -0.6515489451                
     2027.871806         12675.98274        -23249.91403                
O              270                                                      
    -6.063745833        -7.386702227         5.649097040                
    -1.111523905        -8.886713744        -3.977311347                
     1434.041984        -22786.68773         20200.01060                
O              271                                                      
    -6.168315263        -2.479522419         5.600326520                
    -3.084294459        -2.209282642         1.978484451                
     8983.381405         14015.22458         2274.540504                
O              272                                                      
     4.142037667        -7.427111260        0.9962202193                
     2.749450293         2.012459010        -3.700619301                
     11081.32624        -8204.365466         8270.510391                
O              273                                                      
    0.4660179069E-01     1.143494570         4.087300924                
    0.7259929749        -5.697631460         9.390321226                
     25352.40019        -1490.249824         5722.956871                
O              274                                                      
    -10.06048051         8.720841628         2.652826179                
    -6.368820863         5.300506859       -0.7312894287                
    -32795.03406         3559.450566        -11064.63520                
O              275                                                      
    -10.15602110         1.102879143         2.598542938                
     1.206486091        -6.504596467        -1.499177796                
     55648.03816        -10291.84641        -2820.088042                
O              276                                                      
    0.7746079150E-01     9.049597465         4.380282828                
     2.761507685        -5.280802899         2.954892866                
    -29690.88586        -6474.271473        -5784.391551                
O              277                                                      
   -0.2758412547E-01    -3.019965468         4.107169989                
     6.871245409         7.291215861         3.036839584                
    -1606.144972        -7732.462484        -12166.18752                
O              278                                                      
     10.12433096        -7.072328838         2.621413126                
     2.720615032        0.8339127288E-01    -3.016679433                
     12202.18132        -987.4274425        -4325.904052                
O              279                                                      
     10.01181927        -3.083396514         2.591391445                
    -5.690275264         2.725307486        -2.565672050                
     30684.93278         10991.63498         2616.405428                
O              280                                                      
    0.5306445018E-01    -7.148861252         3.995178980                
    -9.762956711        -3.782985724         2.168459901                
     5614.162386         13636.75342         18962.17920                
O              281                                                      
     8.628551707        -5.133631850         1.994986139                
    -6.925363922        -1.511630194         6.176578855                
    -6431.631151        -5076.480991         893.1419892                
O              282                                                      
    -1.409369436        -5.074142039         4.596316681                
     4.283369505         1.652453148         5.474298127                
    -6452.214852        -14538.66688         1229.986222                
O              283                                                      
     3.568051422        -5.069490158         2.198116002                
    -5.864648758        -2.798047594         11.61226687                
     15403.32135         135.9701278        -13593.59484                
O              284                                                      
    -6.344043479        -4.963209281         4.486934532                
    -5.030644140         1.025817461        0.1055944325                
    -3602.261608        -1335.262455         3789.932815                
O              285                                                      
     4.132889019         5.097205889        0.5402229343                
    -4.155741615        -4.308001499         6.403880496                
    -7921.661865        -11820.35432         4116.868053                
O              286                                                      
    -5.994789763         5.161484119         6.332346077                
    -7.878945927       -0.9422455370        -8.452608849                
     13742.65142        -8628.885589        -11911.82459                
O              287                                                      
     7.863545405         4.804769370        0.5866110860                
    -4.946337126         5.201785059         4.121854294                
     9006.750212         26691.90913        -6073.104622                
O              288                                                      
    -2.164811941         4.876819621         6.374259006                
     1.763222753         2.519024798         7.186161050                
    -19353.63855         4353.256449        -6553.542479                
C              289                                                      
   -0.3380502720E-01    0.8517897902         1.090869570                
     4.750730879        -2.571936148         2.367695656                
     258.6588131        -78.98970878        -1213.405546                
C              290                                                      
    0.3287882661         1.393141542       -0.1482341955                
     2.364757419        -1.367723806         2.195607151                
     24.21698303         101.3845063        -92.47945045                
C              291                                                      
    0.5752278619        0.5475343115        -1.236451056                
   -0.3585948751       -0.2759261055        0.7304820215                
    -41.47641717         174.8284711         336.8313826                
C              292                                                      
    0.4590741646       -0.8394246709        -1.085564151                
   -0.6959737111       -0.3883407454       -0.5625546041                
    -146.5388464         39.74286435         520.3146209                
C              293                                                      
    0.9648087071E-01    -1.380776422        0.1535396165                
     1.689999754        -1.592553089       -0.3904660979                
     20.89371972         3.102724083        -38.92222978                
C              294                                                      
   -0.1499587250       -0.5351691923         1.241756476                
     4.413352046        -2.684350790         1.074659031                
     135.8422728        -157.0468230        -446.6465418                
H              295                                                      
   -0.2239155728         1.504115368         1.930351150                
     6.851602651        -3.414180090         3.497935042                
    -449.9978034         951.3911430        -5939.030286                
H              296                                                      
    0.4183964959         2.463097234       -0.2646441302                
     2.625004194        -1.280993081         3.193101794                
    -20.84602657        -86.49765909         53.42942203                
H              297                                                      
    0.8549466375        0.9651644257        -2.192342571                
    -2.199219874        0.6530485626        0.5977372777                
    -81.50543188         14.16784700         108.5736796                
H              298                                                      
    0.6491847099        -1.491750249        -1.925045730                
    -2.796845481        0.4539031954        -1.692793990                
    -12.79075313        -355.4870329         1441.484551                
H              299                                                      
    0.6872641238E-02    -2.450732114        0.2699495501                
     1.429752976        -1.679283814        -1.387960741                
    -70.77060267         18.28845211         19.80614340                
H              300                                                      
   -0.4296775002       -0.9527993069         2.197647990                
     6.253977042        -3.613325456         1.207403774                
    -386.0790344         3.958295778        -394.2937049                
