Diffusion in Zeolites. ZSM5 (Silicate) Crystal Structure, Si(96)O(192) +
         2         2       300    133340   1.0000000E-03   1.3334000E+02
       20.3183600000        0.0000000000        0.0000000000            
        0.0000000000       20.1714600000        0.0000000000            
        0.0000000000        0.0000000000       13.5858629500            
Si               1                                                      
     1.549483554        -1.274724006        -4.642692332                
    -1.421317207         2.497325903        0.8713653870                
     14571.95820        -1068.485648         4234.076338                
Si               2                                                      
    -8.480622033        -8.905927164        -2.174078124                
     1.084850071        -1.156964219        -2.345748332                
     21332.83966         12633.29132         8780.040923                
Si               3                                                      
    -8.589684202        -1.414045000        -2.217961545                
     1.201973891        0.4535359225       -0.8531588349                
    -4147.784143         10056.75015        -10415.04219                
Si               4                                                      
     1.689466865        -8.752577236        -4.603928265                
    0.5963038044E-01     2.003345086        -5.153988609                
    -23936.21161        -1303.472917         16731.63260                
Si               5                                                      
     3.832589761       -0.6033611009        -2.625492973                
    -2.377654129         1.744497064        -2.326671617                
     116.0819967        -7360.751959        -19613.64339                
Si               6                                                      
    -6.106559805        -9.645990488        -4.082532123                
     7.317859454         2.791712676        -3.775539146                
     9474.854962         14597.11344         10319.09704                
Si               7                                                      
    -6.300904746       -0.7027462619        -4.215881410                
     2.456922748         4.198236179        -1.283071519                
     18230.57057        -16021.92089        -6995.697859                
Si               8                                                      
     4.012200546        -9.445599102        -2.664986746                
    0.6279958396        -4.038243551        -1.738972516                
    -9874.869080        -11923.80548         14320.93908                
Si               9                                                      
     5.636922683         1.311360940        -6.475623816                
    -3.606564485         1.494967304        -3.721419834                
    -10786.90115        -13692.70499         6441.184246                
Si              10                                                      
    -4.434670455         8.762338024       -0.2974291592                
    0.6186537093        -1.824820234        -1.095610283                
    -10398.29717        -20222.75492        -26572.38015                
Si              11                                                      
    -4.612834020         1.124407142       -0.4953924726                
    -1.327208160        0.4435936920E-01   -0.1757219216                
    -18311.25837         3380.538648        -9533.485159                
Si              12                                                      
     5.753448412         8.861278076        -6.417097602                
    -2.688220005         1.033816055        -2.882037050                
    -7051.450751        -14772.35318         12878.38142                
Si              13                                                      
     2.502282840         1.179408260        -6.455773313                
    -1.602241904         3.661383029         2.832383926                
    -10746.21419         28176.34877        -26051.52471                
Si              14                                                      
    -7.637577471         8.884534899       -0.2429967999                
    -3.938042761         1.762135360        0.9745008076                
     6860.668184        -14183.16379         3922.585703                
Si              15                                                      
    -7.839028626         1.119830947       -0.4200193044                
    -1.975134019        -4.096298617       -0.8049554224                
     11888.32788         2375.888400        -7943.101908                
Si              16                                                      
     2.594727500         8.988278053        -6.398054750                
    -4.396269473        -3.149530683        -2.087929134                
    -31438.69486        -22941.93135         19455.88616                
Si              17                                                      
     8.725357766       -0.7452311475        -2.693541593                
    -2.597826587        -3.914996126        -6.417464089                
     18818.56064         29377.29225        -21244.46192                
Si              18                                                      
    -1.347291330        -9.458979871        -4.204632633                
    -2.507451024         6.415469626        0.5682931986                
     8583.371147         9762.627409         5053.486139                
Si              19                                                      
    -1.484245519       -0.6333923658        -4.344756956                
    -2.511432610         4.961332928        -8.207877189                
    -10354.56740         3665.732672         3341.177307                
Si              20                                                      
     8.858264061        -9.373298263        -2.537688760                
    -2.849199623         2.512326759        -2.699632114                
     5704.067202        -14544.40186        -29110.82130                
Si              21                                                      
     6.283237397        -1.176333445        -4.563754504                
    -1.389975155         4.087478122         4.511159650                
    -11221.26942         2227.725784        -6946.786090                
Si              22                                                      
    -3.630836918        -9.038302508        -2.154239000                
     1.084364510        -2.265291178        -2.621265596                
    -6925.883505         25234.54120         394.8972263                
Si              23                                                      
    -3.850274372        -1.326897438        -2.362996980                
     1.606095179        -4.731164581        0.9202644582                
     1372.235019         1141.858782        -2496.489138                
Si              24                                                      
     6.475647010        -8.890351232        -4.472987110                
     2.938306386        -3.556523385         2.540185898                
    -11401.41772        -5678.219273        -8549.299430                
Si              25                                                      
     1.540469611         3.492310743        -4.571566532                
    0.5489104056       -0.8584539077        0.9419936685                
     24362.56895         7322.969977        -12103.94426                
Si              26                                                      
    -8.497013118         6.580690915        -2.276748768                
     2.398347850        -7.955521139        0.6149321671                
    -9007.526680        -1715.251470         19221.96593                
Si              27                                                      
    -8.689994816         3.459584168        -2.330631120                
    -2.716167779        -4.972018991         3.707594761                
     4615.683037        -20471.43309        -14022.53354                
Si              28                                                      
     1.642827901         6.607846979        -4.518813616                
    -1.507332881        -1.342363220         1.349765474                
     10588.60111         13498.72825        -7314.305276                
Si              29                                                      
     3.862310727         2.546493697        -2.717131331                
    -3.789262242         9.370163979         4.991416854                
     14846.98436         15643.04663         16081.93061                
Si              30                                                      
    -6.177147850         7.342503849        -4.238800563                
     1.578708541        -3.977222909        -2.915070281                
    -1274.470464        -11150.81083        -28220.93352                
Si              31                                                      
    -6.290997383         2.465482295        -4.221976853                
   -0.6896296827        -3.906312322       -0.3462579187                
     143.7007428         657.6236435         4739.068695                
Si              32                                                      
     3.987926636         7.528201817        -2.696360269                
    -1.724186253         3.707817721       -0.4254507945                
     21784.74171         8950.329584        -5436.356868                
Si              33                                                      
     5.607359020        -3.532162927        -6.553908206                
     1.048542225       -0.1729428273        -2.781768934                
    -1741.428882        -7950.798592         4938.018020                
Si              34                                                      
    -4.459971767        -6.727027838       -0.2167672411                
    -5.981231755        -2.640820724       -0.6831669028                
     16200.75294        -18835.51425         2250.724731                
Si              35                                                      
    -4.506395700        -3.675100610       -0.3704755813                
    -1.387001600        -4.130540460         1.978131627                
    -5510.890805         21567.51641         6683.319706                
Si              36                                                      
     5.753580899        -6.665109406        -6.501586848                
     2.849474252        0.2437059652       -0.4677513886                
     4577.721080         35345.45779        -9755.885785                
Si              37                                                      
     2.462011045        -3.594477712        -6.529789405                
    -2.100479926         2.097719123        0.9996634393                
    -5628.349895         4936.651563        -9228.028568                
Si              38                                                      
    -7.567317465        -6.731155551       -0.7882985707E-01            
     1.994022609         5.192163052        -3.618571166                
    -4051.400920        -35302.08818        -19724.86500                
Si              39                                                      
    -7.702535005        -3.673199440       -0.2959984290                
     3.150110761        0.3312921165       -0.2351974543                
    -2847.108982         19783.83533         8792.678378                
Si              40                                                      
     2.599238501        -6.631512330        -6.670591417                
     1.989609013        -6.135284885         2.835596511                
     8846.348810        -10627.87591        -16201.93143                
Si              41                                                      
     8.726906854         2.447565525        -2.684923766                
     3.172558854        0.8714672408        -1.988918532                
    -14168.36441        -22578.32911        -13719.33625                
Si              42                                                      
    -1.275890364         7.521749660        -4.126044338                
     5.901256160       -0.3494364271         1.014549242                
    -23736.55951         15265.45151         6501.410228                
Si              43                                                      
    -1.396655858         2.533392517        -4.334927115                
    0.9186987616        -4.395056534         6.821954678                
    -1840.667882         1902.406466        -4097.040625                
Si              44                                                      
     8.877140921         7.563035705        -2.668146851                
    -3.521187813        -3.043736300         3.135213593                
    -8492.209673         27509.56414         61.59023028                
Si              45                                                      
     6.354276719         3.516118138        -4.478322592                
    -4.970220651        -1.510883966        -3.110023506                
    -13387.25132        -31368.06776         1142.205582                
Si              46                                                      
    -3.770660022         6.503551530        -2.447683755                
    -2.474058051       -0.3537711044        -3.448586133                
     17450.28519         5910.143620         2028.402029                
Si              47                                                      
    -3.788622452         3.403130987        -2.407141014                
    -1.791845585       -0.7333951532         4.039845276                
    -533.6216553        -23969.72553        -18730.89880                
Si              48                                                      
     6.512899263         6.595236645        -4.458993419                
    -8.570179095        -2.592607603         2.761052817                
    -6022.010544         11489.51526        -5346.734003                
Si              49                                                      
     8.580586322         1.208545970         2.190399981                
     2.158331142         2.802378286       -0.3920406200                
    -9878.488601        -7856.695269        -18892.88842                
Si              50                                                      
    -1.453091443         8.822601321         4.647540343                
     5.232268203         4.081819286         1.696220689                
    -18439.38461        -14449.02518        -8752.176128                
Si              51                                                      
    -1.613559780         1.208096305         4.346244625                
     8.006599772        0.9035118671        0.4577637460                
     9106.897952        -12532.98109        -3571.248157                
Si              52                                                      
     8.699424566         8.630507803         2.316392463                
   -0.7941723309         4.641088311       -0.6080664896                
     18280.12899         15341.52220        -12283.70913                
Si              53                                                      
     6.256655057        0.5647181158         4.196962829                
    0.2038764617E-01    0.3788427501        -2.728307817                
     3181.996366         4622.924475        -1153.532896                
Si              54                                                      
    -3.786160832         9.395873908         2.666320745                
    0.3732198512        -2.719300723        -1.903305495                
    -10090.66930        -3433.889999         321.7620307                
Si              55                                                      
    -4.032484014        0.5289437856         2.518413763                
     2.826029143        0.1345951058         2.731638197                
     6772.812073         553.2932558        -5684.785738                
Si              56                                                      
     6.332853066         9.462564930         4.145020204                
    -2.502361178         1.356098511        0.9851694748                
    -2462.354936         1908.049709         13715.41763                
Si              57                                                      
     4.544073446        -1.171080867        0.3044159895                
    -3.179941190         2.306254237        0.3811070750                
     4760.807237         22196.04910         5899.433413                
Si              58                                                      
    -5.555033086        -8.927648101         6.535293918                
    0.9711195438         1.448243883         4.015179802                
     9737.216716         20980.23437         37.79862918                
Si              59                                                      
    -5.726712763        -1.271533704         6.342326172                
     2.150507113         3.316957170         3.313048341                
     11298.61469        -18392.49393         1140.444978                
Si              60                                                      
     4.641484811        -8.933981313        0.3455114516                
    -1.475344288        -1.902867613         3.282290970                
     619.2523202         5862.480070         20817.39540                
Si              61                                                      
     7.737481003        -1.206086064        0.2125610841                
     3.720266390         1.560214377       -0.6558320076                
    -14006.37627         7446.750745         8869.009817                
Si              62                                                      
    -2.365567982        -8.901314118         6.470710083                
   -0.1655765688         7.441356759       -0.4993174920                
    -2970.685897         12394.63020        -8811.290393                
Si              63                                                      
    -2.509527050        -1.173053323         6.312226412                
     2.118591273        0.2823776423         2.706303291                
    -9587.800939        -9183.978284        -13673.30661                
Si              64                                                      
     7.870050003        -9.044812167        0.3858260792                
    -1.577202845        -1.297241038         3.978934208                
    -6865.773051        -3409.030233         11714.88587                
Si              65                                                      
     1.448307452        0.5926394274         4.164476816                
    -1.403446005        -6.037350996         2.358780353                
     457.7487879        -962.3610773         4251.958438                
Si              66                                                      
    -8.644045431         9.380300267         2.711991578                
   -0.5182355751        -1.030146262         1.714466091                
    -13219.28688        -21506.95068         20192.93408                
Si              67                                                      
    -8.726998230        0.6515644140         2.556260207                
   -0.4061277844        0.8662890560        -6.729473847                
    -7452.307163        -21054.09556        -17601.97157                
Si              68                                                      
     1.524901428         9.434417705         4.271875701                
     2.453145034       -0.3051496557        -1.913655839                
     22972.81311        -324.7582456        -9317.123127                
Si              69                                                      
     3.879015245         1.220723233         2.284095017                
    0.4550888772        -5.390894839        -7.925359817                
    -30817.74883         2828.914281        -2741.300373                
Si              70                                                      
    -6.224878372         8.925482757         4.560678172                
    -8.590685931        -2.752152068         2.352577241                
    -12427.95441        -25718.62324         20941.27136                
Si              71                                                      
    -6.421185604         1.178145634         4.492376708                
   -0.9710292583       -0.7666592258        -4.809075302                
     8694.994249        -5749.598718         11358.55699                
Si              72                                                      
     3.842943898         8.823379982         2.313945715                
    -1.625612906        0.3604733099         2.257661053                
     8274.235045        -5654.397035        -10217.18835                
Si              73                                                      
     8.542217912        -3.481726881         2.212670700                
     2.800307085        -4.927961142        -5.704830728                
    -924.8691254        -20409.93965        -7357.308509                
Si              74                                                      
    -1.456705450        -6.615153338         4.486380199                
    0.7593249392        0.5916084972        -1.372611892                
    -2260.989647        -11324.06421         12868.93533                
Si              75                                                      
    -1.542912146        -3.492215386         4.351762779                
     5.734832394        -1.932774713        -1.011248602                
     12462.36987        -14717.60022         36814.19843                
Si              76                                                      
     8.727750144        -6.643301001         2.290347573                
   -0.5249486222        0.6703094557E-01    -3.095639858                
     1889.864352         18931.18379         3238.206921                
Si              77                                                      
     6.202913129        -2.577519633         4.103119585                
    0.8960626554         3.745656013       -0.5384928567                
    -3619.661716        -19398.72821         9437.971501                
Si              78                                                      
    -3.911506542        -7.580445453         2.762663103                
     3.209402343        -2.410454458        0.7727972828                
     22224.19077         7724.857053         4798.313943                
Si              79                                                      
    -3.963435314        -2.666130399         2.609249736                
    0.4783351113         4.386146767        0.2769808516                
    -6895.641169        -3596.713174        -13977.09409                
Si              80                                                      
     6.372812837        -7.510254043         4.146389701                
     2.433630302         1.972737591         1.566330294                
     3596.828441         13094.49304        -8224.526504                
Si              81                                                      
     4.520481757         3.494179437        0.2482438795                
   -0.1590605930        -2.111558400        -6.416309091                
    -6047.015309        -13324.69226         20440.46285                
Si              82                                                      
    -5.484963113         6.469818476         6.346872383                
     3.017594127        0.3470993140        0.2834318655                
    -13473.35094         8637.132301         21112.12317                
Si              83                                                      
    -5.526202858         3.401307479         6.445052109                
     1.013607696        -2.747406154        -1.421284504                
    -5161.718927        -849.4204200         9873.826766                
Si              84                                                      
     4.603819501         6.582980692        0.2522157453                
    0.1927921012         2.380973142        -1.089245234                
    -12934.01482         21235.77042         9643.827981                
Si              85                                                      
     7.695138519         3.428866349        0.1464006922                
    0.8721360764         1.352606947        0.1496188927                
    -1855.384378        -5145.881178         7680.742658                
Si              86                                                      
    -2.308986117         6.531895905         6.610533471                
    -4.538149605        0.6137331894         1.343035089                
    -4134.831640         14032.96671         813.2183278                
Si              87                                                      
    -2.376531845         3.423331001         6.362509003                
    0.1351948273E-01    -2.962289669         2.029105172                
    -4068.249520         19252.21952         7155.583979                
Si              88                                                      
     7.763001532         6.598957190        0.1749223969                
    -1.323166299        -1.317829251        -4.316325028                
     10018.92294        -4952.397766        -20395.52845                
Si              89                                                      
     1.452590430        -2.610761335         4.172710002                
     5.421751980        0.9868385350         1.034687997                
     18587.18495        -3335.049048        -4302.295381                
Si              90                                                      
    -8.674717866        -7.665343180         2.754888752                
    -4.966198665         7.236738829        -1.668431446                
     6986.198332        -932.1471842        -601.2333894                
Si              91                                                      
    -8.815097382        -2.531493501         2.534673535                
    -3.863525145         1.296576903        -4.466636163                
     15660.65101         840.8340288        -25343.53864                
Si              92                                                      
     1.500137158        -7.590724175         4.063578464                
    -7.642984069        -5.699553244         2.590110083                
     23571.27486         14275.80179         5872.255110                
Si              93                                                      
     3.798396695        -3.492835635         2.248266355                
   -0.5481569554       -0.2073019356E-01    0.3291848827                
    -7630.464572        -1779.198439         13911.76070                
Si              94                                                      
    -6.313216778        -6.677694022         4.588164617                
     1.121626039         1.131325310         3.015722984                
    -11855.03335         29889.41886         1749.539825                
Si              95                                                      
    -6.465668661        -3.518554829         4.357007817                
    0.2318080294        -6.955184093         5.649248457                
     5847.902247         9299.742147         977.9894208                
Si              96                                                      
     3.948708813        -6.644157695         2.319845499                
    -1.017208944        -3.572822158        -7.793724035                
    -6832.759637         12787.60538         16210.01488                
O               97                                                      
     2.496607595        -1.083333249        -3.392724584                
   -0.1340844580        -4.619268936         2.515822607                
     10554.72052         5510.824207         4307.194591                
O               98                                                      
    -7.375348945        -9.108143246        -3.284016980                
     3.209386262       -0.5981354272       -0.4406223447                
     1344.968087        -13057.85687        -6150.804327                
O               99                                                      
    -7.531983971        -1.182941267        -3.380520205                
     3.712756288        0.6467346141E-01     4.295539922                
    -5619.958791        -6021.910956        -405.6582518                
O              100                                                      
     2.757046811        -8.994689317        -3.457896205                
    -3.147016953         4.860662226        -5.493491223                
    -12815.83905         10998.75099        -2221.713081                
O              101                                                      
     4.073902765        -1.059040812        -1.181225737                
   -0.3234668968        0.2187914256         7.568004633                
    -5353.060867        -4945.093593         12014.16433                
O              102                                                      
    -5.949234515        -9.142793338        -5.568285963                
     1.724411636        -4.138967105         1.791731079                
    -850.0357674        -2784.992971         10392.88800                
O              103                                                      
    -6.079525323        -1.205167207        -5.734635999                
    -1.718846468        -2.029668449         1.752805790                
    -12759.91665         12692.10349         17704.88313                
O              104                                                      
     4.136684308        -8.988899627        -1.131407125                
    -4.505360573         1.950785651        -3.069518618                
     1634.279179        -11838.54866        -7746.829538                
O              105                                                      
     4.039543030         1.317066722        -6.554421514                
    -3.812126560         2.339867274         2.467588766                
     15656.59933        -10266.06244         6558.831139                
O              106                                                      
    -6.034468274         8.839966510       -0.2755971386                
    -2.572320764         2.823167690         2.295784243                
    -471.0763369         8206.427348         2296.358068                
O              107                                                      
    -6.216447481         1.175029352       -0.5255760238                
    -1.743035108         2.365271982       -0.5211208756                
    -10241.34668        -598.8775643         6609.191656                
O              108                                                      
     4.122709518         8.921138224        -6.379994259                
     8.392505329        -4.174381813       -0.8550100653                
     28790.37656         6780.769343        -1167.108060                
O              109                                                      
     8.219219112        -1.071535034        -1.279678871                
     1.860236721        -4.582531799        -3.438741559                
    -4994.048464        -10964.17895         20338.99434                
O              110                                                      
    -1.880130625        -9.094331661        -5.659701182                
    0.5364396664         4.966150332        -9.604269282                
     4578.766052        -6611.476141         14390.88890                
O              111                                                      
    -2.044952394       -0.9772833411        -5.783074151                
   -0.4949518204         1.737038300         7.116040787                
     2455.572282        -2513.458583        -4363.293621                
O              112                                                      
     8.365771078        -9.077026263        -1.120216174                
     11.53737378         1.330517154       -0.6835682467                
    -4917.212808         4212.464841         25426.72444                
O              113                                                      
     7.651222399        -1.126241920        -3.759832836                
     1.417597109         2.115335925        -3.090961971                
    -7391.087953        -10626.98199        -6964.944984                
O              114                                                      
    -2.379010896        -9.038919185        -3.072712783                
   -0.5702376927         2.064801907        -4.548485646                
     11623.42623        -6016.581953        -6329.520688                
O              115                                                      
    -2.555839278        -1.089628416        -3.246713531                
    -3.680030465         4.284343242        -3.721911850                
     14150.87417         875.9095862         607.2207302                
O              116                                                      
     7.743526007        -8.902282259        -3.576417770                
     1.183081157        -3.670987192        -2.158448948                
     12305.94605        -5287.683035         912.8520230                
O              117                                                      
     5.110695753        -1.062437217        -3.469597845                
     3.332591112         7.459872463        -2.300534858                
    -22.30101286         586.3087911        -8813.288777                
O              118                                                      
    -4.863511551        -9.131913744        -3.148610145                
    -3.155399676         2.539197722         2.967231820                
    -12014.40453        -22791.54583        -11874.37379                
O              119                                                      
    -5.024375461        -1.229403287        -3.399534923                
    -1.610597050         3.136321887         3.236943838                
    -9527.144117         3069.734910        -664.8051922                
O              120                                                      
     5.238727623        -9.024954593        -3.474277599                
     5.986000635        -2.343405384        -1.149011564                
     21837.38555         11978.97024        -11478.55496                
O              121                                                      
     2.648793421         3.090824188        -3.529018216                
   -0.1940694020         2.930173790        0.9158617772                
    -9183.154947        -5720.993336         10807.67599                
O              122                                                      
    -7.448714670         6.840463492        -3.408974592                
    0.4804280530         3.753172319        -1.160442014                
     6751.463183         7412.151919        -987.9771250                
O              123                                                      
    -7.609332663         2.998045931        -3.477503713                
    -1.342394619         8.618352537        -3.060602940                
    -324.6384164         7300.643865         9594.912800                
O              124                                                      
     2.765514336         7.009740321        -3.491694142                
   -0.4602670633        0.9006290063        -5.050685085                
    -8755.159811        -1946.369905         10440.13458                
O              125                                                      
     4.032206058         3.033139422        -1.161455619                
    -6.117234641       -0.3514962059E-01    -4.349253568                
    -5121.709237        -1565.947529        -19970.86545                
O              126                                                      
    -6.078985344         6.929684211        -5.791511937                
    -1.806360583         5.700963814        -6.921356369                
     7974.263260        -6977.002903         7394.798198                
O              127                                                      
    -5.963995183         2.993728886        -5.672511114                
    -3.794713664        -5.770015412        -2.032150580                
    -9153.444683        -2593.551800        -4103.956558                
O              128                                                      
     4.138251583         7.138596908        -1.169230679                
     1.386203836         1.184625806         7.032496273                
     1988.208638        -10246.61215        -1024.185632                
O              129                                                      
     4.023528065        -3.461988080        -6.461922193                
    -2.920007104        -1.682822866        -6.459018254                
     908.0692609        -1366.682952        -7783.811726                
O              130                                                      
    -5.989718027        -6.961063349       -0.1644442618                
     1.084749981         5.552883654        -5.980177329                
    -22408.31240         11569.89983        -4042.572502                
O              131                                                      
    -6.118728199        -3.621863406       -0.4243773437                
     1.525947974        0.3193026719        -3.525929145                
     8300.755428         3957.611305        -3404.664846                
O              132                                                      
     4.175960433        -6.739150831        -6.579392562                
   -0.9754151662        -3.439753917         6.940342940                
     6586.801173        -5552.880051         837.6741425                
O              133                                                      
     8.178906525         2.836173572        -1.236296870                
     2.959781960        -1.585566741         1.079977788                
     444.7861704         10215.21962        -3696.603146                
O              134                                                      
    -1.801655543         7.036259639        -5.538703353                
    -3.202569759       -0.2836021745         4.298778487                
    -2083.129979        -6383.022495        -11595.56338                
O              135                                                      
    -1.857166331         2.938447640        -5.817871358                
    0.5051885810         2.434111673        0.7692149544                
     2859.536517         2058.548724         6713.047497                
O              136                                                      
     8.251158325         7.098723425        -1.290692248                
     4.621508298        0.7371285355        0.6360567392                
    -2579.193470        -1855.747616         17090.55958                
O              137                                                      
     7.635069158         2.938652472        -3.757038227                
    -1.844639661         3.118278811         8.623150123                
     5834.256837         7394.798282         12552.39588                
O              138                                                      
    -2.391205511         7.046926258        -3.109937250                
   -0.3086464367         3.727933923         7.411600560                
    -7328.643399        -15089.70227         6023.856372                
O              139                                                      
    -2.436963667         3.067657241        -3.261943952                
    -3.492392690         7.130209181         7.551658205                
    -9246.157312        -1049.999897         3971.825548                
O              140                                                      
     7.843428463         7.082506339        -3.752603212                
     4.407068637         1.625438026         4.318548449                
    -1114.230679        -6561.345042         2243.834334                
O              141                                                      
     5.076442681         3.146331068        -3.551845749                
    0.2371661400         5.718814145        -10.18820733                
     11788.61645        -1219.670785         3035.072492                
O              142                                                      
    -4.922413348         6.744330890        -3.472736324                
    0.5039393002        -3.154494862         5.299470500                
    -9210.087229         3446.673167        -5893.978315                
O              143                                                      
    -5.046076146         2.925953271        -3.378097450                
    -6.958950913         4.639285111        -4.589766507                
     18199.97219         14115.73144         20926.22971                
O              144                                                      
     5.262413257         6.957341272        -3.517953092                
    -9.250282485         2.919891393         3.863172120                
     2059.099796         2047.565916         4717.553245                
O              145                                                      
     3.866417229        0.9810225823        -2.636947473                
    -5.203993428         1.462742531       -0.1832105313                
    -6357.140512        -1916.867212        -5741.077932                
O              146                                                      
    -6.100780677         8.917050088        -4.202547010                
     3.711876809        0.9583063484         5.966357487                
    -4235.586718         15374.78172         12803.48540                
O              147                                                      
    -6.275483779        0.8715754277        -4.228387954                
    -1.199368196         4.331191008        0.2246581006                
    -7341.371027         3389.530986        -5220.085615                
O              148                                                      
     4.028371082         9.126790714        -2.744078884                
   -0.4808532196       -0.8972805993        -4.172511242                
    -3961.920658        -2192.869048         9444.905016                
O              149                                                      
     8.828972811        0.8621434785        -2.797734081                
    -2.108996842         7.488971803        0.5848830711                
    -7110.017275        -112.0777832         4429.177017                
O              150                                                      
    -1.312277627         9.121055091        -4.077980090                
    -1.584616453         9.170531074         6.552510349                
     8054.492874         3560.813173        -3747.844619                
O              151                                                      
    -1.397003334        0.9629577188        -4.305329080                
    -2.493122835        -1.332657214         4.939541863                
     287.5322948        -9636.807507         8205.907406                
O              152                                                      
     8.950410862         9.203080555        -2.668098354                
     7.910800707       -0.4273264688         3.441902225                
    -6632.043758        -11530.72307        -1049.276265                
O              153                                                      
     1.883669754        -2.605123418        -5.416038807                
     5.955155671         1.637661678        0.8157896830                
    -3514.281870        -2322.584521        -13945.16633                
O              154                                                      
    -8.220767621        -7.655795886        -1.250634955                
    -4.197482743         2.390088930        -3.304367341                
     6660.000980         11634.96704         11020.16406                
O              155                                                      
    -8.336806143        -2.756413847        -1.417433586                
     3.836684366        -3.226096313         3.581382212                
     2382.664636         4385.420613        -1810.050240                
O              156                                                      
     2.071354705        -7.578434166        -5.549599888                
    -1.169900368        0.8547777424         1.075710493                
    -6123.976081        -410.1052485         2711.808708                
O              157                                                      
     2.089842524       -0.6180900588E-01    -5.596788080                
    -3.207928307         4.662479922        -5.591030969                
    -14311.75177        -11455.65749         7444.406902                
O              158                                                      
    -8.155695483        -10.07938468        -1.117125973                
    0.1828242935         1.362295940        -1.108122293                
    -2760.908812        -3743.829485        -5012.276472                
O              159                                                      
    -8.274913226       -0.1686487419        -1.267848392                
     7.260166115         3.712923051         1.405834352                
     82.80218227         1095.804743         10555.62425                
O              160                                                      
     1.909909920        -10.01270892        -5.504322227                
     1.289689577        -4.813704329         1.031917718                
     14777.86896        -14965.35842        -14278.39078                
O              161                                                      
     1.942840580         2.518254387        -5.758751603                
    -2.904765547         2.837421664        -1.492191206                
    -857.8768332        -9811.667082         2028.023825                
O              162                                                      
    -8.084462988         7.579390237        -1.051470626                
    -2.082783013         1.875173205         4.876773027                
    -6605.291620        -6147.344652        -14066.42001                
O              163                                                      
    -8.394730179         2.418401978        -1.161394571                
     2.237878314        0.4256848322        -1.034104863                
     3417.399725         492.2183164        -1829.742816                
O              164                                                      
     2.068062999         7.595188759        -5.691031206                
     2.187744742        -7.570730716         2.221363198                
    -3239.787309         13755.33050        -6036.180896                
O              165                                                      
     6.019030412        -2.386698185        -5.575942444                
   -0.6606960673        0.9810587171        -1.175067112                
     17687.07915         1815.346499         16991.71238                
O              166                                                      
    -3.853527631        -7.726361615        -1.273646267                
     2.025745455        0.8663058447        -4.253900604                
     4597.179380        -4208.300367         5133.303891                
O              167                                                      
    -3.904985063        -2.616707644        -1.451996505                
   -0.2590479575        -4.940544474         5.777164765                
    -8452.316587        -14773.89303         11975.39646                
O              168                                                      
     6.301564759        -7.643048648        -5.443642495                
     2.757977479        -2.020634039        0.7191324730                
     2470.222712        -12009.30425         10184.19689                
O              169                                                      
     6.076996231        0.7942568444E-01    -5.517869593                
    -5.763940647         1.676096431        -7.239325774                
    -1331.739598         7292.530619        -5679.000548                
O              170                                                      
    -3.772125410         9.930978111        -1.145909567                
    0.2267261615         8.278945339        -2.195795720                
    -7098.907286        -2423.455961         3093.087532                
O              171                                                      
    -4.184831988       -0.1133619920        -1.375931123                
     2.414294901        0.4526597657         3.143397513                
     10778.49686        -2756.898378        -1190.408903                
O              172                                                      
     6.229949043         10.01091075        -5.456182356                
     5.406000326        0.2072280457        0.5671897113                
     7509.224305         18041.95716         4400.829741                
O              173                                                      
     6.038640896         2.576367076        -5.721638030                
     1.615249719        -2.782487770        -1.828964413                
     12801.85642         19919.60037         8651.806716                
O              174                                                      
    -4.151014962         7.475046153        -1.278594291                
    -4.735805616         1.710612244        -1.046753877                
     5869.381916         10066.57566         23721.02909                
O              175                                                      
    -4.052637380         2.427498179        -1.186573470                
    0.9538260828        -4.097980951        -7.563701308                
     5993.478485         4161.296655        -7448.281147                
O              176                                                      
     6.282281501         7.543107630        -5.710636769                
   -0.7182146011         1.224425052        0.1353855834                
    -5778.211484        -3026.892089         2216.616805                
O              177                                                      
    -10.08182468        -1.190816799        -2.706588953                
    -3.916461676        -9.571650863         1.367736220                
     1558.483191        -15855.75622         3010.039533                
O              178                                                      
    0.1288434089        -8.814776050        -4.162470953                
     6.375738647       -0.4965878683         5.240809525                
     5706.942044        -10905.11326        -3127.978515                
O              179                                                      
    0.2351330490E-01    -1.130630268        -4.348458905                
     7.412154528        -1.259898756        0.8365132290E-01            
    -7394.994809         4051.727564         1879.223632                
O              180                                                      
    -9.935445462        -8.957261659        -2.664724259                
     2.257481164        -2.499063810        -2.439201953                
    -17803.58551         134.1508282         724.8576126                
O              181                                                      
     10.13803930         3.069965866        -2.783609094                
     3.636664331        -3.084862820        -2.197296037                
     16320.38813         14399.24736         7206.106064                
O              182                                                      
    0.1734750777         6.995186284        -4.063275615                
     8.373338912        -2.980738689        -4.389060433                
     10508.89070        -1925.378019        -546.7009463                
O              183                                                      
    0.1112830856         3.048626668        -4.243050784                
     7.082267517        -4.028010421         1.310999348                
    -25192.70125         326.8005654         6727.439959                
O              184                                                      
    -9.994875071         7.015607195        -2.672281183                
     2.062271251        -3.812359731         3.667476044                
     21173.09732        -6912.361416         2095.261749                
O              185                                                      
     1.662542666         5.076009455        -4.691327858                
    -1.722336490         1.566153210         2.960456805                
    -8984.695357        -16583.99942        -6192.414183                
O              186                                                      
    -8.550475967         4.987057457        -2.008321025                
    -7.369837307        -4.417020809        -2.453651245                
     875.1823967         13084.36723        -9108.497065                
O              187                                                      
     6.498793404         5.027384542        -4.643495017                
   -0.1091752487       -0.7795649898        -3.420952348                
     2915.328417         19271.69335        -1573.854446                
O              188                                                      
    -3.739317534         4.928791138        -2.181556842                
   -0.3136839194         4.018888748         4.720256035                
    -1814.237063         15853.76324         186.6586335                
O              189                                                      
     5.951235838        -5.060899543        -6.230558402                
    0.7930455067         2.219853040        0.7654637592                
     452.9984172        -9450.496252        -9396.083627                
O              190                                                      
    -4.221740705        -5.213886063       -0.4542596545                
     3.371494749        0.9404272515        -1.738920906                
     4165.395509         11977.11824        -6170.791190                
O              191                                                      
     2.263222835        -5.152406878        -6.436176022                
    -1.380899261        -3.480040052         6.155746919                
    -7870.491751         16172.28448         4079.871095                
O              192                                                      
    -7.877177324        -5.222570770       -0.2958684119                
    -1.533954370        -3.776775738         3.843071588                
    -3609.715949        -1989.725077         6788.952209                
O              193                                                      
     7.543189277         1.052365731         3.373369136                
    -1.090904014        -1.476185536         2.803067769                
    -2645.404846        -8884.899667         1802.573751                
O              194                                                      
    -2.532673146         8.849865446         3.428324113                
    0.8554480964         1.652101826        -4.049906567                
     11995.26209         9313.510927         10884.44174                
O              195                                                      
    -2.681892277         1.051996007         3.228335917                
    -1.720878588         2.527294453        -6.790703502                
    -14360.51323        -10279.13180        -14290.55210                
O              196                                                      
     7.649289592         8.932693530         3.428445385                
    -6.642479282        -6.505804061        -2.294174602                
    -13231.09244        -2301.525574         242.2592264                
O              197                                                      
     6.121320142         1.122746124         5.647281101                
    -4.439295188         2.060293193         7.183159532                
     8315.416190        -5157.423435        -2761.417327                
O              198                                                      
    -4.013250461         8.905092176         1.186986408                
   -0.6670649835        0.2641311012        0.4513751737                
     9937.904300        -1635.082635         3263.049466                
O              199                                                      
    -4.229605899        0.9486459846        0.9909242160                
    -3.684046596        0.2526143537         1.823787231                
     7261.193817        -5007.445524         21626.72466                
O              200                                                      
     6.170362502         9.016362986         5.689553636                
    0.2885643431         4.955877486         3.509858569                
     3054.858973         12283.50887        -22617.58578                
O              201                                                      
     6.143750484        -1.050969296        0.2941061407                
    -2.124046237        0.5750053882         2.758336346                
    -2412.400338        -14120.71473        -2442.087490                
O              202                                                      
    -3.942132962        -8.886165161         6.437333289                
     1.050757660        -2.224370461         7.069231458                
    -13389.83131        -1924.754439         2423.602153                
O              203                                                      
    -4.125850010        -1.222258106         6.229285030                
     7.465613519         3.274628219         1.211247476                
     11136.19703         2486.290581         3157.104365                
O              204                                                      
     6.238394958        -9.086133497        0.3700854927                
     6.143649502        -2.110055675         3.391047599                
     11198.68833         2896.965462        -1801.665635                
O              205                                                      
     1.949359458         1.085510446         5.612510069                
     2.552662146         3.659913037        -2.255546521                
    -10095.07138        -12856.46923         4790.481745                
O              206                                                      
    -8.151758314         8.992739703         1.271844702                
    -1.082811062       -0.8727954835        -4.186207225                
     4679.910973         6240.366598        -14041.16477                
O              207                                                      
    -8.292403857         1.054874762         1.098026462                
    -5.645881623        0.1725570709        -4.519498433                
     7766.780709         3476.912417        -8147.487091                
O              208                                                      
     2.083628804         9.163221544         5.723623331                
    -7.623842210         3.154560885        -2.468937468                
    -4461.476074         477.7941014        -4502.783684                
O              209                                                      
     2.467713420         1.017187686         3.096218199                
    -2.140060678         3.380048694         1.546749401                
     27028.94467         11454.81743        -16930.75972                
O              210                                                      
    -7.588590986         8.955609314         3.806514504                
     2.199531690        -1.814597828        -1.512799141                
    -1135.309192         7917.754316        -8811.017184                
O              211                                                      
    -7.753895384         1.057655856         3.664531668                
    -1.339239524         3.145121468       -0.1239995409                
     13365.80481         10217.45021         10580.62493                
O              212                                                      
     2.582476790         8.915855382         3.198273251                
     1.401932769       -0.7069361828       -0.4955253101                
    -17181.03053         2799.998447         6322.056870                
O              213                                                      
     5.011302597        0.9396846054         3.340150681                
     6.545963950        -1.981477831        -2.856599809                
    -3593.680459         10261.54933        -11013.63312                
O              214                                                      
    -5.112553875         9.052964792         3.500066388                
     5.082726383         8.818855026       -0.3657993881E-01            
     18734.18300         7555.571781        -9370.642733                
O              215                                                      
    -5.229927799         1.044354340         3.418457732                
   -0.1594633626        -1.800015422         1.079521862                
    -7243.431658        -6599.168785         3892.597105                
O              216                                                      
     5.056040500         8.974980105         3.335162946                
    -3.740552022        -2.882564354       -0.6107400678                
     11068.25285         3061.771466        -735.8600602                
O              217                                                      
     7.501090327        -3.070543057         3.326935148                
     1.758838306        -1.709391857        -5.444979397                
    -2257.325602         6562.589129        -4531.476305                
O              218                                                      
    -2.570486878        -7.012332820         3.448075069                
    -1.928620579        -2.419191735         8.951141838                
    -5339.171802        -11896.97952        -2629.707808                
O              219                                                      
    -2.630010498        -3.200854237         3.309080855                
    -2.984286984        -4.448502215        -2.334285369                
    -11174.95595         13180.68662        -14408.76718                
O              220                                                      
     7.613973484        -6.883835287         3.384076710                
     3.901010130        -2.934726043        -4.295840147                
     5773.855989        -13712.17517        -4887.430311                
O              221                                                      
     6.074873535        -3.179556536         5.561133716                
    0.3436924563        -7.460481892         9.970391957                
    -809.7167185         2498.920733         2339.582025                
O              222                                                      
    -4.096673428        -7.079842163         1.295179603                
    -3.273313049         1.653533887         4.363924586                
     3481.638559        -1580.397732        -3731.429250                
O              223                                                      
    -4.204231079        -3.197762813         1.141546145                
   -0.1570846316        -11.75968428         2.373273722                
     11668.61469        -4541.383204        -16534.06871                
O              224                                                      
     6.284057172        -7.044445407         5.614956787                
     4.540166355        -1.763695119        0.4082940193                
    -7440.331643         874.3881985         24929.43325                
O              225                                                      
     6.098874640         3.307238011        0.2953229974                
    -1.652458025        0.6806120343         6.805684746                
     9527.730698         11183.05595        -7453.668971                
O              226                                                      
    -3.902442364         6.554927436         6.454092679                
    0.6848033785        -2.550036401         5.670136200                
     1669.804061         1779.203271         2760.949895                
O              227                                                      
    -3.959324581         3.361257058         6.355505187                
    -3.175502405       -0.1088249653        0.3610150311                
     7027.641442        -2384.824695        -196.5603634                
O              228                                                      
     6.194897979         6.738699932        0.3072145921                
     1.057912243        -2.571659870         2.916073207                
    -5041.939670        -3372.251173        -1536.999857                
O              229                                                      
     1.959594566        -3.199163641         5.556041425                
     5.622699498        0.3850512420       -0.2305573927                
     3418.714033         9372.020240         21267.39379                
O              230                                                      
    -8.031925331        -7.283622226         1.320861350                
     2.083408070         2.455843824         6.971198501                
    -12631.91985         4352.711142         7543.465848                
O              231                                                      
    -8.253264405        -3.028988544         1.075096310                
    -5.607497834        -1.332108106        -5.788139439                
    -2427.459775        -9742.806852         4432.178028                
O              232                                                      
     2.159224980        -7.085939422         5.453877824                
     3.628953777        -4.663792841         6.668535803                
    -16150.08441        -6891.056363         6448.550042                
O              233                                                      
     2.458833667        -3.094540347         3.032420534                
     1.923457242       -0.4663065229         3.228724623                
     1432.971669         857.0469321        -4380.517217                
O              234                                                      
    -7.599904618        -7.157836623         3.770351610                
    0.8856554356E-01     4.987658696        0.8847470944                
     7896.685332         2634.473852         6538.711545                
O              235                                                      
    -7.754105268        -3.046975466         3.575630095                
     1.956354886         4.653655630        -1.731639077                
    -6661.556080        -7052.748975         161.0769478                
O              236                                                      
     2.592955173        -7.050150109         3.052801345                
    -3.517321100        -4.699575284       -0.1417888654                
    -4967.104692        -8508.162224        -11347.84759                
O              237                                                      
     4.987721695        -3.097713583         3.238400318                
    -6.872770751        -4.869314180         3.264489057                
     630.3128302         4000.815666        -8028.248498                
O              238                                                      
    -5.028216157        -7.028624829         3.748206665                
    -1.844841142        -4.609005638        -7.190778837                
    -5031.217528        -12556.64857        -10920.56408                
O              239                                                      
    -5.194153409        -3.103650913         3.450218277                
     2.210638433         2.286151961        -1.491138517                
    -11619.84070        -9735.123113         13136.54677                
O              240                                                      
     5.143742244        -7.003645389         3.304477096                
    -2.560743792        -1.134683525         1.148032303                
    -4008.902186        -3295.456610        -3869.550657                
O              241                                                      
     6.145160429        -1.018059318         4.240172625                
     2.090649673        -2.887451699        -7.027887361                
     15867.00111         4527.582498        -3457.889576                
O              242                                                      
    -3.785630117        -9.181963412         2.689741653                
    -1.949767538        0.5982335824         3.710671842                
    -3139.792450         5255.533321         3164.107426                
O              243                                                      
    -4.003911252        -1.092379099         2.524937078                
     4.655703888       -0.4588863874E-01     1.726469000                
     8234.106556         20340.61256         5854.143616                
O              244                                                      
     6.374431847        -9.087619395         4.117152060                
    -3.570079052        -3.146498187         2.482194910                
     2242.471042        -18941.92189        -9.150682436                
O              245                                                      
     1.530839678        -1.005479575         4.171668959                
    -2.487199610         11.18847117        -3.605817041                
    -12969.41161        -7190.009773         5344.426287                
O              246                                                      
    -8.761850854        -9.243707157         2.884226602                
    -6.879081897       -0.6283285145         1.717337583                
     3402.718833         10692.35178        -9978.180990                
O              247                                                      
    -8.691433681       -0.9460229572         2.508476829                
   -0.8463153128E-01    -11.39870024         4.367005392                
    -10101.34029        -5389.547033         11017.09792                
O              248                                                      
     1.524238702        -9.169241294         4.061733102                
    -2.521501988        0.1901212280         2.315512688                
    -8100.169892         1102.450949         257.0527161                
O              249                                                      
     8.272947163         2.476903733         1.290581168                
     3.263898237         2.213682783         3.489041882                
     3965.791521         8667.997229         3143.168560                
O              250                                                      
    -1.762848075         7.557951104         5.535638331                
    0.4529569616        0.2341210089         4.957484113                
     5285.937787         496.7082497         1300.212736                
O              251                                                      
    -1.972935915         2.442815362         5.217756520                
    0.5318348240         1.251384722        -1.075842522                
     15517.80910         14660.51091         1278.693733                
O              252                                                      
     8.418440763         7.424911843         1.336812102                
     3.729071748         2.364365261        -3.742119391                
    -2863.361058        -2071.901130         7912.735899                
O              253                                                      
     8.249941786       -0.1162949367E-01     1.130710180                
     5.297289384        -3.938964718        -3.512645356                
     7715.625726         1310.017582         13583.20795                
O              254                                                      
    -1.865473423         10.04989134         5.569179065                
     1.807974044         5.956901766        0.2465355782                
     4344.888253         2702.929165        -5033.384162                
O              255                                                      
    -1.950925020        0.1256584858E-01     5.364671442                
    -3.926625977         3.705712982        -7.481996431                
    -2144.139876        -9085.694873         4501.415754                
O              256                                                      
     8.413749769         9.850235405         1.229763869                
    -1.154798431         1.863227994       -0.5851992053                
    -4643.449529         6987.056237         5467.501596                
O              257                                                      
     8.113999683        -2.575294887        0.9666483172                
    -9.196159684        -6.421171714         1.306113570                
     3463.869791         10036.45613         3111.611363                
O              258                                                      
    -1.831576074        -7.575135556         5.777191906                
    -6.037668222       -0.5583403769E-02     1.743890416                
     6243.109572         3879.135043        -21135.43966                
O              259                                                      
    -1.979462633        -2.510262692         5.575260497                
     2.698289049         2.050856585       -0.4625578091                
     748.7033090         6494.295319        -7760.562829                
O              260                                                      
     8.373325974        -7.717927554         1.168329812                
     7.688868869        -2.636178137         3.009284371                
    -4123.669737        -9673.150541        -2319.125197                
O              261                                                      
     3.999000515         2.577820584         1.462328693                
     1.074654415         4.814012339         2.328850093                
     3632.038730        -802.9063428        -5074.737033                
O              262                                                      
    -5.995391772         7.579523282         5.371436811                
    -1.883341385        -1.142211927        -1.859504572                
     3248.443862        -5225.554540        -8845.416004                
O              263                                                      
    -6.182469298         2.412352971         5.427381858                
   -0.4256170866         3.444356358         3.921116081                
    -872.1659620         247.0406130        -8585.779063                
O              264                                                      
     3.992942818         7.544466998         1.379423991                
     1.190327845        0.8948490236         1.680405573                
     8226.415324        -360.0686096        -2440.560625                
O              265                                                      
     4.026283885        0.1176364996         1.148678099                
     8.682789849        -7.394833913        -6.631966358                
     7352.865191        -14574.09952         1835.554361                
O              266                                                      
    -6.001292104         10.05084175         5.643495537                
     2.218905533        -4.054326937        0.3623827119                
    -3343.260782         4783.504921        -11581.78515                
O              267                                                      
    -6.220423315       -0.3654037180E-01     5.535613131                
    -8.879010483         9.079002121         1.145001539                
    -6577.782855         12962.45107        -17283.40581                
O              268                                                      
     4.085314721         10.06177494         1.328077341                
    -3.547619167         7.751575822        -5.252220530                
     1887.866933         8202.462175        -11860.00521                
O              269                                                      
     4.086387985        -2.471421120         1.043021928                
     2.260047396       -0.3798625732         3.236030431                
    -2653.975220        -12646.44651         8223.365574                
O              270                                                      
    -6.121412959        -7.577447707         5.842169948                
    -10.75985634        -3.435131076        -2.223728859                
     5182.606886        -14840.84694         4788.806818                
O              271                                                      
    -6.267167915        -2.566263881         5.593544777                
    -3.102611066        -9.847119228        0.4530067823                
     2860.204869         4623.752952         893.2195850                
O              272                                                      
     4.276757940        -7.544455125         1.089941143                
     8.816831602         3.181195026        0.4487155431                
    -1363.189324        -17827.71542        -8923.027848                
O              273                                                      
   -0.7740209977E-01     1.017523553         3.931728246                
    -3.989457887        -1.353145375        -2.241002689                
    -4610.370098         1712.534867         14050.08885                
O              274                                                      
    -10.11670137         8.787395601         2.825584018                
    -4.703168915        -1.121621645         3.849166220                
    -7747.632885         796.1471890        -12215.31171                
O              275                                                      
     10.08114978         1.002190660         2.608308115                
    -1.320764169        -3.900517495        -1.734371144                
    -11959.73812         11179.84803         5478.424567                
O              276                                                      
    0.5522631654E-01     8.953608996         4.230896822                
     6.143299112        0.4605905672       -0.2459209644                
    -11687.59092         201.3246487         2527.545175                
O              277                                                      
   -0.2015125265E-01    -3.142582890         4.104069971                
     3.418045296         6.634977709        -3.120146402                
    -10630.84762         10787.29488        -9931.795888                
O              278                                                      
    -10.10822006        -7.042541202         2.771208711                
     6.967543335        0.5278798775         3.564015626                
    -10718.81711         2413.866465        -9991.582936                
O              279                                                      
     10.02003726        -3.105222653         2.578274911                
     1.724026526        0.8111870163        -2.719250896                
     11007.77529         16522.14460         2858.415027                
O              280                                                      
    0.1993979446E-01    -7.061890548         4.053250639                
    -1.344939913        -6.836677421        -3.267360303                
    -5965.817951        -1774.241720         4011.004180                
O              281                                                      
     8.635321945        -5.062798799         1.978823943                
     3.869179846         4.792477363         1.218740515                
    -2735.323906        -7568.522445         3405.375318                
O              282                                                      
    -1.530082421        -5.073559545         4.634023826                
     2.360000016        -2.812274153         1.963843346                
     470.7292502         13907.71306        -1503.115859                
O              283                                                      
     3.842773447        -5.078795741         2.146569897                
     1.588608126        -1.162242744         3.856089349                
     3804.558087         9865.573231        -15951.86967                
O              284                                                      
    -6.444749472        -5.049800483         4.626080119                
    0.4557781543        -4.752582699         6.825348017                
     1605.884138        -24065.41454         1640.960058                
O              285                                                      
     4.316364823         5.055579340        0.3800451738                
    -4.308570092       -0.5226903415        -2.336392465                
     3572.626446        -2468.221805        -3867.850591                
O              286                                                      
    -5.780894528         4.917096975         6.213829066                
     1.265039403         4.654655715         4.459602920                
    -3181.780504         16342.75804        -6145.412541                
O              287                                                      
     8.002508304         5.023515068        0.1724592585                
    -1.254588482         1.405591645         1.856692617                
    -7432.757303        -12912.72535         5561.119481                
O              288                                                      
    -2.009902375         5.033576649         6.371790000                
     8.642202427        0.6386567828        0.6208549475                
    -1062.729325        -32072.11478        -3621.168281                
C              289                                                      
   -0.9386224136         5.163254366        0.8746713154                
     3.806353842         2.036595059       -0.1210129922                
    -79.30842820         39.84397790        -85.62217128                
C              290                                                      
   -0.5802048279         6.248212060        0.6577243628E-01            
     6.319302455         1.102003958       -0.2610883876                
    -110.1558369         51.01707059        -107.7100660                
C              291                                                      
    0.5134528361         6.143262810       -0.8019248419                
     5.147778134        -2.062079569        -1.354993351                
     23.22713036        -13.32479590        -5.397589113                
C              292                                                      
     1.248692915         4.953355867       -0.8607232420                
     1.463305202        -4.291571996        -2.308822919                
    -158.2538391         48.75195362        -146.8267185                
C              293                                                      
    0.8902753284         3.868398173       -0.5182436186E-01            
    -1.049643413        -3.356980892        -2.168747523                
     18.01439523         16.60573212        -112.6475533                
C              294                                                      
   -0.2033823355         3.973347422        0.8158729164                
    0.1218809070       -0.1928973661        -1.074842560                
    -39.63593268         9.153681503        -68.54712453                
H              295                                                      
    -1.782301184         5.244215216         1.544037788                
     4.710101175         4.477459497        0.7228565520                
     9.650836486        -20.88525791         44.70788824                
H              296                                                      
    -1.147393140         7.166159036        0.1111250150                
     9.161661265         2.821908796        0.4747297059                
     86.95841559        -9.778989297         41.61025977                
H              297                                                      
    0.7899432946         6.980248938        -1.425938737                
     7.086389615        -2.783039167        -1.463044801                
     21.03463865        -47.53590765         187.1901064                
H              298                                                      
     2.092371685         4.872395017        -1.530089714                
    0.5595578686        -6.732436431        -3.152692463                
    -146.5378772         214.0713468         116.3053057                
H              299                                                      
     1.457463641         2.950451196       -0.9717694132E-01            
    -3.892002223        -5.076885733        -2.904565618                
    -157.6559520        -106.7001663         119.2490201                
H              300                                                      
   -0.4798727924         3.136361294         1.439886810                
    -1.816730574        0.5280622281       -0.9667911112                
     86.51359636        -133.1546408         44.05723080                
