Diffusion in Zeolites. ZSM5 (Silicate) Crystal Structure, Si(96)O(192) +
         2         2       300     10000   1.0000000E-03   1.0000000E+01
       20.3183600000        0.0000000000        0.0000000000            
        0.0000000000       20.1714600000        0.0000000000            
        0.0000000000        0.0000000000       13.5858629500            
Si               1                                                      
     1.630981994        -1.390092966        -4.662031497                
     6.045466809        -4.122769207       -0.8272029069                
    -6582.327665        -1625.916676         7724.615497                
Si               2                                                      
    -8.280703470        -8.978335190        -2.128094150                
     5.437895265         3.257938460        -1.803380958                
     558.5549096         854.2069234         1471.306711                
Si               3                                                      
    -8.411738210        -1.221811194        -2.296317439                
    0.7424289204         1.134838441        -2.999316429                
     1621.748453        -6503.910504         2199.651763                
Si               4                                                      
     1.781007107        -8.950692082        -4.590468926                
     1.493642253         3.452520730        -1.984176465                
    -14123.76216         39160.05819         8645.096508                
Si               5                                                      
     4.039152483       -0.6338169077        -2.751243923                
    0.7912086364         2.202177853        -5.020046944                
     9896.776788        -24732.64640        -1217.813534                
Si               6                                                      
    -5.906790767        -9.537897036        -4.069532613                
     4.142616324         6.037577265         1.388834686                
     3592.588953         4242.591717         11927.70531                
Si               7                                                      
    -6.109287740       -0.6026043689        -4.295552232                
     3.523138302        -1.406954108         3.846361890                
     457.6048830        -18584.69936        -2497.477299                
Si               8                                                      
     4.153493722        -9.476651853        -2.657127061                
     3.598293024         3.315465641        -1.867006263                
     16594.41648        -1488.577867         1009.428851                
Si               9                                                      
     5.715316786         1.157376411        -6.507921535                
     4.570946379        -3.343988244         1.891886130                
    -13584.25345        -12840.33932        -15034.21639                
Si              10                                                      
    -4.287088282         8.797928545       -0.2242913482                
    -2.818419817        -2.727688748         3.041899913                
    -12972.12282        -13130.31053        -6342.617299                
Si              11                                                      
    -4.386674447         1.039365655       -0.3824532369                
     2.599179200        -1.286996255        -1.329110075                
     3393.082924         14628.30566        -20081.55218                
Si              12                                                      
     5.843779617         8.961357299        -6.430658347                
     7.247662341        -3.112285849        -2.709289605                
    -418.7931955        -4163.880762        -12769.66905                
Si              13                                                      
     2.487254732         1.020519908        -6.492930313                
     4.224089932         2.904753007         5.896504405                
     16465.96762        -10777.39926        -18346.87007                
Si              14                                                      
    -7.430725699         8.736720811       -0.2805265161                
    -2.718161196        -1.838547671         5.622786145                
    -28823.31536         11626.43578         3435.848649                
Si              15                                                      
    -7.547865331         1.245358932       -0.4593830035                
    0.4695429695        0.4227814908       -0.2376427756                
    -22420.79724        -19129.91967         26420.81684                
Si              16                                                      
     2.659401490         8.848355629        -6.495090951                
   -0.1678501064        0.2001816242        -2.825295377                
     4286.335005        -12441.40912         5570.310080                
Si              17                                                      
     8.901814959       -0.7063625831        -2.668911926                
   -0.8665240831         2.813602685        -2.474318899                
     9450.697693         10500.74177        -4832.279312                
Si              18                                                      
    -1.239560834        -9.736775785        -4.188313037                
     2.820973276        0.9439691939        -2.531338960                
     7140.349768         17214.83094         16714.63970                
Si              19                                                      
    -1.346011260       -0.5732001154        -4.356881511                
    0.6120601693        0.1523973563       -0.1953299176                
     2333.123093        -14708.94928        -1326.644279                
Si              20                                                      
     8.999753064        -9.508498754        -2.722048063                
    0.9147305065        -3.059385790       -0.2580664412                
    -8127.490533         6492.754855         1302.673956                
Si              21                                                      
     6.547534024        -1.286164977        -4.605866183                
    -3.835375945       -0.4720447336        -1.356797743                
     8744.262746         17712.06418        -3179.968356                
Si              22                                                      
    -3.466554609        -9.009002641        -2.156582009                
    -5.354953039        -1.383586815        -4.737508535                
    -11680.17897         19996.99031         6152.426227                
Si              23                                                      
    -3.613767564        -1.260254988        -2.425358922                
     1.795767081        -1.045384564        -2.976348164                
    -17496.72080         9534.314807        -21436.15418                
Si              24                                                      
     6.612512475        -8.744521953        -4.568177084                
    0.7782500091         1.603410941         2.363741559                
     7864.510312        -12228.48901         14828.33644                
Si              25                                                      
     1.682651333         3.376039325        -4.641988987                
    -2.553255057        -1.688318225        -1.197673267                
    -16536.36280        -15183.67521         11098.15177                
Si              26                                                      
    -8.441248825         6.625552091        -2.297033814                
     5.478693472         2.875960654        0.5582888939                
     12862.55838         12601.91859        -12550.27216                
Si              27                                                      
    -8.440109018         3.538019246        -2.347981953                
   -0.1180993230         6.573028405         2.319294194                
    -1525.025604        -4403.900119         3592.956336                
Si              28                                                      
     1.763749916         6.459781860        -4.641213144                
    -1.544978765        -3.118630314        -4.446396001                
     22654.97849         12683.10620         3467.594116                
Si              29                                                      
     4.057435709         2.520424573        -2.687230177                
     2.034878923         2.236530859        0.6357347089                
    -5465.993705        -7637.362625        -10041.34360                
Si              30                                                      
    -5.994654671         7.497994858        -4.138054164                
    -4.451724055        -1.565924517         4.308191165                
    -19006.31848        -10651.69641        -44.69264399                
Si              31                                                      
    -6.101637579         2.563763794        -4.200832681                
     1.311504550        -3.245734702         4.348629214                
     9122.635249        -8887.171894         5909.817256                
Si              32                                                      
     4.157059769         7.487308480        -2.720996171                
    -1.179430908         1.596819544       -0.9389057200                
    -4992.089691        -11664.34072        -24502.84896                
Si              33                                                      
     5.820205190        -3.518339017        -6.596435563                
     2.202480056        -1.001512510        -2.403643352                
    -9971.780011        -694.8955930         9118.788405                
Si              34                                                      
    -4.224130951        -6.631487311       -0.3525197973                
    -4.235584577        -2.770624768        -2.153693640                
    -5106.369091        -4600.847229         12634.66845                
Si              35                                                      
    -4.223036705        -3.560374615       -0.4482371240                
     1.032282111         2.640791935        -4.407403864                
    -4720.943758         4337.053520        -7271.024449                
Si              36                                                      
     5.809177906        -6.612661170        -6.606697171                
    -4.595429809         3.860083536        0.1098932261                
     2251.212093        -5471.333643        -8320.871815                
Si              37                                                      
     2.620186385        -3.595417389        -6.529308912                
     3.256598301         1.024225353         1.461160820                
     8428.465004         1845.014032        -9246.199994                
Si              38                                                      
    -7.440787064        -6.526023046       -0.3626909492                
    0.7665786830        -3.102131970         3.584407156                
     4350.241210        -3786.882158         11711.29571                
Si              39                                                      
    -7.396490693        -3.416748067       -0.3086738943                
    0.7953484421        -4.068993690        -1.921175695                
    -14711.94794        -2004.990288         4173.463284                
Si              40                                                      
     2.652995376        -6.725491636        -6.651855945                
    0.7216851345         5.304940529         4.945084428                
     1253.824918         12413.38311         8718.034964                
Si              41                                                      
     8.913076627         2.460734501        -2.791147011                
     2.291592894        -1.760708195         1.918227319                
    -9888.551888         19854.56580         3179.976844                
Si              42                                                      
    -1.216805206         7.281468132        -4.137339114                
    -2.226280225         2.816220144        -2.944791309                
     18554.86837        -9183.185890         917.7284924                
Si              43                                                      
    -1.338493784         2.534823744        -4.212550065                
     1.140377702         2.468589833        -3.311024801                
     11709.47901         1603.772162         15036.24135                
Si              44                                                      
     8.942123256         7.533077062        -2.768596447                
   -0.3625891781       -0.5605317976        -2.844353226                
    -19353.29763         4870.509691         568.4371882                
Si              45                                                      
     6.440058303         3.449159836        -4.566472064                
    -1.752556175         2.727400839         1.805354374                
     17229.08289        -11415.40303         4717.993024                
Si              46                                                      
    -3.625582719         6.555762124        -2.322027991                
     3.780896962        -2.371476680         4.362334509                
     9155.915110        -13120.97641         31026.63179                
Si              47                                                      
    -3.693836382         3.440107989        -2.301563665                
     3.303592138        -2.063734685        -1.330688401                
     2155.137774        -16403.20002         17249.05603                
Si              48                                                      
     6.605710605         6.596960247        -4.587152974                
    -4.697522124         4.129766922         1.059511934                
    -18097.19296        -12272.83022         73.37999312                
Si              49                                                      
     8.689019533         1.403059934         2.042762010                
     5.098783878       -0.7111932955        -11.22485994                
     16369.47596        -25249.50252        -6501.890094                
Si              50                                                      
    -1.483894359         8.760429455         4.620817678                
    -2.690786093        -5.474365854        -1.583814856                
     8403.975608         2292.878150        -3079.713904                
Si              51                                                      
    -1.472395103         1.125132250         4.462140697                
     4.549951562         1.031407275        -1.227750553                
     3701.718280         6663.819135         2101.257453                
Si              52                                                      
     8.632122076         8.941975641         2.023906951                
     2.897856213        -3.760000178         2.983637997                
    -6814.781047        -35567.58011         19283.01920                
Si              53                                                      
     6.466572997        0.7773240403         3.999326216                
   -0.7217624704         2.600283378        -2.250055422                
    -18404.58219         2903.239970         2190.912462                
Si              54                                                      
    -3.953943197         9.329491491         2.802554081                
     2.400253287        -4.311997116         6.956752349                
    -9934.058613         8577.787520         5607.937010                
Si              55                                                      
    -3.815621677        0.4775980583         2.622502912                
   -0.8213279507        0.4493621593       -0.9478616734                
    -1095.613342         4952.265859        -9769.826059                
Si              56                                                      
     6.345060187         9.487849039         4.077027267                
     3.180396171        0.2440438851         2.254220104                
    -2103.494619        -8220.712268        -5246.479343                
Si              57                                                      
     4.605223469        -1.364584308        0.2555917678                
   -0.2585656275         1.805690670       -0.9427131781                
     11566.17922        -16722.54993        -10124.34035                
Si              58                                                      
    -5.524180101        -8.895513355         6.519519032                
     1.622126445         3.732772050        -5.568540117                
     11178.27044        -9992.864878         1818.887370                
Si              59                                                      
    -5.559859427        -1.331086870         6.340430555                
     2.114827733        -5.527549274         4.650099153                
     2523.704378         11293.48395         3541.975399                
Si              60                                                      
     4.729049450        -8.903090968        0.3467307629                
    -4.142220249        -2.185610401        0.6555539994E-01            
    -19731.67179         27087.45696         18818.05756                
Si              61                                                      
     7.828504830        -1.250383683        0.2596831149                
    0.9409198370         7.627493972         4.086999871                
     5675.942377         9887.184406         24546.43380                
Si              62                                                      
    -2.343974947        -9.013899378         6.485710876                
    -6.224723154         2.102078073        0.1220353501                
     5933.950271         12404.10144         19812.64924                
Si              63                                                      
    -2.414693269        -1.227128863         6.347044996                
     2.335080875        -3.375767177       -0.4990598430                
    -9458.569596        -28149.14363        -6928.562523                
Si              64                                                      
     7.928851635        -8.841670825        0.1877313887                
    -2.560861899        -3.101031856         4.786833841                
    -18733.99569         13323.96815        -4585.536404                
Si              65                                                      
     1.548784618        0.5102459842         4.125736511                
   -0.5491450586        -3.974714595        0.2789752142                
    -2281.445457         69.50314496        -21119.60443                
Si              66                                                      
    -8.689475988         9.422852852         2.544907609                
   -0.8992619972        0.9093191241        -1.524207366                
     1252.352928        -7471.903173        -7236.553203                
Si              67                                                      
    -8.630014060        0.6460268628         2.486883527                
     1.479145709        -1.416151188        -4.323671953                
    -4308.044822         1131.588564        -2238.071319                
Si              68                                                      
     1.543094431         9.420052742         4.182773839                
    -1.801717213         1.035126463        -1.136937180                
    -5298.325873         11772.34781         2734.599706                
Si              69                                                      
     3.927255823         1.103089726         2.073866509                
    0.2625535099         1.009931738         1.671615215                
    -20284.34053        -11497.60952         17870.43519                
Si              70                                                      
    -6.486753893         8.873571725         4.690605346                
    -1.235518781       -0.4936976276         2.976764356                
     11334.70471         2218.757575        -9168.685647                
Si              71                                                      
    -6.268981986         1.161829442         4.453985448                
    -4.107714847        -2.895320995         5.471574691                
     4975.135411        -5753.249217         598.5837421                
Si              72                                                      
     3.850378556         8.867216985         2.214360203                
    -4.368051045        0.8260028341         2.292544484                
     6199.253523         6592.528661        -8216.929383                
Si              73                                                      
     8.827918712        -3.414384179         2.326199402                
     4.342157909         2.975470594        -1.593354202                
    -5157.907335         2800.233976        -6341.218377                
Si              74                                                      
    -1.534098216        -6.619891788         4.613940247                
     3.429638210       -0.8394161943        -1.292136693                
     4594.471418        -19316.73392        -9017.187365                
Si              75                                                      
    -1.525269177        -3.539287365         4.427811404                
    0.2949298826        0.5398177542        0.8785717984                
     17844.24249         4043.427309         11181.35655                
Si              76                                                      
     8.774487412        -6.558723722         2.126853871                
     2.744659172       -0.1417852477        -2.519349096                
    -616.6145274         8186.891658        -11067.96228                
Si              77                                                      
     6.400958608        -2.386438867         4.067913557                
     2.194604771         1.540217534         1.501886152                
     3822.948714        -25996.19212        -7692.096176                
Si              78                                                      
    -3.837626092        -7.683623856         2.668108846                
     1.038297076       -0.7225754619E-01    -2.843606063                
     4241.954726         25308.44054        -21624.20396                
Si              79                                                      
    -3.782920919        -2.703500699         2.522247652                
     2.793882512        -1.293833040        -1.572304398                
     7815.348987         10962.25791         5461.425582                
Si              80                                                      
     6.418963411        -7.536371609         3.999505808                
    0.5350845840        -2.974908148         1.891638374                
    -7199.641149         13371.69956         19635.59200                
Si              81                                                      
     4.670544174         3.471060135        0.2449226714                
     1.949468841        0.2607575100        -1.546877039                
    -7480.065230        -6525.705989        -20734.21145                
Si              82                                                      
    -5.507505967         6.531103142         6.514222355                
    0.7832407510         3.692450233        -1.512309788                
    -4916.532045         5351.250797        -6206.114838                
Si              83                                                      
    -5.553475966         3.427223446         6.464632715                
    0.1449130480E-01   -0.8514845776       -0.2185850223                
     17674.96365         9343.305800        -27304.32630                
Si              84                                                      
     4.394987371         6.530807074        0.2437460616                
    0.7678492082         1.590376702       -0.1497481715                
     37111.84156        -17039.88547        -2102.865823                
Si              85                                                      
     7.867657636         3.552435176        0.2767068636E-01            
    0.8863895420        -1.029319343        -1.122724335                
    -13972.15495         18150.19014        -8236.529129                
Si              86                                                      
    -2.317974302         6.437884139         6.589502197                
    -2.582897835        -1.064986099         1.359362732                
     1575.303733         6947.803948        -8681.012011                
Si              87                                                      
    -2.366710333         3.339205895         6.537747091                
     3.514809704         2.478685089         3.770895908                
     11308.22673        -10158.05338        -14848.19510                
Si              88                                                      
     7.685963593         6.710004527        0.8178232804E-01            
   -0.7590705013E-02    -2.062636309         2.552975663                
    -7098.277212        -24951.37437        -18740.17959                
Si              89                                                      
     1.480560681        -2.647288300         4.203217079                
     4.336240067        -3.313107374        -4.266446792                
     9813.039739        -2983.752150        -20223.80167                
Si              90                                                      
    -8.601426474        -7.552945667         2.479798010                
     3.392930088        -2.643665884        0.5668281731E-01            
     21508.76158         5168.127074        -9376.477289                
Si              91                                                      
    -8.509814794        -2.542266958         2.568490810                
    0.4798748840        -2.161446276        -1.126468480                
    -5087.526762         10604.45275        -4414.488952                
Si              92                                                      
     1.417587955        -7.582053329         4.151801837                
     1.412897559        0.1293307812E-02    -6.507216940                
     4371.383769         4696.151169         18042.66136                
Si              93                                                      
     3.942850793        -3.508710339         2.375248171                
    0.2535875219       -0.4462240125         1.522195734                
    -6505.408939        -18615.79997        -4916.343322                
Si              94                                                      
    -6.277356578        -6.752775512         4.411462979                
    -2.990824871         1.813264352       -0.3692824243                
     1311.682019         15056.95030        -5321.127516                
Si              95                                                      
    -6.190235320        -3.590346639         4.408718056                
    -8.207260361        -4.096109652        -1.762202877                
     14299.85331        -23837.92646        -9451.486617                
Si              96                                                      
     3.837491546        -6.633414001         2.362641675                
    -7.198573785       -0.9176652450        -1.794665340                
    -12856.66842        -22478.87642        -7516.054764                
O               97                                                      
     2.742313723        -1.092998209        -3.587585857                
     1.776188371        0.4007187849        -4.198937096                
     8144.214621         1765.930434         14145.80117                
O               98                                                      
    -7.179846340        -9.155835118        -3.259521710                
    -1.523096057         1.272685999        -5.261749841                
    -13241.15981         5617.190972         2679.682527                
O               99                                                      
    -7.343327874        -1.136471599        -3.460049256                
    -7.833381014         4.737805905         7.326361245                
    -1509.005197         11478.03012         5406.500607                
O              100                                                      
     2.822418354        -9.009927650        -3.375133523                
     8.284255712        -1.687116006        0.9702689260E-01            
     2294.214339        -12005.50480        -12113.94175                
O              101                                                      
     4.218346485        -1.208834554        -1.270122363                
    -11.75646167        -5.104917277         1.876791308                
    -8154.540152         2974.294967        -2656.018583                
O              102                                                      
    -5.847732177        -9.035245723        -5.534531481                
     1.064932495       -0.5712095858       -0.5209826788                
    -800.9702764         9372.016619        -10487.23953                
O              103                                                      
    -6.032253365        -1.112214801        -5.777108673                
    -1.455676741         3.129221574        -1.761224114                
    -3350.127802         3942.573238         1176.905408                
O              104                                                      
     4.326179188        -9.021656857        -1.145538656                
    0.3708901076         6.270759040        -2.958816015                
    -6598.640508        -14151.04027        -18229.83118                
O              105                                                      
     4.088787169         1.095485697        -6.518025790                
    0.1828286000        0.6540320973        -4.818291587                
     7770.038008        -2307.383823         7681.316553                
O              106                                                      
    -5.900423571         8.724340786       -0.3176033002                
    -1.483412970       -0.8886554250         1.932945269                
     27668.56228         2679.189350         8278.922581                
O              107                                                      
    -5.988459058         1.050955735       -0.3836845697                
   -0.3126931594E-01     1.631373317        -3.285328722                
     3209.117685         4642.628090        -9706.964785                
O              108                                                      
     4.244164901         8.969970010        -6.466810245                
     6.056407641         2.555301451        0.5423626051                
     1101.118324        -892.3075953         6981.809256                
O              109                                                      
     8.448143436       -0.9972712819        -1.169710721                
   -0.8321787545         5.704270555        -3.877818534                
    -4675.890345        -9990.750157        -7324.697559                
O              110                                                      
    -1.846130866        -9.348123537        -5.567904213                
     2.070012379        0.6860700156        -7.090220725                
    -4019.626574         6369.581130        -28439.05679                
O              111                                                      
    -1.917199112       -0.9490468277        -5.812687864                
    -5.573969332         2.912207923         1.757143166                
     13092.97271         10046.37346         20713.85982                
O              112                                                      
     8.453227705        -9.097346817        -1.272577892                
     1.095101673         1.696504565       -0.1638655067                
    -2220.750353         3124.417103         712.6396715                
O              113                                                      
     7.880306505        -1.148491036        -3.761074296                
    -3.035177001       -0.5472352301E-01    0.4601201236                
    -5417.451655        -6312.654362         2070.209978                
O              114                                                      
    -2.232154041        -9.194135936        -3.044777235                
     3.588955386        -2.981392553       -0.9424087454                
     21309.44533        -16081.06470        -10816.60771                
O              115                                                      
    -2.334309021        -1.077913722        -3.276722539                
    -5.068405432        -5.235645934         6.220452087                
    -1197.918812        -3391.596331         3323.471336                
O              116                                                      
     7.999651407        -8.958453459        -3.810250692                
    -1.407875864        -1.156662818        0.2117863164                
    -4833.356827         10623.58814         617.1537927                
O              117                                                      
     5.372288094        -1.039731736        -3.604324623                
    0.1255204938E-01    -1.303000062         2.184995673                
    -20463.09601        -429.0672864         10020.97417                
O              118                                                      
    -4.662838613        -9.099527645        -3.176531661                
    -2.413835814         5.338652018         3.479464155                
    -7186.414071        -6570.350970        -10329.31685                
O              119                                                      
    -4.820468360        -1.040297492        -3.507155414                
     4.025319029        -2.533185220       -0.5413152405                
     8917.486094        -511.5013926         13697.05936                
O              120                                                      
     5.413040924        -8.982469979        -3.535592813                
   -0.4813188985         2.197673677       -0.9499041988                
    -7335.281780         1646.992105         2592.414408                
O              121                                                      
     2.769589039         2.967326021        -3.522890230                
    0.1739933545        -4.356954014         7.137492631                
    -3046.153212         4545.166748        -4060.710371                
O              122                                                      
    -7.341543735         7.080834096        -3.363669194                
     3.689597186       -0.1768976888       -0.6653135549                
     14538.46137        -2778.169096         871.5225960                
O              123                                                      
    -7.351031100         3.106940650        -3.429045669                
     11.51747115         3.679398462        -1.591058219                
    -5564.617837        -657.6294444         3132.588221                
O              124                                                      
     2.877349886         6.976601886        -3.580508315                
    -4.647259033         1.823408949        -4.906288455                
     1793.075510        -5952.106675         5124.501461                
O              125                                                      
     4.174777406         3.053817536        -1.240429917                
   -0.1161924838         3.043178490         2.101232392                
     3676.486612         8107.003285         11086.67334                
O              126                                                      
    -6.012171094         6.908581620        -5.605878906                
    -1.221756632        0.5642811531         5.367015131                
     14612.11313        -554.3904600        -1566.093580                
O              127                                                      
    -5.970148220         3.096506843        -5.673713038                
    -1.291525745        -4.696588904         3.203282226                
    -4053.512338         490.9227031         9894.630163                
O              128                                                      
     4.090959160         6.928360707        -1.245256541                
     3.965871489       -0.1917346509        0.4169905782                
    -3918.783087        -372.3415123        -381.9228628                
O              129                                                      
     4.197331652        -3.340250558        -6.410404142                
    -1.955459293         2.826076907        0.3381804428                
     17238.55752        -4598.034013        -10668.73606                
O              130                                                      
    -5.837999337        -6.659321674       -0.4776029113                
     1.660245457        0.2047921284        -3.925776259                
     1634.839364         1633.884286         3189.059078                
O              131                                                      
    -5.822159209        -3.360664354       -0.4140457615                
    -5.685197716        -5.072523272        -1.994569294                
     7994.095986         834.9078622         3037.158945                
O              132                                                      
     4.233874859        -6.860179202        -6.685874907                
    -1.550456276        -4.561116696        -1.082466872                
     5574.667935         217.1539429         6931.764672                
O              133                                                      
     8.428241787         3.047623513        -1.377995064                
    -3.388242944        0.3712246526       -0.1650990160                
    -6177.327387        -4732.413567         10133.90033                
O              134                                                      
    -1.752100707         6.791488842        -5.557416241                
     1.459398035        -4.409992719         1.748497611                
    -4994.039016         9244.528872         922.6576340                
O              135                                                      
    -1.765538004         2.931053982        -5.650218548                
    -5.561772292         6.618850590         5.612924037                
    -18305.96063        -5180.440131        -11097.89696                
O              136                                                      
     8.288609166         7.126042230        -1.374680210                
     4.674823974         3.292509015        -3.712295724                
    -4863.777061        -3703.460541         10963.75036                
O              137                                                      
     7.762181653         3.000597120        -3.792078055                
    -9.378120800        -2.334305431         4.585917865                
     17181.75859        -2849.360098         879.2653266                
O              138                                                      
    -2.250743844         6.790081734        -3.036545062                
     3.747636860        -2.967248070        0.2802474983E-01            
     10818.75284         3298.425920        -8816.343607                
O              139                                                      
    -2.421510336         3.026584910        -3.154303090                
     2.320282843        -3.260163545         2.251867657                
     10538.85464         12019.68429        -2636.190661                
O              140                                                      
     7.905994002         7.004762518        -3.852281760                
    0.5490937240        0.8173567168         1.407555687                
     16302.73615        -1941.150547         1742.326520                
O              141                                                      
     5.267312086         3.029494021        -3.616784284                
    -2.727495176         2.006377880         3.033928836                
    -15772.30501        -26.32670539         10992.28072                
O              142                                                      
    -4.680111329         6.965993511        -3.358109570                
     1.182057472        -2.558782365         5.524626484                
    -28379.21586         6042.459898        -15994.56468                
O              143                                                      
    -4.844673809         2.974650025        -3.270155859                
     8.345783810        0.2637358436        -6.797044530                
    -19962.98086         7458.126927        -14408.23664                
O              144                                                      
     5.403110686         6.998438369        -3.604015613                
   -0.2232067138         2.741271364        -4.624509180                
    -1820.496337        -4861.022739         6959.881740                
O              145                                                      
     4.036071601        0.9059102868        -2.598914319                
     3.948333305         9.930674495         7.027151191                
    -125.3383887         21684.97273        -7649.954079                
O              146                                                      
    -5.918427672         9.054367516        -4.171666076                
     4.559522428        -4.797942290         8.656240873                
     6434.378108         166.2975307         1013.496098                
O              147                                                      
    -6.163237377        0.9674580610        -4.325838420                
     4.606821076        -2.562527308        -1.862526296                
    -849.0074483         14176.13845         6247.557097                
O              148                                                      
     4.249909273         9.047257154        -2.699155216                
    -2.501633574        -5.949794776        -4.716191593                
    -12532.12401         27400.35497         6144.669680                
O              149                                                      
     8.896465736        0.8846312394        -2.830830072                
     2.949251177        -1.699148463         3.001179886                
     6773.109524         5985.583506         3121.385757                
O              150                                                      
    -1.172831636         8.859014364        -4.066686952                
    -2.735196866         2.158435029        -4.742246984                
    -6769.433760        -862.9126873        -1747.350375                
O              151                                                      
    -1.245413037        0.9591757416        -4.133799518                
    -5.680767148        0.8936813095        -1.314191244                
    -5636.211054         10487.44821        -7376.539106                
O              152                                                      
     8.882860080         9.119939400        -2.865144853                
    -11.01482080       -0.4776101768        -10.20084597                
     10504.38755        -16254.26586         1877.468306                
O              153                                                      
     1.982591483        -2.708379737        -5.433275960                
     3.923158529         2.342543266         1.853508705                
    -11369.33508         3495.635445         6731.609714                
O              154                                                      
    -8.040026797        -7.608584498        -1.361875192                
     2.523780665         3.731688569        -3.741291455                
    -2100.016816         4001.293111         546.1365930                
O              155                                                      
    -8.048054830        -2.442434121        -1.361768600                
    0.4087419672        -2.014739795         3.674130922                
     1931.877695        -770.2580605        -2341.971840                
O              156                                                      
     2.078283903        -7.581318864        -5.490369348                
    -5.621557811         6.295941929        -2.949199345                
    -5363.721482        -33731.31769         21238.79598                
O              157                                                      
     1.958435451       -0.2579774041        -5.712343673                
    -2.367131427         1.182611549        -5.866925599                
     29.64789090         13800.96328        -7.118224613                
O              158                                                      
    -7.888879631         10.04424548        -1.101740677                
    -4.350755800        -1.148392891         1.635557137                
    -3710.712631        -3123.489986        -2104.884774                
O              159                                                      
    -8.184482491        0.3309752677E-01    -1.322394101                
   -0.6364512861E-01    -9.840402645        -2.036053813                
     13261.39053         9521.926625        -10122.72033                
O              160                                                      
     2.105907921         10.04023483        -5.558242838                
     3.058003211         1.531400601        -2.264757401                
     5830.273417        -13859.10529        -5889.875738                
O              161                                                      
     2.016361685         2.325227226        -5.775632266                
   -0.8371381056        -3.301802201         3.067511822                
    -3290.079098         3410.326816         3665.813924                
O              162                                                      
    -8.033880766         7.545067611        -1.097363134                
    -7.255683581        -4.236147282        0.2822010114                
    -1452.803030        -6126.939221        -5.591171420                
O              163                                                      
    -8.028991915         2.579460522        -1.140957304                
   -0.6499753571         1.811423082        -1.762130639                
     4498.560511        -701.4182617        -8350.118563                
O              164                                                      
     2.191199419         7.428423643        -5.820062331                
    0.6100694819         5.590231885        -1.994310287                
    -1261.775829         21216.65877        -10404.36147                
O              165                                                      
     6.483131682        -2.581983460        -5.454988056                
   -0.8440732711       -0.3836493460        -1.905087395                
    -12604.73216        -14710.39078        -19852.46498                
O              166                                                      
    -3.583347359        -7.700105026        -1.303628464                
    -2.303715679        -4.334286504       -0.9756790287                
    -1342.487240         10169.27618        -1710.578698                
O              167                                                      
    -3.752638453        -2.551410501        -1.597842514                
     6.344741303        -1.749637555        -2.363795219                
     204.6966842        -16367.68456         20626.48133                
O              168                                                      
     6.411388556        -7.440039882        -5.404711260                
    -7.934146389        -2.300959345         6.410595534                
    -4200.130585        -7037.291247        -5535.645620                
O              169                                                      
     6.263596449       -0.8621914421E-01    -5.662504256                
   -0.7532310383         5.867809094         4.520778934                
     264.2253325        -2718.058729        -3661.986232                
O              170                                                      
    -3.807545348         10.06431501        -1.093432824                
     3.553025269        -1.810940770         7.258377400                
     5562.249144        -27971.61903         15550.34447                
O              171                                                      
    -3.878801117       -0.1022257828        -1.390587331                
     2.928792443        -2.568501793         4.707150310                
    -3657.681413         3098.647740         17308.59447                
O              172                                                      
     6.390617500        -9.987478588        -5.538300268                
     1.295905106        -3.186352866        -2.025196743                
    -6826.687781        -9172.230406        -13292.23488                
O              173                                                      
     6.197335656         2.416771687        -5.754617674                
   -0.6120297785         8.714486403        -2.604176724                
     2065.728072         18103.19531         3066.895819                
O              174                                                      
    -3.855692283         7.513130135        -1.093979257                
    -2.033112960        0.9526906260        0.2627611267                
     5369.280717         16002.79104         5875.058608                
O              175                                                      
    -3.892902728         2.381470455        -1.121396281                
     7.194219212        0.5813321818        -6.341045690                
    -3582.283679         2720.038082         4786.408544                
O              176                                                      
     6.285808754         7.539526271        -5.802337404                
    -4.763961280         4.584897650        -5.080561951                
     4274.279164         18537.25150        -4560.719394                
O              177                                                      
    -9.890129018        -1.137937436        -2.799170374                
    -6.217913138        -1.018078404       -0.2995456095E-01            
    -10651.87435        -1369.057325         7161.532512                
O              178                                                      
    0.2505594611        -9.166220537        -4.144878662                
     1.619498389        -5.999930176        -3.368157639                
     7204.849120        -4087.989449        -9580.286165                
O              179                                                      
    0.9436092824E-01    -1.155816060        -4.272835908                
    0.9870960829         4.563568641         1.055122453                
     21754.83720        -6403.515377        -6528.820479                
O              180                                                      
    -9.794822870        -9.173277291        -2.613522998                
   -0.3636902839         2.058148287         1.721476015                
     14521.75467         6054.591510        -846.3211211                
O              181                                                      
    -9.921845980         3.121117822        -2.734209190                
    -5.403432542         4.567944153         1.437407745                
    -2389.061385        -8297.304578        -10727.65956                
O              182                                                      
    0.3295412585         6.809078478        -4.171744322                
    0.1748042141E-01    -6.990773956         3.879704492                
    -25649.29332         5236.579731         4040.190402                
O              183                                                      
    0.1351914842         3.086464271        -4.248439902                
     1.383233589        0.5821473473         3.324834887                
     18802.05717         1428.761128         8934.162373                
O              184                                                      
    -9.898658685         7.002634699        -2.761062143                
     1.862423910         5.202583387       -0.5392241175                
    -2854.974901        -2179.480074         4055.797756                
O              185                                                      
     1.754896889         4.904430717        -4.894660803                
     1.306114830         3.273367448         4.740569158                
     10605.43571         7054.376377         3536.277162                
O              186                                                      
    -8.271400895         5.087029635        -2.122450656                
    0.3829399356E-01     4.239173385         3.284361898                
    -14502.77277        -8217.326236        -5145.496239                
O              187                                                      
     6.549414282         4.999433160        -4.762338862                
     4.085673361        -5.368215594        0.7151826256                
    -3001.394747         10614.47889        -5923.348881                
O              188                                                      
    -3.756398057         5.007257259        -1.974084602                
    -6.920523711        -8.799172181         2.315021108                
     4841.312329        -10445.59983        -15069.36200                
O              189                                                      
     6.059444233        -5.094499479        -6.503433901                
     3.671034478         4.278634983        -4.831442868                
    -4168.711311         27984.38621         4504.636819                
O              190                                                      
    -3.924550538        -5.083008432       -0.6039123161                
    0.4513092095E-01     6.536195449        -4.962853689                
    -1363.391672        -10444.21488         1678.996970                
O              191                                                      
     2.503826217        -5.136960360        -6.455107227                
   -0.1838685422        -6.303541028        0.6114247423E-01            
    -4304.728585        -16461.97525        -3916.179486                
O              192                                                      
    -7.687390717        -4.963418370       -0.5118156106                
    -6.921338502         5.892633831        -5.529062333                
     1733.232196        -6277.473239        -395.4766661                
O              193                                                      
     7.678298241         1.407102084         3.195612303                
     5.192080394        -1.062986283        -2.523351723                
    -18596.05627        -7562.729169         23411.69613                
O              194                                                      
    -2.643114578         8.870766928         3.546087965                
    0.2034823631         3.093272081        -3.087558581                
     1039.839499         1131.067236         5150.047974                
O              195                                                      
    -2.481704360        0.8992678625         3.294747399                
    0.6129231028        0.9482688965        -1.309757833                
     1531.028488         10805.66344         1168.456170                
O              196                                                      
     7.584692699         8.984522373         3.222609474                
    -2.716469029         1.673862123         2.565825103                
    -432.4358477         4153.918257        -321.6531277                
O              197                                                      
     6.129907693         1.145454765         5.523418403                
    -3.155801162         4.047508595         1.787234858                
     9266.635772        -5007.156139        -2416.158805                
O              198                                                      
    -4.021122359         8.786965539         1.352444179                
    -4.928763086        -5.867185904         2.381081632                
     3045.047451         5401.110013        -26940.08422                
O              199                                                      
    -4.016332468        0.9173945336         1.114512110                
     3.916102365         1.878998355        -3.648598355                
     6477.455004        -5983.784515         3319.022368                
O              200                                                      
     6.204508392         9.137048746         5.587685044                
     1.053054952         5.199689165         1.344975422                
     2685.373200        -8278.002585         19989.92797                
O              201                                                      
     6.234098213        -1.362203973        0.2043153764                
    0.1804821528        -2.628228502         2.101957872                
    -1748.809011         7344.489916         4440.999951                
O              202                                                      
    -3.922752549        -9.075130792         6.482288407                
    0.3169620185         7.265284758        0.3263167018                
    -3454.104804         10608.27573        -1395.226764                
O              203                                                      
    -3.990361428        -1.338336364         6.395411090                
     4.911382847         2.932982211        -3.536354046                
     3934.689941         12264.94528        -4203.741565                
O              204                                                      
     6.293021279        -8.826430436        0.2805352003                
    -3.573049262        -5.646019273         4.949916345                
     21000.81752        -6853.353630         1808.214911                
O              205                                                      
     2.049232606        0.8081459541         5.582616498                
     6.039893034        -9.766028209       -0.8832280984                
    -2074.021502         9780.913159         4267.036707                
O              206                                                      
    -8.116680432         8.887478041         1.142495144                
    -7.154937108        -1.312486735        -4.324244754                
     8436.268907         8047.673303         10516.19927                
O              207                                                      
    -8.133367282         1.022526883         1.030558581                
    -4.343362141         4.649734649        -3.365017121                
     6108.771597         7001.395500        -7206.749502                
O              208                                                      
     2.168701574         9.052740722         5.611298939                
    -2.624540353         3.377868769         2.547456911                
    -8672.826221        -3609.950687        -5584.216983                
O              209                                                      
     2.579429919        0.9459983117         2.991255066                
    -4.074877313         1.349797095       -0.9414487653                
     13474.16190         9289.861377        -3092.451052                
O              210                                                      
    -7.770221057         8.927765040         3.751577950                
     3.223887365         2.371449093         6.619691170                
    -1148.939110         10205.07442         7284.314675                
O              211                                                      
    -7.572200515         1.144617561         3.564938767                
     5.732380354         9.933662771        -2.610479191                
    -196.1531193        -6035.606639         1843.932357                
O              212                                                      
     2.504748871         9.020178238         3.012443305                
    -3.056363001        -6.108799909         3.283009241                
     4548.911809        -10372.21271         3757.791548                
O              213                                                      
     5.159088776        0.9587968785         3.067029877                
    -4.377031967        -7.989974061         1.390041335                
     6006.932403         7764.577626         4782.370638                
O              214                                                      
    -5.300220638         9.061535865         3.606815752                
     1.940307463         3.424605737        -6.603619620                
     5773.715952        -3049.052741         7193.880732                
O              215                                                      
    -4.997838391         1.005372062         3.503419616                
   -0.3493375993        -3.980322797       -0.9099095836E-02            
    -9474.935061         210.8974135         1233.545671                
O              216                                                      
     5.063415179         9.057056886         3.218630011                
    -4.875467522        -4.163904426       -0.5214289516                
    -745.7770249        -7063.522740         7228.719502                
O              217                                                      
     7.698409544        -3.011825513         3.358639829                
    -3.277906267        -1.731188529        -2.615469053                
    -4437.181223         856.8497349         6350.542606                
O              218                                                      
    -2.578747103        -7.176063881         3.534618522                
    0.3685756983         6.753228678        -7.659619958                
    -9533.699736         663.1436265        -965.3380381                
O              219                                                      
    -2.482621762        -3.175550931         3.278236291                
    0.4686781230         1.908101252         1.188956849                
    -11634.61802         2522.577192        -4322.931954                
O              220                                                      
     7.666071753        -6.979993325         3.189308567                
    -2.224927967        -3.820297654         2.090706067                
     1708.318374        -227.0156837         1690.360426                
O              221                                                      
     6.148985882        -3.002534088         5.527637925                
    0.7299019137         6.577111584        0.4571135659                
     6170.505909         13800.76700         3721.984459                
O              222                                                      
    -3.900803053        -7.125776586         1.149907397                
    -6.599348237         3.855400722         1.076413018                
     2451.155638         3884.032542         803.1964723                
O              223                                                      
    -3.825030646        -3.201966825         1.049124602                
    0.4839481493        -5.384954154         3.133678574                
    -3271.211584         6935.191164        -13393.71001                
O              224                                                      
     6.317263354        -7.044310352         5.558278832                
   -0.3257120732E-01    -2.496822536        -4.963895693                
     4238.671069        -10022.53321        -22040.43775                
O              225                                                      
     6.227445812         3.369189338        0.1007601357                
     1.125510513         4.526169730         5.036642651                
     24098.02960         7294.728385         2355.951864                
O              226                                                      
    -3.916048957         6.632509193         6.494642671                
    -4.743888897       -0.3708160865        -4.148647889                
     7923.242031         3296.087055         6022.718522                
O              227                                                      
    -3.931499305         3.225588422         6.495061434                
    -1.693169943        -5.832010850        -5.139861158                
    -18443.53971        -173.7228612         1278.043474                
O              228                                                      
     6.066104197         6.685466327        0.2089990920                
    -9.018365098        0.8291991372        -5.068001590                
    -4835.242031        -1894.309407        -3257.108848                
O              229                                                      
     1.995530176        -3.162005394         5.633251951                
    -2.144530381       -0.9921225423        0.7767698456                
     1963.636719         8018.434613        -583.7999412                
O              230                                                      
    -7.950206046        -6.948906391         1.122146078                
     2.218286205         6.058285435         1.077322960                
    -2482.955228        -7790.271138        -6161.989928                
O              231                                                      
    -7.979279189        -3.005489797         1.133506331                
    -2.528113824        -5.694076183        0.2390512543                
     3848.347376         1266.456018        -1123.203031                
O              232                                                      
     1.992213753        -7.224174893         5.629008281                
    0.7542040491        0.5993587100        -4.125009140                
    -7874.445519         2439.240380        -17167.71073                
O              233                                                      
     2.635854709        -3.147824436         3.152929296                
   -0.1219681125        -2.228113991        -8.002429165                
    -18521.25076         9004.690250         16459.15024                
O              234                                                      
    -7.598052720        -7.104690465         3.650081119                
    -3.088507822       -0.6362407321         2.587875209                
    -15877.72131        -3969.838283        -2546.833226                
O              235                                                      
    -7.445970782        -3.141518910         3.581243007                
   -0.6707205962        0.8427459383         1.908645674                
    -10219.15024         4296.275873         2641.275643                
O              236                                                      
     2.492218668        -7.049501124         3.177990971                
    -3.820247748         3.931902107         8.387923236                
     15268.10049         8973.726258        -17382.52994                
O              237                                                      
     5.157515070        -3.022273722         3.237515876                
    -9.266019378        -2.618713177        -1.599689168                
     14136.88066         16578.39487         10842.65951                
O              238                                                      
    -5.139647163        -7.134249264         3.384664381                
     1.414793892         3.193200000        -3.054769600                
     9754.192178        -4032.632867         7704.317748                
O              239                                                      
    -4.961835240        -3.228768021         3.410825400                
     4.216178787        -1.495903836         4.221673333                
    -11815.52969        -3528.806461         7421.404553                
O              240                                                      
     5.105390110        -7.030989592         3.219292296                
     2.601189603        0.2122628697E-02     4.577283397                
     12884.94111        -7128.960641         8902.821468                
O              241                                                      
     6.592764992       -0.8105095093         4.006407357                
     5.992514700       -0.7887999144         2.974520083                
    -5819.037698        -7506.705260         8000.236006                
O              242                                                      
    -3.890789317        -9.227486946         2.636248727                
    -1.469285382        -6.979854499       -0.7259510177                
     3960.390647        -24128.35599         6427.032266                
O              243                                                      
    -3.828127162        -1.084569925         2.576996751                
     4.323557380         1.833822878        0.3130538647                
    -3853.790193        -20937.15111        -4309.673103                
O              244                                                      
     6.442221131        -9.116626167         4.076312604                
    0.9723938584        -1.251711328        -3.104074340                
     323.9366327         11489.26020        -8895.863970                
O              245                                                      
     1.449590911        -1.051822489         4.021286773                
     2.487988481       -0.2800402446        -4.468520991                
     4210.707287        -18208.84673         11576.89539                
O              246                                                      
    -8.628643495        -9.143219251         2.544802950                
    -4.093998692        -5.559024054         4.565088047                
     1493.022943        -5889.741652        -25.17401324                
O              247                                                      
    -8.560258132       -0.9337266302         2.611793731                
    -3.919526624         2.827451804        -2.022028812                
     5709.812537        -9036.087950         2549.588513                
O              248                                                      
     1.490668639        -9.152625182         4.104153778                
   -0.3821331251        -5.120530734         1.207734605                
    -12624.16170        -11567.77541        -2195.035506                
O              249                                                      
     8.420248677         2.663381189         1.179385126                
     2.044952340        -1.669133411       -0.3269804508                
     6584.555126        -931.8697850        -9336.094272                
O              250                                                      
    -1.693294717         7.487850743         5.505478434                
    -2.356756302        -1.947068892        -8.034614873                
    -10956.26665        -16268.86957         15102.31000                
O              251                                                      
    -1.776803288         2.417035316         5.353733033                
    -1.353288342        0.5130020117         3.684322046                
    -4339.502616        -1129.500271         6985.480539                
O              252                                                      
     8.281417364         7.694603807         1.089537184                
    -2.113046464         1.188491776        -8.053631559                
     3116.632785         9420.224590         13789.45617                
O              253                                                      
     8.267490131        0.7817327070E-01     1.159288618                
     2.638207642         3.244415181        -3.141426442                
    -3946.095322        -881.1186338        -5546.379240                
O              254                                                      
    -1.793284052         10.03307091         5.560382734                
     6.496914808       -0.6094396486E-01    -5.067881230                
     3175.728482        -12333.93358        -6653.102811                
O              255                                                      
    -1.899490438       -0.8977022046E-01     5.410014266                
    -2.132350555        -5.301011754         2.675892496                
     3150.895863         9591.698456        -476.5047075                
O              256                                                      
     8.384625307        -10.04667542         1.109638402                
     1.473186295        0.5477964331         6.625438420                
    -7866.549704         28067.98016        -16317.69418                
O              257                                                      
     8.389548463        -2.515468863         1.097866331                
    -2.308670850         4.230627715        0.5894756675E-01            
    -3279.113748         14138.63211        -11424.03056                
O              258                                                      
    -1.849523146        -7.621499614         5.812038326                
    -2.617916282         2.735042597         5.988191307                
    -6095.253975        -10197.00472         7065.283623                
O              259                                                      
    -1.943162723        -2.589724297         5.646492567                
    -3.694961707         1.780167781         3.788422981                
     6566.884098         4106.275270        -7783.563204                
O              260                                                      
     8.368887323        -7.491832533        0.9064000369                
     6.268951324         4.474488060         1.886850254                
     956.5620768        -6124.799601        -1217.852333                
O              261                                                      
     4.138310426         2.416404088         1.234139149                
    -1.917642763       -0.6184280225        -2.289738803                
    -4280.283554        -10726.65815         12356.22528                
O              262                                                      
    -6.149102299         7.579569111         5.524946130                
     2.005374850         3.451365109         3.827641412                
    -3097.563982         549.5890700        -233.6530585                
O              263                                                      
    -6.105696559         2.398285988         5.389450137                
    -6.935213107        -1.183651812         4.099258601                
     246.1331662         14147.75549         11089.51682                
O              264                                                      
     3.943965244         7.578260374         1.271758985                
    -2.757189204       -0.1849542369E-01     6.064419122                
    -10220.38027         5466.253093         14934.31178                
O              265                                                      
     4.060078213       -0.1442407970         1.101855163                
    0.7601658311        -1.691314822         4.647104180                
     6130.838783         2208.997966        -1720.429006                
O              266                                                      
    -6.143947548        -10.09283260         5.714000881                
    -1.681563101        -11.80076737       -0.8905262033                
    -14112.92490        -12003.53923        -11071.79625                
O              267                                                      
    -6.035887275       -0.1020881403         5.421276722                
    0.4640480354       -0.8095058835        -2.016580662                
    -5544.927250        -2280.663545        -972.3740163                
O              268                                                      
     4.182890580         10.06653093         1.243168815                
     2.192235601        -4.181795481         7.793979746                
     3072.234449         1156.485817        -10793.05200                
O              269                                                      
     4.183577767        -2.670767479         1.075988252                
    -5.340506423        -2.413771212         7.680620351                
    -2128.629414         14521.96452        -9012.419904                
O              270                                                      
    -5.938110837        -7.664607100         5.646111385                
     6.686845886         2.987199982         5.464599238                
    -3764.479612         3317.025390         6201.893738                
O              271                                                      
    -5.945153633        -2.641380270         5.622189266                
    -3.302956287        -10.03167485         6.710002618                
    -12849.20850        -8386.418669        -7271.154905                
O              272                                                      
     4.071215743        -7.612860066         1.104870252                
    -5.492513177        -2.686723703        -1.135905342                
     9386.251644        -3498.287244         3825.196147                
O              273                                                      
    0.3226357462E-01     1.008583506         4.074604179                
     2.914757933        -9.901902899       -0.6574659137                
     10130.56849         2812.764716         3587.114606                
O              274                                                      
     10.09350180         9.038574581         2.501908775                
     1.059376323        -6.166059939         5.081543943                
     17667.49602         1621.833835         7561.248567                
O              275                                                      
    -10.14248676         1.133722934         2.538312091                
    -2.013507857        0.8212405874        -3.786920625                
     2267.104516         3928.455086        -6078.899478                
O              276                                                      
    0.3484679159E-01     8.902573680         4.180053387                
    -2.675801827         3.688779153        -1.163753888                
     982.4144770         3062.998692         694.7793292                
O              277                                                      
   -0.1084001134E-01    -3.154056684         4.045830573                
     2.401325434         5.987605071        0.9572537421E-01            
    -1182.290489        -4448.885342         12999.73507                
O              278                                                      
    -10.07293219        -7.044200050         2.421564467                
     1.526659105         7.839703255         4.881520445                
    -4393.154211         1724.346411         11464.58696                
O              279                                                      
    -10.03823568        -2.958779225         2.737151315                
    0.2355002388       -0.2860924358        -1.755844085                
     10861.49883        -8845.075065        -3262.370004                
O              280                                                      
   -0.3305367266E-01    -6.938449264         4.154484192                
     6.754840362        -1.371980346        -1.614769701                
    -1655.265304        -9295.001404         3052.101526                
O              281                                                      
     8.857437484        -4.969578608         1.990410043                
    -3.849874221         2.714620817         2.120942312                
    -6762.749355        -6324.129719         12774.82992                
O              282                                                      
    -1.645518321        -5.087758941         4.735425631                
     1.956299031        -1.074278620       -0.3627223825                
     674.2578206         10195.30922         442.7881393                
O              283                                                      
     3.863174982        -5.102381848         2.200217171                
    -2.700711379         2.022030028        -2.218577090                
     3959.191865         17176.01232        -3116.820190                
O              284                                                      
    -6.222270786        -5.186482109         4.653750169                
    -2.266132168        0.3661338950         5.528005446                
    -2900.730908         12706.80284        -602.3701927                
O              285                                                      
     4.232430026         4.938241158        0.5128883638                
     4.425424517       -0.9773962061        -1.679510423                
     1483.602492         28770.80959        -4904.076020                
O              286                                                      
    -5.725834175         5.017319204         6.199967093                
     1.889827879         2.523094065        -4.352992072                
    -4357.394249        -21660.76269         8882.538152                
O              287                                                      
     8.075305947         5.133784662        0.2242141398                
    -2.848943718         6.516286424        -6.778279987                
    -9817.072622         653.8490939        -6975.721669                
O              288                                                      
    -2.140631964         4.876909595         6.458151328                
     4.776715944         1.659588785         2.533920677                
     2822.571962         15465.90605        -9699.941589                
C              289                                                      
    -8.538591341         4.850167620         1.389606416                
    0.1472095773        -1.801927096         2.926350889                
    -33.44399459        -38.63654390        -94.45656976                
C              290                                                      
    -7.269228417         5.042996963        0.8315308204                
    0.4538034963        -1.442788003         3.747801446                
     210.3678767         37.74541219         325.7333345                
C              291                                                      
    -6.187033469         5.379809765         1.653364885                
   -0.5640188267        0.7209306836         4.201316382                
     6.134806546         143.1526699        -69.98907350                
C              292                                                      
    -6.374201444         5.523793222         3.033274545                
    -1.888435069         2.525510278         3.833380763                
     68.68323877         77.63529195        -164.3036025                
C              293                                                      
    -7.643564370         5.330963878         3.591350141                
    -2.195028987         2.166371184         3.011930205                
    -37.60380364         15.69603557        -138.8109491                
C              294                                                      
    -8.725759317         4.994151077         2.769516077                
    -1.177206664        0.2652497518E-02     2.558415269                
     37.98932769        -24.02677784        -35.30641215                
H              295                                                      
    -9.373427445         4.590340601        0.7556201373                
    0.9323867987        -3.471081513         2.576496509                
    -44.29776957         18.74690724         68.66308643                
H              296                                                      
    -7.124829680         4.931924413       -0.2329869026                
     1.475509479        -2.834904184         4.031647306                
     2456.789447        -167.1665823         4053.857101                
H              297                                                      
    -5.207798627         5.528564233         1.222833440                
   -0.3274900644        0.9979689191         4.835016624                
     117.2847541         35.73030074        -166.0972464                
H              298                                                      
    -5.539365341         5.783620241         3.667260824                
    -2.673612289         4.194664694         4.183235143                
    -60.99509751        -181.2256512        -363.7331047                
H              299                                                      
    -7.787963106         5.442036429         4.655867865                
    -3.216734971         3.558487367         2.728084346                
    -71.35611011         3.099558229        -215.8424625                
H              300                                                      
    -9.704994158         4.845396609         3.200047523                
    -1.413735428       -0.2743857351         1.924715029                
    -67.80320834        -20.01088740        -111.3449048                
