Diffusion in Zeolites. ZSM5 (Silicate) Crystal Structure, Si(96)O(192) +
         2         2       300    133340   1.0000000E-03   1.3334000E+02
       20.3183600000        0.0000000000        0.0000000000            
        0.0000000000       20.1714600000        0.0000000000            
        0.0000000000        0.0000000000       13.5858629500            
Si               1                                                      
     1.614376579        -1.219760233        -4.783185852                
     7.321303241         1.664669307        -1.613618615                
     8473.685871        -14347.20211        -7360.640903                
Si               2                                                      
    -8.418225418        -8.861839138        -2.173610780                
    -3.195686812         1.225941656         4.386786442                
    -1523.684055        -6776.099315         17697.46148                
Si               3                                                      
    -8.481275114        -1.206954401        -2.092408069                
     4.649586436        0.8526482786         2.674094749                
    -5956.540405        -13480.58087        -13723.62235                
Si               4                                                      
     1.666572332        -8.882437819        -4.695551528                
    0.5044615533         3.671633625         5.247200087                
     5222.968989         25.55786852         14118.08300                
Si               5                                                      
     4.032943352       -0.6939781692        -2.860083466                
    0.8746046843       -0.3819537384        -2.663539477                
    -18562.65662         16938.54626         7353.717976                
Si               6                                                      
    -6.083062052        -9.539201704        -4.103391445                
     1.513794647        0.8144303450        -3.016533060                
    -3564.710766        -12505.50364        -9736.493905                
Si               7                                                      
    -6.081340963       -0.5051017406        -4.046775366                
    0.1458993796       -0.7196669342         1.523068788                
    -20958.98134        -34092.58303        -590.0104136                
Si               8                                                      
     4.141828080        -9.557215663        -2.816859833                
     1.350902657         1.760911634         2.490960619                
    -7668.070283        -1289.776732         383.2072252                
Si               9                                                      
     5.752191864         1.190052402        -6.491161547                
    -3.843088708        -1.907454419        -1.399303590                
    -26296.68259         1653.423708         56.47404305                
Si              10                                                      
    -4.372935145         8.751324694       -0.2579513728                
    -3.056673882         2.515054560         3.661874647                
     6759.668577         4807.268198        -5955.493724                
Si              11                                                      
    -4.467095574         1.153729323       -0.3266053188                
     5.166003762        -5.610820048        0.4888567450                
     8238.183714         130.2462805         1685.190415                
Si              12                                                      
     5.740368468         8.706880621        -6.525482959                
     4.370142925       -0.4097106393E-01    -3.418342853                
     3061.667331         27520.68648         1244.016750                
Si              13                                                      
     2.506137064         1.235077511        -6.516968798                
     2.216901860       -0.9038673662         3.387422930                
     26706.08140         7055.524403        -4632.743072                
Si              14                                                      
    -7.564544673         8.802506244       -0.3731076154                
    -2.682791228        -2.436020909         1.306432587                
     10372.61403         1490.824205         6671.069544                
Si              15                                                      
    -7.656139299         1.261435800       -0.3351331151                
     4.191953886         3.921627956         3.805276520                
    -2102.598565         1060.129968        -4968.786807                
Si              16                                                      
     2.550027295         8.874270488        -6.529834418                
    -4.298655544        0.7533841936         1.267160121                
    -9774.343279         1889.305762        -3784.221801                
Si              17                                                      
     8.862774731       -0.6595919859        -2.750133382                
     2.668844929         1.751322021       -0.5186298243                
    -1201.546726         2046.267030         8498.810606                
Si              18                                                      
    -1.387299111        -9.451877517        -4.242527686                
    -5.618376275         2.102856012       -0.8298510771E-01            
     20865.73425         69.77396465         8234.647118                
Si              19                                                      
    -1.406266164       -0.7422151043        -4.297718790                
    -1.051542539        0.9234211522       -0.4695597273                
    -22957.70899         1524.737740        -10831.53730                
Si              20                                                      
     8.937414375        -9.497006113        -2.645827368                
   -0.4440530026         1.772550874        -5.602668235                
    -1389.323915        -16941.55039         9136.352215                
Si              21                                                      
     6.521679294        -1.245958297        -4.693135708                
     4.723668186         3.189695953        -3.039760491                
    -4099.173636        -5454.399595        -3420.380514                
Si              22                                                      
    -3.674671805        -8.971882358        -2.189633281                
    -6.120027395         1.029144136       -0.4875236774                
     3706.339538         8966.145774         13035.72198                
Si              23                                                      
    -3.625824652        -1.332823191        -2.210177795                
     5.386690369         5.869936541       -0.3008818456E-01            
    -6674.339507         16484.65192         11897.83831                
Si              24                                                      
     6.661735155        -8.997486711        -4.673857354                
     2.038777730        -3.871873131         3.227712873                
    -7250.592098        -4941.281419        -9629.330431                
Si              25                                                      
     1.448830244         3.481336960        -4.566626262                
    -3.442950426        -1.990411210       -0.6688459126                
    -5623.644282        -11002.60645         8631.566391                
Si              26                                                      
    -8.459574479         6.555317140        -2.361805337                
     2.198991757        0.7898674281        -2.412926603                
    -11482.12603        -4401.521657         892.5397880                
Si              27                                                      
    -8.556659844         3.443083759        -2.424729563                
    -1.462812334         5.109359186        0.9270841812                
    -5259.681898         6826.749390         32272.48255                
Si              28                                                      
     1.590360654         6.568984376        -4.642256609                
     2.516443884        0.2759086370         3.598227176                
    -10597.68094         12280.25955         10071.55383                
Si              29                                                      
     3.875693160         2.524643404        -2.810834751                
     1.707086361       -0.3692649257       -0.9667734717                
     1919.563557         15849.27404         9761.784021                
Si              30                                                      
    -6.002424700         7.443696705        -4.075217655                
     2.863109472         1.455684441        0.9179344615                
    -14209.15505        -7850.081975        -19137.50278                
Si              31                                                      
    -6.223777914         2.595897145        -4.229411236                
     6.071579672       -0.6209056424        -4.080206685                
     1335.547629         10459.95461         812.3883411                
Si              32                                                      
     3.965665779         7.451188678        -2.735392719                
    -2.094467716         3.737844545        0.4968632719                
     17307.98212        -5212.053274        -1363.270722                
Si              33                                                      
     5.907047064        -3.575849208        -6.580690563                
     1.577837072        -1.080421685         6.768448389                
    -17561.95060         7649.980976        -2179.057618                
Si              34                                                      
    -4.310223548        -6.620515488       -0.2281111189                
     1.291945433         3.494032672       -0.5715854262                
     13234.92671        -10776.59939         1654.670286                
Si              35                                                      
    -4.438365262        -3.514063719       -0.1673919069                
     2.530956811        0.7035965701        -1.058244344                
     22122.09229        -10653.56454        -7338.898547                
Si              36                                                      
     5.829129857        -6.598674025        -6.512053868                
     2.666954823         2.683127178         2.234805305                
    -1242.389629        -10833.27372        -4420.825013                
Si              37                                                      
     2.708030485        -3.531809023        -6.699966905                
    -1.980314713        0.5773390530         1.928055394                
    -13348.10547         4665.408257         19267.55434                
Si              38                                                      
    -7.436169783        -6.624152378       -0.2448480950                
    -1.323265643         2.142661503         2.278426305                
    -7754.476175        -6368.469639        -559.0142907                
Si              39                                                      
    -7.575583505        -3.491921775       -0.1495782889                
    -2.871886622        -3.230329225         2.458886111                
    -18887.10811         398.4399013        -6079.877025                
Si              40                                                      
     2.662223222        -6.607929160        -6.533410923                
    0.8776502225        -2.045648109        -2.070825035                
    -15835.01101        -11333.54551         10475.13355                
Si              41                                                      
     8.799442817         2.500145212        -2.674632232                
    0.5276829847         1.840182155         4.946624551                
     5965.959048         2474.885504         10130.36766                
Si              42                                                      
    -1.366555757         7.519246517        -4.192548986                
   -0.4322897218        0.3845272798E-01     5.733132018                
    -14113.57337         8484.089741        -5275.893847                
Si              43                                                      
    -1.469479009         2.399726582        -4.301101249                
     3.299551355        -4.884817878        -3.686289839                
    -9696.689025         8824.244165         22603.88851                
Si              44                                                      
     8.839094473         7.468127924        -2.583076147                
    -3.542494626       -0.3957099075        -4.624736568                
     15107.27000         16616.39190         991.4009435                
Si              45                                                      
     6.431709911         3.389566745        -4.500511669                
    -2.287215182       -0.2802829458        -1.695582479                
    -4159.058710         28889.38098         15534.92823                
Si              46                                                      
    -3.639696795         6.505817589        -2.194993435                
   -0.5493845212         5.525188711        0.1385396390                
     7554.877524         8079.130218        -17409.68421                
Si              47                                                      
    -3.760110465         3.412635067        -2.370028818                
   -0.1179024037E-01    0.7691363289         3.657563397                
    -14641.56501        -6882.450984         1094.907422                
Si              48                                                      
     6.495311676         6.556321451        -4.466748315                
     6.313246900       -0.8317089161         1.726963066                
     5525.457577        -11299.86978         6739.658744                
Si              49                                                      
     8.515066006         1.245209501         2.185688666                
    -4.207258337        -2.703112697        -2.887921497                
    -14240.18659        -313.5628960        -19207.09736                
Si              50                                                      
    -1.494169991         8.795167990         4.516942901                
    0.5395979828         1.701472740         3.472632159                
    -13147.45325        -1086.929525        -17705.42948                
Si              51                                                      
    -1.548782494         1.156942492         4.513590808                
    -2.391947940         1.736443480         1.642018750                
     8897.324886         7460.974089         7463.839143                
Si              52                                                      
     8.492796195         8.781778937         2.057853898                
    -3.280175565        -1.646126931         4.991899505                
     10226.90985        -2928.609884        -12545.89474                
Si              53                                                      
     6.220277305        0.5322058693         4.160416287                
    -2.465949861         3.040724731         5.691646146                
    -781.9991050         11347.95809        -18420.65681                
Si              54                                                      
    -3.958825143         9.509061790         2.736756817                
    -1.254305505         4.054936973         2.957928280                
     9606.993871        -4970.396714        -10790.48639                
Si              55                                                      
    -3.931229962        0.5791550420         2.694838108                
    -5.444985835        0.6003735663        0.3857046577                
     1214.109914        -11136.58495        -3769.133236                
Si              56                                                      
     6.260577156         9.430070009         4.092111220                
     1.275723407         3.009291724       -0.1818715039E-01            
     6798.800344         13121.24008        -11682.81115                
Si              57                                                      
     4.576343799        -1.166142262        0.2198616167                
     4.739546172         3.000032310        -2.477447651                
    -13906.85391        -6706.627293        -1350.687260                
Si              58                                                      
    -5.692699958        -8.883734245         6.440504926                
    -6.187264391       -0.1321730806        -1.268721761                
    -19056.47914         4572.098675         19138.56932                
Si              59                                                      
    -5.767227269        -1.264018803         6.509482559                
     1.106058703        -5.035798386        -4.923033539                
     2652.622257        -17351.44493        -4471.888172                
Si              60                                                      
     4.566166833        -8.792726070        0.2050089535                
    -8.784342313        -1.943851906         1.162693401                
    -6328.426772         4910.139134         2068.618970                
Si              61                                                      
     7.747379366        -1.138740881        0.1849646176                
    -4.997968699         4.002771100        -1.847199782                
    -3618.152154        -10896.72079         4675.812055                
Si              62                                                      
    -2.518877955        -9.019660857         6.449957502                
   -0.4987110065        0.7072315365         1.231388971                
     13619.56822         7135.558125        -222.0103941                
Si              63                                                      
    -2.555884510        -1.207438541         6.344105902                
   -0.3337180094        -3.218487618         6.697437243                
     4329.425061        -631.0472015        -6627.441468                
Si              64                                                      
     7.701813635        -8.868488422        0.2166133188                
    -2.693580951        -2.610926485        -4.330085337                
     6933.931166        -7392.523588        -5646.293497                
Si              65                                                      
     1.461540133        0.4090180175         4.226666296                
    0.8974710113         1.141867973        -1.111216548                
     6635.908686         13698.43798        -6416.159813                
Si              66                                                      
    -8.808543689         9.411554688         2.474629278                
     3.916090564        -4.498773378        -2.024047800                
     12193.88515        -5079.434989         23172.97797                
Si              67                                                      
    -8.767418192        0.7437940193         2.559457482                
     1.029715946         1.273762794         3.865760294                
     15197.94941        -18188.62582        -2061.902782                
Si              68                                                      
     1.489006926         9.448848815         4.115169013                
    -1.722478444         1.165050054        -3.690678171                
    -2912.124909         12080.19144         7558.108667                
Si              69                                                      
     3.751710502         1.141323839         2.209520977                
    -4.835461319        -2.449006156         3.301269850                
     17702.59049         4387.169735         13468.81619                
Si              70                                                      
    -6.481018329         8.881012159         4.533360666                
     1.357507935        -3.194131705        -1.469248850                
    -18386.53310         10190.57895         9407.601243                
Si              71                                                      
    -6.373074015         1.139571240         4.551377363                
    -4.535294807        -3.013916525        -2.616604990                
    -12805.27133        -10549.84311         1587.809543                
Si              72                                                      
     3.826965575         8.994103084         2.130123881                
     2.587846243        -1.854103877       -0.2017301881                
     5540.841020         6832.988974         8858.069732                
Si              73                                                      
     8.599278781        -3.494358382         2.128512271                
    0.6640971050         2.212017048       -0.7738895576                
    -2922.922342         15174.28539        -24415.31037                
Si              74                                                      
    -1.461630916        -6.664689819         4.659473986                
    -4.460730726        0.9129374928        -5.292669711                
     12996.48086         3526.138423         12235.08070                
Si              75                                                      
    -1.612532058        -3.577652721         4.496965151                
    -3.758141845        -1.432639039        -2.292595293                
     7913.526705         6898.014384        -3952.173108                
Si              76                                                      
     8.718433695        -6.635965896         2.221952941                
     3.265475771       -0.5914850107         2.340169749                
    -10899.91088         6684.690111        -5294.792052                
Si              77                                                      
     6.245394759        -2.650068493         4.048597729                
    -4.088214347         2.205252735        -2.006235731                
     4617.559592         28691.00215        -18707.26034                
Si              78                                                      
    -3.769260750        -7.480950758         2.736805899                
     2.603142346        0.3990492535       -0.2802452086                
    -11315.39975        -3326.081843         4949.237641                
Si              79                                                      
    -4.023446861        -2.578849425         2.786883836                
     3.459661596        -6.787776999        -6.231020904                
     13184.11051        -11215.03595         8963.903732                
Si              80                                                      
     6.335840430        -7.472570433         4.102056898                
    -1.652821278         2.062491198       -0.9458120160                
    -15076.57228        -20950.75640         2695.087273                
Si              81                                                      
     4.396824014         3.461131537        0.1793935676                
    0.4750208603       -0.1735297905         4.518689399                
     12742.17428        -5644.878950        -603.3276173                
Si              82                                                      
    -5.561312166         6.635427464         6.446961173                
     4.761313252         1.463532458        0.6961204337                
     16298.66975        -10178.83997         10080.14417                
Si              83                                                      
    -5.605519471         3.519504630         6.458685328                
    0.7049523204         2.236051343        0.7944494022                
     18097.92964        -6718.478080        -12508.79673                
Si              84                                                      
     4.356709746         6.574832997        0.3097272014                
    -3.042895533        -1.334445110         1.260305592                
     22298.99414        -2162.701782        -29051.51466                
Si              85                                                      
     7.592582288         3.426645658        0.1268205979                
    -1.305229241        0.3946913782        0.2343206288                
    -2057.787758        -8468.665742         6921.261338                
Si              86                                                      
    -2.307796391         6.581331171         6.483845864                
     3.384044226       -0.2868031584        -1.878638706                
    -23350.06914         1026.737849         17789.06690                
Si              87                                                      
    -2.353031473         3.469406895         6.494478905                
    -2.520395558         2.135295568       -0.8170012263E-01            
    -14422.40827        -712.4936379        -4850.020576                
Si              88                                                      
     7.516383275         6.511088015        0.1123155344                
    -4.249915029        0.9415090828        -1.048228466                
     5502.671227         26443.43429         15933.12511                
Si              89                                                      
     1.379338125        -2.749828016         4.120782295                
    -4.727715476        -1.918510628        -2.298207578                
    -411.7376442         5704.334400        -8679.714799                
Si              90                                                      
    -8.635556845        -7.584580890         2.535704484                
    -3.869429271         1.086941618       -0.8185259229                
     8832.065642        -4393.591000         3939.211360                
Si              91                                                      
    -8.806763659        -2.497558053         2.639938377                
    -5.517524778        0.4307028439        -1.573498485                
     4559.728076         11186.32095        -13729.64836                
Si              92                                                      
     1.571291452        -7.562026199         4.217180922                
    0.5851475421         1.617636752        -4.746271743                
    -10734.58575         9495.225135         7963.507591                
Si              93                                                      
     3.759677945        -3.475886279         2.200709350                
     1.249645365        -2.713885252         3.366931590                
    -9859.183066         20871.54618         6942.768147                
Si              94                                                      
    -6.400666650        -6.620693583         4.458643507                
   -0.6357327180E-01    -2.129800800        -2.567754706                
     25623.23352         63.37902633         22335.55867                
Si              95                                                      
    -6.529821932        -3.511326742         4.545407537                
     3.752509559        -2.128908856        -4.774639222                
    -5223.794159        -14496.03463        -5201.059635                
Si              96                                                      
     3.861574807        -6.585761467         2.262426087                
     4.906645915        -1.156280411         2.334863223                
    -2534.696066        -13509.02279         16975.03966                
O               97                                                      
     2.707673248        -1.070871358        -3.662908018                
     1.586872321        -4.906224807         2.814980851                
     5523.016760        -2941.706596         9896.021936                
O               98                                                      
    -7.310926155        -9.096651568        -3.230216132                
    -4.249536066        -1.782434109        -4.810569064                
    -1347.666462         5384.108839        -11915.33480                
O               99                                                      
    -7.377694056       -0.9859124028        -3.190494442                
     2.151159119        -6.425929651        0.2953001730                
     18223.73721         3787.504640        -9085.087838                
O              100                                                      
     2.808550336        -9.165711106        -3.596532481                
    0.8328028432E-01    -4.043345398        -6.337342135                
     293.2373537         7334.300402         2922.855429                
O              101                                                      
     4.083721811        -1.099890079        -1.327120983                
    -2.313780638        -1.316803940        -3.572856634                
     11699.49124         3236.390207         6318.524136                
O              102                                                      
    -6.078718902        -9.060684156        -5.602806637                
    -2.576265817       -0.4284425945         5.946401860                
     2080.772866         842.5676253        -1673.575764                
O              103                                                      
    -6.119118495        -1.058709402        -5.560306495                
    -12.18958665         1.917075462        -1.065591988                
     7864.647074         6309.329339         6223.464612                
O              104                                                      
     4.163010310        -8.984271592        -1.315756264                
    -6.687005949        -6.444018997        -1.990349129                
     769.8851836        -4761.001220        -3907.148219                
O              105                                                      
     4.126965617         1.180259348        -6.494171358                
    -2.413490821         1.340149332         7.506135586                
    -1449.922344         6215.682739         5765.371852                
O              106                                                      
    -5.932192775         8.723580289       -0.3106846549                
    -2.636058913        -4.305498827        -2.810265254                
    -27083.52502        -564.8967196        -4047.309118                
O              107                                                      
    -6.048243866         1.210969474       -0.3380312183                
    -3.163353489         1.439316905        -7.475390436                
    -9351.969374        -2782.707793        -1206.570224                
O              108                                                      
     4.131900052         8.852636173        -6.535123132                
     2.483989205        -4.729388538         5.566595484                
     8443.925424        -5890.503474        -5802.697743                
O              109                                                      
     8.259383122        -1.008583560        -1.315996729                
   -0.6790057640        -1.379206409         5.572662206                
    -2830.111008        -3688.769716         3899.641784                
O              110                                                      
    -1.893353575        -9.155198105        -5.700247971                
     1.588846625        0.1053727045         2.619369509                
    -13710.33444        -1593.440325         6861.210337                
O              111                                                      
    -1.932609781        -1.103500133        -5.789625920                
     5.380122376        -3.558661235         3.473275548                
    -4778.287466        -1036.015668         12141.59743                
O              112                                                      
     8.315698780        -9.067904844        -1.257650992                
    0.7073168437        -3.075407664        -8.487813125                
    -2959.886170         12093.54228         12919.52720                
O              113                                                      
     7.851243454        -1.056160622        -3.903354605                
    0.4054050040        -6.461683161         2.352611430                
     5545.359261        -1078.258548         9075.969363                
O              114                                                      
    -2.335659142        -9.008581183        -3.035860948                
   -0.7264949898       -0.9216842137         5.156804586                
    -1748.373750        -3331.320172        -12081.85054                
O              115                                                      
    -2.388446830        -1.255951409        -3.151746210                
     1.279746330         1.460210148        -3.642719564                
     15831.66682         352.0537514        -4507.767819                
O              116                                                      
     7.960460203        -9.058612592        -3.761933996                
     1.859806553       -0.9353105809       -0.3366773094                
    -13304.93587         2859.475514        -19381.01704                
O              117                                                      
     5.283536214        -1.136231422        -3.692268796                
     4.500492754        -5.325912367       -0.1337501197                
     6321.377742         2584.496958         2281.965171                
O              118                                                      
    -4.853303390        -9.112141658        -3.245525982                
     6.231949412        -2.745457792        -6.472416284                
     13477.15503         7054.584377         2314.237685                
O              119                                                      
    -4.784669531        -1.015789915        -3.269455148                
    -3.787779559         5.502151295         8.508089057                
    -9129.282170        -851.8626829         1008.349455                
O              120                                                      
     5.441626699        -9.162172340        -3.633049314                
     6.082617966         4.451997427       -0.9101227085                
     2167.595659         10905.67317        -5276.415628                
O              121                                                      
     2.521454405         3.110991806        -3.433025523                
   -0.6923539405        -3.760507651        -2.565231274                
     4121.364983        -6304.005768        -15500.76703                
O              122                                                      
    -7.350545895         6.819195951        -3.432555401                
     3.248886227         1.900382269        -1.727004568                
     12862.21652         16108.13886        -4332.955493                
O              123                                                      
    -7.478267786         3.014960122        -3.423192488                
    -2.074955339         7.184115213         4.245526800                
    -1490.304795         4331.942707        -13556.59957                
O              124                                                      
     2.714036855         6.912151318        -3.579609686                
    -4.771759464       -0.9961651093        -1.035841231                
     7139.649922         2019.477950         5978.994036                
O              125                                                      
     4.038908338         3.056489974        -1.335576528                
    0.2503013792         4.186147291        -6.534476784                
    -5973.358585        -4034.800766         19620.61835                
O              126                                                      
    -5.882182256         7.039165784        -5.618500800                
   -0.5415212493         1.788193745         2.811332635                
     4311.778872        -8819.971415        -4980.846018                
O              127                                                      
    -6.146720979         3.160949957        -5.696823691                
    -6.508666900         7.307787962         3.845821270                
     5681.618522        -5475.919564        -110.9522402                
O              128                                                      
     4.005517048         7.045795966        -1.203059391                
     11.93715651        -1.395210376         3.632592765                
    -9333.836059        -7786.293391         4689.161378                
O              129                                                      
     4.276128412        -3.413102615        -6.682838774                
     1.087173630        -6.056032419        -3.058936513                
     14731.74246        -7149.589022         4290.719084                
O              130                                                      
    -5.873172463        -6.734258121       -0.2776200423                
    -1.054898107        -4.952632153         1.458302428                
    -3896.486552        -1426.377202        -2836.007923                
O              131                                                      
    -5.989808932        -3.407127396       -0.2015602435                
    -1.935496489         1.162882033       -0.3307622588                
    -15265.42859         4513.101934        -2572.306918                
O              132                                                      
     4.244260891        -6.664637127        -6.500708272                
    -4.521323681        -11.32083049        0.9244216181E-01            
    -2025.207435        -3896.731922         7773.273368                
O              133                                                      
     8.219170678         2.984003398        -1.247210904                
     5.398040841       -0.5869022321        -4.086472507                
    -706.0521305        -7761.573930        -14833.07081                
O              134                                                      
    -1.879090433         7.060155585        -5.636992584                
   -0.6091493502         5.130122650        -3.738418153                
     10875.33542         3571.020442        -8103.697346                
O              135                                                      
    -1.840929085         2.947343447        -5.715232424                
     1.385989819        -3.080078147        -3.812120821                
     3004.385384        -5597.121777         403.8779746                
O              136                                                      
     8.130505352         7.067697520        -1.224944411                
     1.366722341         7.771932282         1.076709001                
     2234.454374        -9133.952094        -7758.529226                
O              137                                                      
     7.742379750         2.990982842        -3.753562962                
    -1.400453801        -5.097440883        -1.437489316                
     10077.64772        -7603.470528         11880.24804                
O              138                                                      
    -2.418010892         6.938379639        -3.177314038                
     3.526718961         1.834142225        -2.547982433                
    -125.4075163        -3651.559048         22546.91008                
O              139                                                      
    -2.552584650         2.928239388        -3.243938234                
   -0.4714612978        -4.220403329         2.780844264                
     8645.245993        -1179.049219        -2108.999792                
O              140                                                      
     7.841618769         6.966609586        -3.694111022                
    -5.908310272        -1.979379519        -1.996437187                
    -6540.188919        -1255.264495        -7788.557842                
O              141                                                      
     5.137341571         3.064120681        -3.607463234                
     5.240806492        -4.268383378        -2.975042666                
     2004.428776        -1670.450555        -7480.627254                
O              142                                                      
    -4.870484527         6.936020556        -3.122207552                
     3.035516242         4.376197508         2.758890715                
     3645.117890        -327.2514798         6951.959863                
O              143                                                      
    -5.021434905         3.113854637        -3.360578740                
     3.294966289        -6.799468007       -0.5530428671                
     15581.22968         1778.104302         10474.64103                
O              144                                                      
     5.300023221         6.946171478        -3.515534526                
     2.427367753        0.9187434595         4.070698391                
    -14754.07498        -4534.129563         6596.710311                
O              145                                                      
     3.996792141        0.9628197002        -2.828652961                
     2.803916827        -1.222450348        -5.821303988                
    -2557.412064        -22538.87118        -3335.155407                
O              146                                                      
    -6.011788676         9.018371434        -4.128818665                
     3.799856618        0.5148361614         1.640104335                
    -4949.505749         8976.136669         7519.605602                
O              147                                                      
    -6.185630762         1.028991671        -4.184611621                
    0.8602070156         7.902970019        -3.130029367                
     10035.07936         3773.905406        -3217.211275                
O              148                                                      
     4.112591438         9.020301258        -2.788739768                
    -3.178166514        -4.107850851        0.1024479648                
    -8791.505803         5808.479028         4096.721165                
O              149                                                      
     8.858044490        0.9135455887        -2.694586855                
    0.9944704729       -0.3429344548E-01    -3.258564287                
    -2403.555942         10844.84796        -10174.69254                
O              150                                                      
    -1.408213157         9.123212968        -4.116007561                
    -7.251384948         4.160019079        -3.640270151                
     3563.735656        -490.6215167        -412.8521577                
O              151                                                      
    -1.499092121        0.8346803129        -4.210490477                
     1.443526691         2.583076673        -2.034723074                
     2283.035917        -112.0697974        -2099.133775                
O              152                                                      
     8.965766549         9.080807695        -2.596584210                
     4.262287439       -0.1913087150         8.508283122                
    -4308.465146        -8957.270858        -9134.655810                
O              153                                                      
     2.030212350        -2.507257745        -5.665432857                
    -4.015596666         5.718457505        0.5193934871                
    -2695.060279         5087.588005         3434.284980                
O              154                                                      
    -8.139779168        -7.591817248        -1.255768700                
   -0.2725819601        -3.948946457        -7.273267460                
    -730.4147910        -1666.741675        -19428.05686                
O              155                                                      
    -8.192306911        -2.508503394        -1.259532110                
    -1.876688133       -0.6901656446        -9.286056988                
     8041.968101        -13234.69167         7842.298373                
O              156                                                      
     1.982145235        -7.559032960        -5.425467008                
     2.966474302        -3.059312499         2.354978696                
     17465.87788         15969.21515        -14884.60551                
O              157                                                      
     1.982145377        0.5509343383E-02    -5.708226465                
     4.031781522        0.2735911604         3.034624474                
    -8650.649886         1395.642989         5741.433749                
O              158                                                      
    -8.052866383        -10.06829562        -1.151315527                
     1.141540451         3.396535034        -4.640938966                
    -3439.153313        -3586.291006        -5424.015063                
O              159                                                      
    -8.183519776       -0.5317424013E-01    -1.103519137                
     1.150064025        -2.699516403        0.7475355538                
     5447.633879         20726.97725         9026.725987                
O              160                                                      
     2.058999005        -10.04687311        -5.683749740                
     2.843782988         4.510118759         1.564210229                
    -2349.159656        -13980.74177        -3550.517849                
O              161                                                      
     1.976660058         2.541602340        -5.779739345                
     6.427226292        -5.007477776         3.152021463                
    -7480.003381         1824.014272         13344.21757                
O              162                                                      
    -8.072338422         7.553756945        -1.204625124                
   -0.9174344591        -6.355609834        -6.068932351                
     7477.759575         6167.762603         3784.728834                
O              163                                                      
    -8.176188072         2.495407260        -1.182994805                
     3.100036589        -2.743211218        0.1230327904                
     4050.632908        -1887.277210         61.96673857                
O              164                                                      
     2.007385777         7.522214051        -5.817566846                
     7.227065633        0.1245291104        -4.669164858                
     4996.138399         13215.49986        -7832.282738                
O              165                                                      
     6.408898996        -2.589062975        -5.490040394                
   -0.2178542763        0.4863153746E-01     4.433104133                
     2920.508241         270.8115779        -2202.659320                
O              166                                                      
    -3.776087436        -7.659127034        -1.272330779                
    -3.839976270         4.917850540        -6.835702614                
    -1306.423919        -6135.152908        -11004.84375                
O              167                                                      
    -3.759641935        -2.560442209        -1.243072358                
     2.294003657        -3.608831843         10.70674499                
    -11000.06199        -7269.379258        -6043.507900                
O              168                                                      
     6.462980603        -7.697513565        -5.631250500                
     6.183049515        -3.580370899         3.593000918                
     1789.497021        -17845.69484         29498.07874                
O              169                                                      
     6.252294781       -0.8201566822E-01    -5.725738200                
     9.099249125         3.307157339         5.132853177                
     3922.217443        -1.508253681         8219.213714                
O              170                                                      
    -3.941964205         9.984952658        -1.200961015                
     5.865158590        -4.017369060         2.524018499                
     6149.973467        -7442.698988         475.4682064                
O              171                                                      
    -3.936481208       -0.1174222032        -1.165093665                
    -4.034566476       -0.3884192810         4.837643866                
     1276.567293         4671.738651        -5780.103985                
O              172                                                      
     6.375765058         9.915691115        -5.633503731                
    -4.371781181         3.044891115         4.998477391                
    -1806.909874         1254.958547        -4040.126047                
O              173                                                      
     6.212329871         2.443014972        -5.673545016                
    -4.880858300        -3.133613294         1.380572933                
    -718.3244686        -10077.67180        -16072.52956                
O              174                                                      
    -3.794222980         7.418723367       -0.9133933937                
    0.4693412575E-01     1.054200475        0.7568290674                
    -1041.941810         4405.085940        -9496.533715                
O              175                                                      
    -3.995940422         2.468921531        -1.097869828                
    -5.164063622         1.251954769        -6.089565811                
     1737.138671        -4896.517904        -10074.66609                
O              176                                                      
     6.134546171         7.465193151        -5.711923060                
    0.6564662821         2.463847309       -0.7650410265E-01            
     9920.202561        -15719.50723         801.9328751                
O              177                                                      
    -9.961076107        -1.108384080        -2.673741951                
     2.307532421        -1.442469757        -2.490521134                
     4646.814105        -3253.428057         660.8184086                
O              178                                                      
    0.1607319749        -8.950904963        -4.300913189                
    -5.109505974        -4.758368342        -1.391400521                
    -18969.14509        -14382.35447         10253.75511                
O              179                                                      
    0.9624760530E-01    -1.052422538        -4.339140179                
     2.821109464         3.640659886        -3.379377558                
     21252.96734        -14323.01575         845.3695444                
O              180                                                      
    -9.894579620        -9.042077372        -2.730408995                
    -2.317091009       -0.3470417136        -2.746223487                
     13808.27263         9337.037062         11227.71034                
O              181                                                      
    -10.01614585         3.032258543        -2.774174646                
    -2.582978633       -0.4613774136        0.5695143931                
    -18675.34258        -980.8474908        -4782.366856                
O              182                                                      
    0.1353837719         7.066234576        -4.148807815                
   -0.2288254946        -3.157895250        -9.998568708                
     8995.940610        -6759.718750        -5466.512271                
O              183                                                      
   -0.3209560896E-01     3.002566953        -4.108610863                
    -2.873411235         3.471489992        -1.057072629                
     21560.21254         374.1297641        -13811.10265                
O              184                                                      
    -9.961035696         6.928084300        -2.673684693                
    -7.975579425         3.687086597         2.040033701                
    -16272.29691         4254.331037         309.5207628                
O              185                                                      
     1.466643877         5.026185985        -4.853082424                
     8.134805047        0.5851237721         5.692647496                
     3854.500865        -6477.542502         1994.216957                
O              186                                                      
    -8.480750933         5.011624270        -2.135405283                
    -2.748809245        -2.931729410        -5.086093671                
     1218.570349        -15167.34857        -4554.352802                
O              187                                                      
     6.506641153         4.963028797        -4.685419763                
     5.329542348         3.810148126        -3.268602030                
    -3024.577921         10101.73007        -2374.862051                
O              188                                                      
    -3.663690021         4.954158962        -2.059683972                
     2.444227918        -4.032248798        -7.295692304                
     1519.959442        -4583.643230         1117.968729                
O              189                                                      
     6.155465853        -5.103544711        -6.283653115                
    -1.626128129         2.771167022         2.891943969                
     1111.054728         17980.68068        -2732.859249                
O              190                                                      
    -4.113537634        -5.085247859       -0.3587456515                
     5.337170713        -1.282977912         1.330065599                
     1253.588146         21771.35230         108.4917038                
O              191                                                      
     2.419763168        -5.069106393        -6.344455624                
    0.8642194526        -7.567542333        -3.047897594                
     4415.502140         8925.713113        -13086.47989                
O              192                                                      
    -7.726086211        -5.090136836       -0.3851120535                
    0.5328943846E-01     1.257521269        -2.759684336                
    -3058.563686         19505.82837         8595.543504                
O              193                                                      
     7.470958966         1.057838167         3.354669945                
     9.544281838        -2.769629711        -1.177245652                
     13854.27175         2304.962819        -2730.343888                
O              194                                                      
    -2.671113494         8.905117455         3.410066105                
     3.610679183        -4.926745287        0.6097975875                
     12276.69483         7956.925103         14948.05568                
O              195                                                      
    -2.603200968        0.9672331872         3.381993527                
    -4.929170803       -0.6958928016        -6.592698230                
     5034.119201         20189.79204         1645.764652                
O              196                                                      
     7.515965188         8.907857631         3.271976132                
    -4.515691808        -2.363621290        -1.884706732                
    -7288.682720         7066.056316        -2673.643156                
O              197                                                      
     6.123654376         1.090473096         5.610282036                
    0.3471600355         2.073476639         2.056474048                
     5120.994638        -2239.884645        -4591.593118                
O              198                                                      
    -4.026915373         9.032764476         1.224301060                
    -8.193717597        -2.051457708         4.495991078                
    -703.5784637         5593.298773         11508.46473                
O              199                                                      
    -4.066321449        0.9999338156         1.206673746                
    -7.223582128        -3.117591233         1.336139929                
    -3555.819901         1416.495918        -14558.02394                
O              200                                                      
     6.221325771         8.883472551         5.544102017                
     3.164138063        -1.414124032         1.457858759                
    -15603.04395        -3442.131303         16701.62505                
O              201                                                      
     6.146489202        -1.167368138        0.1940284634                
    -3.026337066        0.5720525187        -2.471146557                
     3054.803436         419.7121911        -9393.916111                
O              202                                                      
    -4.118480996        -8.985268384         6.531275799                
     1.975797710        0.6855858908        0.1288600696                
     14720.63484        -4664.485448        -12685.19306                
O              203                                                      
    -4.158083320        -1.224891086         6.408340853                
     8.732538776       -0.7747087351         5.161331269                
     2493.072781        -2467.574554         5262.031814                
O              204                                                      
     6.116219178        -8.847265127        0.1926925095                
    -5.160575090        0.9339559728        0.8292415277                
     19187.22220         1177.956984        -6383.705705                
O              205                                                      
     2.034334659        0.9764039037         5.615612317                
   -0.4973270500E-01     5.072795726        0.1722944902                
    -9676.650406        -6188.738317        -13578.04708                
O              206                                                      
    -8.128873467         8.936750881         1.104288703                
     10.85988167        -4.449766600        -4.091124825                
    -3846.000513         6407.395749         4640.188433                
O              207                                                      
    -8.220197831         1.166489765         1.122134309                
    0.3514043119E-01    -8.170266856        0.8106181560                
     2930.082384        -1049.664091         11444.29903                
O              208                                                      
     1.946360170         9.092497559         5.594446162                
    -5.472645799         1.395049380        -4.278330096                
     6829.139505        -10090.17246         811.6881690                
O              209                                                      
     2.452324896        0.8877063654         3.099447156                
    -10.64567545        -1.556368784        -4.058050669                
     9642.094648         9062.737147        -11830.98956                
O              210                                                      
    -7.821211988         8.964789141         3.718943440                
     2.036082765         1.165532347         1.598298218                
    -4054.494150         4736.927439        -23697.29001                
O              211                                                      
    -7.699394804         1.104124338         3.696476854                
    -8.878589870         10.16037147         5.060216894                
    -12302.96036         5599.612355        -4850.468476                
O              212                                                      
     2.546248024         9.053116163         3.051636376                
    -10.34829712       -0.7090997774         1.732209160                
    -1428.110743        -3365.603993        -10299.55129                
O              213                                                      
     4.991681012        0.9641928363         3.264606824                
     1.671644388         2.354019065         3.599624817                
    -19053.39427         3501.505755        -6714.762095                
O              214                                                      
    -5.237812952         9.071708758         3.551587274                
    0.3374933042        -7.104521248         2.963070165                
    -4768.421351         3408.258231         3388.162528                
O              215                                                      
    -5.210511656         1.010453604         3.515923610                
     1.485232690       -0.6228188951        -1.848969841                
     9954.348267        -442.9058342        -2267.255217                
O              216                                                      
     4.997551175         9.113701340         3.182195793                
   -0.8716730336        -2.069969948         3.239242463                
     5496.168083        -5810.823815         5258.853662                
O              217                                                      
     7.480493479        -3.167763224         3.148796688                
    -3.933985594         8.821069378        -3.476810313                
    -17485.19915         2044.096049         21274.61784                
O              218                                                      
    -2.493488565        -7.023920967         3.525567248                
     2.461368453         3.700750052        -1.921243881                
    -1456.370584         3097.270410        -1533.261698                
O              219                                                      
    -2.713507683        -3.242691724         3.460880185                
     2.323482433        0.5295891491         5.760243790                
    -22315.68670         4321.296397        -14913.38158                
O              220                                                      
     7.609629694        -6.935837115         3.336551509                
     3.754866453        -2.257065132         2.337554983                
     5636.435553        -3472.281847        -585.9642835                
O              221                                                      
     6.262342318        -3.091822458         5.532373597                
     3.455927564        -1.972499179         2.910724336                
     3529.250602        -20278.27222         9633.153788                
O              222                                                      
    -3.854498116        -7.059075782         1.228687657                
     1.788046638         4.819387012        -4.246026416                
    -2959.598566         6489.061765         1868.283454                
O              223                                                      
    -4.136616421        -3.019700847         1.277888217                
     6.762170221        -3.875928178         3.250792149                
     961.1328510        -1774.096351         9054.451714                
O              224                                                      
     6.192211029        -6.930570202         5.601947651                
     2.353407626        -1.097911074        -3.388454641                
     7294.672423        -5955.729571        -26563.97975                
O              225                                                      
     5.991100276         3.345290642        0.2311970915                
     3.814852783         5.760408190         1.765864019                
     4518.606091        -9898.499036        -3614.245104                
O              226                                                      
    -3.901205816         6.702649202         6.389710473                
     8.867970103        -3.258695322        -3.390144183                
    -23870.49012         5934.201842        -4777.643235                
O              227                                                      
    -3.945904866         3.340396862         6.505127408                
   -0.7566703624         5.015957060        0.7887357981                
    -23395.68343         2953.705119        -5682.669161                
O              228                                                      
     5.951818058         6.732894338        0.3085729878                
    0.2953227418        -1.203310472       -0.9640346790                
     4831.902638        -6518.630387        -1497.220572                
O              229                                                      
     2.069305560        -3.196924805         5.489300779                
    -6.618090958         2.106617345       -0.1845468813E-01            
    -5388.691073         1566.676851        -4144.268249                
O              230                                                      
    -7.944428949        -7.152612884         1.142942513                
     2.628420282        -1.911150465        -1.979085185                
    -10214.79001         3649.692656         22004.80593                
O              231                                                      
    -8.246400631        -2.986518604         1.227770532                
    0.5797950233E-01    0.9304801098         5.151869521                
     13431.25395        -10133.67898        -11711.58427                
O              232                                                      
     2.136945819        -7.157055813         5.657366752                
   -0.2271623340         5.046397826        -5.659910286                
     5952.942118         7508.012430        -2935.535690                
O              233                                                      
     2.384899113        -3.202650534         3.014737021                
     6.042998186        0.9326072993        -4.246134430                
     14060.20498        -6847.525514        -12357.77142                
O              234                                                      
    -7.665320534        -7.070523127         3.697951045                
    -2.445551898         1.452400079        -1.421919020                
    -7906.230565        -2049.042114        -19469.17921                
O              235                                                      
    -7.837240592        -3.163943569         3.677521710                
    -3.254413309        -3.329520502        -5.423069428                
     6387.991303         4672.891229         12468.71881                
O              236                                                      
     2.540283219        -6.968149054         3.104799006                
   -0.1829608927         3.775046543        -8.195482808                
     1466.700873        -582.4199692        -2447.129648                
O              237                                                      
     4.950252005        -3.019992924         3.194477347                
    -6.867455722        0.3771491482        -1.184269227                
     1170.962892        -13952.57835         1810.361151                
O              238                                                      
    -5.073884611        -6.994723690         3.570828814                
    -2.001688440        -3.802896202         5.841127195                
    -5390.903724         5424.608164        -3090.555341                
O              239                                                      
    -5.296503034        -3.121668454         3.626371054                
    -11.10482907        0.8717529975        0.4845824813                
     10278.64566         10334.30989        -11080.47474                
O              240                                                      
     5.051506163        -7.013420037         3.254244747                
    -5.050961099        -3.537664310         6.251175693                
     7574.753163         9476.315070         3495.081082                
O              241                                                      
     6.295159292        -1.022759640         4.178928657                
     5.223525268        -5.744758096        -2.035203431                
    -998.2459309        -22596.28226        -2060.827641                
O              242                                                      
    -3.835043015        -9.063597633         2.776031974                
    -4.685164743        -1.186065715        0.3122347907                
    -2537.251375        -11014.91493         2077.986611                
O              243                                                      
    -3.872991884        -1.009689809         2.813254375                
    0.5314914743         3.293017585         7.600037437                
    -15067.18860        -5202.689888        -2631.327663                
O              244                                                      
     6.296876539        -9.131840501         4.128557326                
     2.549738081       -0.1235763373         2.621566443                
     7371.574515         16305.98824         3292.898956                
O              245                                                      
     1.431065400        -1.128968486         4.054297160                
    -3.402993041         3.377758220         5.339207165                
    -5706.981418        -25111.44422         14333.93286                
O              246                                                      
    -8.767497865        -9.150710720         2.595234014                
    -2.431794664         5.453042936        0.3464755286                
     2528.631103        -13410.59931        -8632.427825                
O              247                                                      
    -8.687113291       -0.8929603414         2.675746387                
    -1.853500541       -0.2825693427         2.430415975                
    -11383.11158         4170.463744         1657.890525                
O              248                                                      
     1.506443890        -9.116550554         4.076672031                
     2.288844866        -4.816581946         7.418335377                
    -1488.003976        -11950.63886        -4322.792372                
O              249                                                      
     8.239913317         2.513569557         1.257686601                
    0.6562219618         7.127402515         3.353862836                
    -9557.305033        -332.5393731         3063.208368                
O              250                                                      
    -1.721879691         7.490765877         5.353078984                
     4.945002136         2.592527670        -3.121564661                
     6946.332298        -738.5553271         4922.054703                
O              251                                                      
    -1.783362287         2.489219410         5.382449050                
     6.852911403        0.3652924975         2.777488949                
     416.3592291         3582.947621        -7909.000749                
O              252                                                      
     8.231367650         7.476659760         1.209818741                
    -3.519562599        -2.492286254        -6.727948073                
    -11986.75572        -5049.401610        -2665.582660                
O              253                                                      
     8.175326550        0.9808468418E-02     1.173207835                
    0.7036413956        0.6051292308         3.491370624                
     5817.301070         12830.84821         3060.982050                
O              254                                                      
    -1.939629340         9.964500763         5.529008540                
    0.7242506961       -0.7491085064        -4.976533063                
    -4946.906431         1009.199020        -3259.024759                
O              255                                                      
    -2.014936519        0.3207604931E-01     5.495350324                
     1.980872243        0.4109425089        -2.962518717                
    -6315.668324        -11231.20376         12741.76737                
O              256                                                      
     8.188200831         10.05878034         1.069602963                
     3.255276846         10.40151928         4.519659656                
    -1614.658619        -11320.14947         13974.50121                
O              257                                                      
     8.217329037        -2.462588946        0.9224798874                
    0.3270318066         5.332922376         4.696652638                
     5746.709753        -11981.66394         4710.044510                
O              258                                                      
    -1.946977444        -7.685691093         5.785233047                
     2.022231881        -3.044226237        -2.559762082                
    -7861.664283        -378.1682168        -6413.979592                
O              259                                                      
    -2.013653495        -2.470938026         5.525952854                
    -5.049806807        -2.318814713        -5.656796675                
    -5208.597094         7371.026672         20056.01220                
O              260                                                      
     8.213828175        -7.617559401         1.055356613                
     2.800366541         3.651780116         1.684504414                
     7878.359451         5344.641757         1485.206910                
O              261                                                      
     3.858088006         2.476659136         1.327924993                
    -1.495108569       -0.4567520685       -0.4507900246                
    -5621.026613        -48.24500816        -5707.419415                
O              262                                                      
    -6.267541838         7.615758989         5.436848467                
    0.1916173915         3.767461776         1.246827555                
     13223.21426        -4904.244432         1180.871097                
O              263                                                      
    -6.141239539         2.384787852         5.442211101                
    -3.432541193         1.598348217        -4.809468258                
     5508.433372         23838.66496         13054.05839                
O              264                                                      
     3.919786686         7.649741482         1.315870887                
    -5.895862399        -4.070276744         1.545458458                
    -14697.46903         5132.263559         6721.783187                
O              265                                                      
     4.121891168        0.4660990814E-01     1.132514541                
    -8.184872289         1.839250920        -2.485653554                
    -9520.547983        -754.0567479        -7217.090946                
O              266                                                      
    -6.314163916        -10.04766477         5.564117144                
     2.496242467         3.843184787        0.8029160389                
     12311.71865        -6585.313495        -10057.61056                
O              267                                                      
    -6.226576384       -0.1158923167         5.546697866                
     4.908238270        -7.982105856        0.1598774070E-01            
    -4232.132745         8418.783145        -2833.203712                
O              268                                                      
     4.069378021        -9.941894067         1.155342122                
   -0.8104111048       -0.6202503347        -1.500376202                
    -11759.03190        -16910.75061        -3190.799957                
O              269                                                      
     4.001908864        -2.420460341         1.025232543                
    -6.543974120        0.2949099378        -2.382087095                
     2098.284868        -11585.70275        -2107.550450                
O              270                                                      
    -6.134133308        -7.545490887         5.732497436                
   -0.7011441882        -1.346125940        0.5111029346                
     1401.632176        -2796.879907        -8486.787492                
O              271                                                      
    -6.299813542        -2.612948572         5.777329035                
     5.180927296        0.9372327129        -7.451580238                
     2738.947317         22026.48134         14354.34923                
O              272                                                      
     4.175927188        -7.527420673         1.061810081                
    0.9192364670         3.273465544         16.34935290                
    -11982.34146         6184.369855        -14245.19093                
O              273                                                      
   -0.3271622712E-01    0.8825811762         4.188057369                
     3.158871910         2.051013053        0.8441772953                
    -5045.156188         7610.965527        -400.7487170                
O              274                                                      
     10.01450821         8.930658564         2.472018048                
     2.300026894         2.895258182         1.351912985                
     2819.163244         5587.050586        -4152.629091                
O              275                                                      
     10.02981348         1.155222360         2.507262580                
     1.193625639         5.140322268       -0.1651994263                
     11540.71705        -4033.850362         17310.81605                
O              276                                                      
   -0.7094728050E-02     8.943998722         4.001265865                
     2.952133263         3.004464407        0.7216503593                
    -3357.042474         5266.001732         7192.598800                
O              277                                                      
   -0.1164343807        -3.300030738         4.077759498                
     6.781958999       -0.2083940335E-01     6.332561967                
     15389.03271         11783.47113         3553.668583                
O              278                                                      
    -10.09316687        -7.018955589         2.577994829                
    -4.953544733         3.003418696       -0.4172020263                
    -13876.59721         7288.254008        -8122.602532                
O              279                                                      
     10.02400803        -3.000702848         2.585309211                
    -2.239540055        -3.597410723        -3.919159035                
     1239.977634        -1735.750370         6673.682827                
O              280                                                      
    0.4814154947E-01    -7.040088641         4.329768876                
     4.250923641        -3.176119950         8.119665489                
     2685.436915         1901.489005        -6784.772141                
O              281                                                      
     8.620433840        -5.052635229         1.910027162                
   -0.7977627615        -2.976990667        -4.325722400                
     6828.953823        -14499.13743         5562.139730                
O              282                                                      
    -1.589314325        -5.071759980         4.871336766                
   -0.4278046066E-01    -6.125884692        0.4915675874                
    -2450.965539        -28767.05755         904.0416427                
O              283                                                      
     3.814618499        -5.044728786         1.994268596                
     1.476786036        0.1828083401         5.790313695                
     5743.285462         9757.053016        -1935.812537                
O              284                                                      
    -6.477432644        -5.071162124         4.770870102                
     2.661171362        -5.701175925        -2.005636909                
    -1164.806975        -3729.892163        -10373.13021                
O              285                                                      
     4.185198581         5.007405271        0.3784191324                
   -0.1938641535         1.815218207         3.578371487                
    -16665.34321         5812.319507         6266.416367                
O              286                                                      
    -5.829897582         5.058914267         6.193135066                
    -10.69536302         6.213139848        -2.733247001                
     2569.157153         7088.013359         5017.663432                
O              287                                                      
     7.741731493         4.973164943        0.1721885052                
     2.634987632        -2.235720963        -1.100123641                
     5720.453540         6965.416352         5231.000549                
O              288                                                      
    -2.128904676         5.035074920         6.437792310                
     1.723420871         2.056019075        -2.655178639                
     13514.44374        -12021.08974        -11642.28356                
C              289                                                      
    -1.776466243         5.084231968        0.5401623311                
     1.744840934        0.2207462549        -1.876567386                
     304.8887182        -77.40731246         130.6921714                
C              290                                                      
    -1.052834202         4.307544855       -0.3725411024                
     3.407351779         2.034940617        -2.102287218                
     267.7461644         3.726415653         125.2079008                
C              291                                                      
    0.3783629968E-02     3.505118298        0.7430380909E-01            
     2.520446749         1.059693770        -1.756405019                
     50.16718969         9.709612769         12.08234232                
C              292                                                      
    0.3367694222         3.479378853         1.433852153                
   -0.2896912538E-01    -1.729747438        -1.184802988                
   -0.8822536850         28.89708105        -20.60657974                
C              293                                                      
   -0.3868626198         4.256065966         2.346555587                
    -1.691479971        -3.543941802       -0.9590831562                
     3.174804305        -73.14987968         34.49960212                
C              294                                                      
    -1.443480452         5.058492524         1.899710676                
   -0.8045749406        -2.568694955        -1.304965355                
     48.12322402        -81.13636696         38.23363249                
H              295                                                      
    -2.591571429         5.703246742        0.1954533993                
     2.429024816        0.9730795375        -2.143390797                
     1048.305708        -1208.390657         1875.459119                
H              296                                                      
    -1.309705734         4.327394805        -1.421354282                
     5.374078766         4.186833236        -2.543243933                
     1439.508588         81.71564797         483.7316431                
H              297                                                      
    0.5620172846         2.905953473       -0.6298004401                
     3.802989858         2.459253110        -1.930538323                
    -16.84263592         9.274769129        -191.8755854                
H              298                                                      
     1.151874607         2.860364080         1.778561085                
   -0.7131530059        -2.482080721       -0.9179795776                
    -275.7691400         169.7754651        -1.617166156                
H              299                                                      
   -0.1299910872         4.236216016         3.395368767                
    -3.658206958        -5.695834421       -0.5181264413                
     29.23721464         65.67482417         49.82898946                
H              300                                                      
    -2.001714105         5.657657347         2.603814925                
    -2.087118050        -3.968254295        -1.130832050                
    -68.50662372         158.6470029        -33.95608623                
