Diffusion in Zeolites. ZSM5 (Silicate) Crystal Structure, Si(96)O(192) +
         2         2       300     13334   1.0000000E-03   1.3334000E+01
       20.3183600000        0.0000000000        0.0000000000            
        0.0000000000       20.1714600000        0.0000000000            
        0.0000000000        0.0000000000       13.5858629500            
Si               1                                                      
     1.822678813        -1.314246353        -4.544495248                
     2.629903552         3.231974423        -3.650794914                
    -29348.74460         19245.72520         4096.355662                
Si               2                                                      
    -8.566480082        -9.115733550        -2.084595236                
     4.699872434         1.418449803        -1.145110783                
     18796.75592         3525.406998        -20855.44156                
Si               3                                                      
    -8.509053111        -1.489522423        -2.253465308                
    -3.054911941         11.71280514        -1.178564853                
     20887.96630         36005.02911         493.1955534                
Si               4                                                      
     1.598582282        -8.796791178        -4.753030523                
     2.631956364        -12.65727065         5.892585165                
     7064.093012        -41677.89076         3361.914670                
Si               5                                                      
     4.160689896       -0.5450004624        -2.733706845                
     1.835992393         1.271315123         2.275980344                
     30039.06398         26645.91489         27177.41595                
Si               6                                                      
    -6.225335611        -9.546589923        -4.162823636                
     4.196313883        -4.229585968         1.155159177                
     908.3262523         2285.992423        -17576.39700                
Si               7                                                      
    -6.219206601       -0.5996279017        -4.175114658                
    0.9712893263        -7.630635623        -4.582885746                
     2279.272390        -19158.14934         26297.88694                
Si               8                                                      
     3.885556961        -9.376838351        -2.762806301                
    -6.112003660         1.466929060         2.849983778                
    -6983.478146        -5117.041175         35039.47292                
Si               9                                                      
     5.830260007         1.214501237        -6.483805923                
    0.7137073715        -1.156440375         7.183394585                
    -7729.842005        -11230.44661         11259.21735                
Si              10                                                      
    -4.423669515         8.716393088       -0.3659982349                
     3.879557834         2.816710158        0.7210297769                
     24781.00368        -4420.668851        -5601.843941                
Si              11                                                      
    -4.436777756         1.136857685       -0.4458128186                
    -1.634287536         2.360766955         8.342222063                
     12621.11620        -36140.72014         26605.67083                
Si              12                                                      
     5.729308561         8.769940665        -6.600650803                
     7.385619739         1.190185928       -0.1571055394                
     19050.60965        -28783.81282         6911.892871                
Si              13                                                      
     2.610346611         1.110493760        -6.461402323                
     1.850943607       -0.9651099711        -2.626207875                
     12590.46673         31659.53567         9330.097902                
Si              14                                                      
    -7.587237410         8.612187356       -0.1959138757                
     6.598104851        -8.793088474        -3.599820540                
    -17719.74736         23427.54855        -12609.87195                
Si              15                                                      
    -7.548253201         1.031159854       -0.3625516161                
     3.604571854        -5.049946070         6.984716031                
    -28830.97945        -6272.340272        -32877.43685                
Si              16                                                      
     2.558293958         8.786717182        -6.577888889                
    -2.550559839       -0.3593030198        -6.080424272                
    -18793.23733         11915.57506        -11210.38294                
Si              17                                                      
     8.901288126       -0.4750797131        -2.574876239                
    -1.479521079         3.068074977        -1.900552468                
    -27521.07358        -14566.47507         5737.131993                
Si              18                                                      
    -1.369237756        -9.397615370        -4.174771055                
     1.671299121         4.537422362        0.3325062217                
    -11489.92169        -5610.784214        -20615.36705                
Si              19                                                      
    -1.357863038       -0.6391927890        -4.315417175                
     6.624419380        -1.096482190         4.807306048                
     39761.00020         417.4295922        -19784.02762                
Si              20                                                      
     8.753019608        -9.599494484        -2.707152356                
     2.205724727         6.202796717       -0.2928051923                
    -16096.00721         6922.677783        -20030.35094                
Si              21                                                      
     6.627487666        -1.257634082        -4.565521205                
     4.591363593        -3.026914795        -10.25832268                
     12939.03111         34667.96372        -25453.58071                
Si              22                                                      
    -3.761971705        -8.992345858        -2.307296393                
     1.654191993         6.715024096        -4.102438231                
     13720.46294         3143.025175        -7437.133406                
Si              23                                                      
    -3.701885698        -1.289967690        -2.510535525                
    -4.792885084        -1.722841994        -13.98881472                
     6263.357034        -11744.77450         54384.88777                
Si              24                                                      
     6.314206921        -8.924036436        -4.624092611                
    0.3035215331        -1.876439165        -1.964807123                
     36760.44308        -13436.35848        -5148.359809                
Si              25                                                      
     1.610659528         3.439069265        -4.487362319                
     3.083513335         3.134003251        -3.242000709                
     14310.70590        -21042.24948        -1861.433499                
Si              26                                                      
    -8.688466180         6.523202684        -2.270974865                
     2.272261353       -0.5477081069         6.571546209                
     20003.16571         15152.01827         7319.206096                
Si              27                                                      
    -8.339690047         3.364625072        -2.380747936                
    -3.409925316        -6.394674186        -5.165899364                
    -9450.641944         11606.75488         34254.35066                
Si              28                                                      
     1.467244091         6.600031266        -4.477790661                
    0.6089059288       -0.3768833379         5.348441362                
     33212.38173         8712.986010        -4366.086890                
Si              29                                                      
     4.103402857         2.641948199        -2.683258768                
     2.465337709        -4.622009128        -1.611852439                
    -31858.43467        -29120.07154        -15761.69407                
Si              30                                                      
    -6.185288723         7.448190750        -3.982828593                
    0.1488193560       -0.6861642108         1.203618200                
    -14862.29816         4096.909777         15700.48348                
Si              31                                                      
    -6.037865371         2.535538400        -4.219842854                
    -2.660790551         3.868931243         1.324471162                
     4574.334814        -7750.498584        -6834.593744                
Si              32                                                      
     3.888159809         7.598213095        -2.670338424                
     9.254706177        -7.583487478        0.7752909418                
     2127.290772        -27266.36560         19827.69898                
Si              33                                                      
     5.783213722        -3.541092990        -6.468113376                
     4.032133772         5.926495382        -3.618253906                
     29824.62673         11404.37495        -28202.48950                
Si              34                                                      
    -4.414379896        -6.633098321       -0.3732176106                
    -3.694560558        -6.216463608         2.167179579                
     21489.81210         4965.674822        -18549.61393                
Si              35                                                      
    -4.403795385        -3.470243975       -0.3955269631                
   -0.6803421190         9.058811561        -5.974289441                
    -9312.927574        -43112.07185        -13568.91410                
Si              36                                                      
     5.814342339        -6.508779275        -6.509086240                
     5.042063692       -0.6097175263        -2.698004851                
    -27800.87557        -3858.176884         5745.659056                
Si              37                                                      
     2.625069246        -3.521243050        -6.519107354                
   -0.8774123605        -4.488498120        -11.34339827                
     7257.567171        -10505.23164         5846.914954                
Si              38                                                      
    -7.562798692        -6.763504416       -0.1596521157                
    -2.740577180         7.760404959        -2.929372464                
     17457.06700         1663.262453        -10790.58173                
Si              39                                                      
    -7.558455769        -3.621620692       -0.3455025756                
     2.681351118         3.315716870        -2.692132467                
    -7186.029529        -37408.34869        -6762.728009                
Si              40                                                      
     2.612598669        -6.600981232        -6.642042721                
    -5.902922342         2.246745514        -1.022398463                
    -5138.191188         22528.32601         24008.07419                
Si              41                                                      
     8.907150816         2.609980263        -2.667757348                
     7.878638536        -1.861856507        -5.946203840                
     2453.931273        -10014.19317         56025.41672                
Si              42                                                      
    -1.470865968         7.545299667        -4.188812985                
    -7.547834459        -4.934203087        -7.404588041                
    -472.5209290         21094.44481         29700.51530                
Si              43                                                      
    -1.399510582         2.523047571        -4.356552236                
    -2.112744601        -3.101731659         2.970359858                
     25101.99637        -10532.21463         12146.11510                
Si              44                                                      
     8.716982266         7.450690568        -2.643076704                
     1.303180319         5.371270945         2.436432724                
     13838.64305         17922.29083         6201.027146                
Si              45                                                      
     6.600254659         3.423256583        -4.496866945                
     5.713595030        -1.373859914        -2.398506478                
    -44738.60407         38437.55493         10058.01044                
Si              46                                                      
    -3.709622298         6.456518905        -2.247221176                
    -5.649826078        -5.003114780        -4.561085405                
     26481.41210         21241.92899         9761.453293                
Si              47                                                      
    -3.576138057         3.359054880        -2.335901973                
     1.862180136        -1.610989854        0.1877011980                
    -5763.259125         14621.48188        -10785.78378                
Si              48                                                      
     6.374241342         6.582073642        -4.450375568                
    0.7428067482         2.319653968         1.729885597                
    -13147.95232        -26989.86626        -23647.37539                
Si              49                                                      
     8.700086969         1.076922079         2.255847135                
     2.216797516         5.421462203         4.542253761                
    -55575.56878         39396.60687        -16384.23934                
Si              50                                                      
    -1.612314703         8.730240953         4.580611182                
    -1.928919122       -0.7947459376E-01    -1.780070251                
    -12528.67010         30554.09616         4476.681578                
Si              51                                                      
    -1.609013058         1.156161188         4.537909827                
    -5.446584853       -0.1304556573       -0.5906436709                
     26326.28546         3759.229195         8260.002478                
Si              52                                                      
     8.561725030         8.957830639         2.243754765                
     2.791124158         2.671077309         2.064299552                
    -4842.337727        -22792.42153        -19552.92659                
Si              53                                                      
     6.274209730        0.5693643641         4.127163814                
   -0.7852878165       -0.9367939596         8.505706213                
     2988.941537         21514.32381        -8836.606407                
Si              54                                                      
    -3.952443425         9.427571285         2.570329413                
    -2.096572308        0.4523383481E-01    -4.495971807                
     3250.047081         9392.960804         30475.86103                
Si              55                                                      
    -3.841064109        0.3037136579         2.594375467                
    -3.128392517        -5.512363070        -1.086504464                
    -23432.62556        -18880.03184         5000.029333                
Si              56                                                      
     6.282561372         9.854055828         4.151533122                
    -1.277025648        -3.154788359         1.458471769                
     6697.611398        -36261.85325         11992.29926                
Si              57                                                      
     4.463541536        -1.177241943        0.3761380686                
    -5.487519074        -2.333894158         5.837972785                
     11255.46550         17698.15311        -27656.16189                
Si              58                                                      
    -5.588048143        -8.835497069         6.476047090                
     3.073336849         1.283811232        0.2865435851                
    -37342.90475         5007.692541        -34770.65652                
Si              59                                                      
    -5.652090783        -1.318605130         6.457056121                
    -2.944654772        -8.537994946         4.032762091                
    -18925.00919         14130.69522        -10661.74738                
Si              60                                                      
     4.551816640        -8.710713513        0.2320952187                
    -11.80957324         5.033544371        -1.993286719                
    -27119.78468         2735.035382         945.4654864                
Si              61                                                      
     7.640633484        -1.113727395        0.2747278321                
    -10.62306137         4.628678444         2.346697322                
    -34468.92590         8851.931274        -7491.287135                
Si              62                                                      
    -2.489002612        -8.913264578         6.458282747                
    -1.430950534        -3.855093675        -2.271826170                
     131.8231564         31652.96749        -10012.45726                
Si              63                                                      
    -2.471551146        -1.223935052         6.356872928                
    -1.939854570       -0.3994230196        -2.743898256                
    -17054.25451        -20931.81617         29755.61270                
Si              64                                                      
     7.768977488        -8.910442154        0.1554129136                
     9.393983166        0.2266253882       -0.1172488571                
    -27706.91102        -2555.593202         25134.73514                
Si              65                                                      
     1.488749406        0.8441610183         4.113410096                
   -0.3577560227        -6.076921026        0.3955744401                
    -7142.527824        -1132.093062         18180.69192                
Si              66                                                      
    -8.778961713         9.534795532         2.573187573                
     4.420694865        -10.61438379        -1.897690741                
     29425.10721        -16599.61550         13673.81017                
Si              67                                                      
    -8.756594528        0.4634823064         2.484918787                
     1.858371019         6.747327935        -8.515840009                
     56659.82765        -2318.845954        -850.9657347                
Si              68                                                      
     1.390020882         9.363169605         4.071416838                
     2.175835160         2.098816949        0.9751788815                
     10917.19708         13293.27233         5555.190598                
Si              69                                                      
     3.940159782         1.379247750         2.150225710                
    -4.112342859       -0.6531506887        0.8791781415                
    -15259.21898        -27776.32395        -3067.862400                
Si              70                                                      
    -6.393479529         8.878994899         4.497619357                
    -2.467812170         4.414375634         6.702262228                
    -6106.817502         6510.731010         18285.32797                
Si              71                                                      
    -6.341129870         1.045446162         4.429366921                
    -5.812554922         1.617339772        -3.468657157                
     22271.65513         13896.75663         8875.032896                
Si              72                                                      
     3.880879245         9.182562266         2.209642712                
     1.372747001        0.1728653186         2.073423753                
    -19030.94953        -47928.75234         2554.903873                
Si              73                                                      
     8.528305810        -3.415936814         2.074543079                
     1.392887329        -2.184302756        -2.676145478                
    -12161.62555        -16332.38875        -11081.36620                
Si              74                                                      
    -1.472014832        -6.673797474         4.352680296                
    -4.815155023         3.747459620        -9.231498439                
    -21358.48105        -46207.57735         7727.507020                
Si              75                                                      
    -1.518142698        -3.608306409         4.636971442                
    -2.481627093         2.270237328        -1.749207180                
     19007.90719         22185.55194        -16051.56981                
Si              76                                                      
     8.569437108        -6.501524951         2.052060690                
     5.380910215        -5.832798086         8.379429534                
    -16644.48225        -20727.79705         568.5340110                
Si              77                                                      
     6.271739367        -2.594837058         4.077784452                
    -3.310075776        -2.119924789        -1.596861089                
    -22669.39718        -7370.412967         17453.05289                
Si              78                                                      
    -3.978263242        -7.521098650         2.565290761                
     10.58079806        0.3891283714         1.350697818                
     47280.27639        -22753.48560         3129.380292                
Si              79                                                      
    -3.941352948        -2.923031920         2.601653151                
    -1.597668724        -3.761617719        -7.758611247                
     7278.339196         22587.56708         47968.12251                
Si              80                                                      
     6.309197787        -7.233087349         4.126257203                
     2.266132913         2.593599241         2.864965979                
    -6672.475610         23383.23749        -17084.48858                
Si              81                                                      
     4.734597653         3.629241035        0.1665464706                
    -3.457650504        -4.940914521        0.2389434217                
    -14395.01893        -16034.81156         21510.47054                
Si              82                                                      
    -5.621220297         6.615394835         6.647293476                
    -2.880887424       -0.9452422312       -0.5737155305E-01            
    -28278.75092        -22104.82886        -26838.87901                
Si              83                                                      
    -5.697396649         3.429105330         6.365602640                
    0.6711469610         6.528312552        -2.406128860                
    -6800.877175         4677.003306        -5622.209816                
Si              84                                                      
     4.685470943         6.738825417        0.3394224628                
    -1.726214954         6.629516778         5.233742178                
     7786.427151        -18115.95644        -14108.04878                
Si              85                                                      
     7.847975344         3.461408772        0.3028402363                
     2.702999562        -3.707986749        -5.526766440                
     12639.01750        -21865.88311        -10652.79164                
Si              86                                                      
    -2.468783016         6.516257462         6.580743159                
     3.456647556        -1.905271381        -2.380770688                
     25670.11840        -4063.523672        -6693.434643                
Si              87                                                      
    -2.591358311         3.372941375         6.439051049                
     8.408202951         3.082700946        -2.164219487                
     23124.83635         11876.52478         49.86237914                
Si              88                                                      
     7.896112089         6.616736639        0.3017700241                
     2.830091624       -0.1204605431        -1.716339931                
    -6518.029330        -26543.11115         6651.187028                
Si              89                                                      
     1.373929394        -2.315450413         4.353701629                
   -0.2721714433         2.504579552        -7.681568525                
    -8530.434225        -1286.132669        -15856.63549                
Si              90                                                      
    -8.861986535        -7.492836020         2.719831506                
     4.100150808         4.866193698        -7.773248984                
     2013.733693         115.8488692        -46478.30219                
Si              91                                                      
    -8.776543625        -2.686391135         2.430891452                
     8.464685018         5.060028941         6.294478859                
     53243.36010        -37362.93962         6539.661896                
Si              92                                                      
     1.540670507        -7.671467761         4.222531807                
    -2.456912922         2.442001744        -1.953555928                
    -17809.98675         9526.527727        -32318.17962                
Si              93                                                      
     3.599443710        -3.322416770         2.377652854                
    -2.876012773        0.8514105351         1.794015067                
     6953.319008         3126.353093        -8898.703973                
Si              94                                                      
    -6.415196948        -6.709557087         4.380077551                
    -9.474522293        -4.122369986        -2.007334598                
     5139.223816         10474.75472         9511.861296                
Si              95                                                      
    -6.474554943        -3.565115013         4.481048278                
    -2.269113048         1.418195698        -1.186801147                
    -9650.015990        -9432.314630        -21318.82291                
Si              96                                                      
     3.731927725        -6.464030592         2.306324009                
     3.764992527        -2.607975051         10.56869696                
     17605.50541        -6681.132272        -13043.10294                
O               97                                                      
     2.901095062        -1.050377744        -3.422230499                
    -1.121598916         13.05481754         5.074633383                
    -20220.83591        -20091.47250        -11159.76602                
O               98                                                      
    -7.485433637        -9.143747554        -3.323657058                
     10.38155579         3.693128009         3.801176489                
    -10032.74094        -7736.220940         14017.63901                
O               99                                                      
    -7.487535390        -1.312243177        -3.458833441                
     5.298735949         1.685433548        -7.037938534                
     7084.174715         18192.21978         418.1760198                
O              100                                                      
     2.633382764        -8.994808549        -3.529832479                
     2.307008529        -3.229806623         3.550311439                
    -21264.35322         12139.81041        -23712.73615                
O              101                                                      
     4.300574131       -0.9751461987        -1.205667747                
    -4.811107138         6.812259555        -9.590617972                
    -11088.08428        -13812.59762        -3210.925288                
O              102                                                      
    -6.217917083        -9.132048320        -5.728323858                
     9.916084653         5.672031071        -1.823717198                
     4184.095486        -3165.178569         27717.23658                
O              103                                                      
    -6.071723515       -0.9992906600        -5.624443250                
    -4.151710995         2.103382947        -4.549618818                
    -3367.650803        -7091.604096        -35879.07714                
O              104                                                      
     4.050257368        -8.802960050        -1.298088313                
    -3.558025472         3.482145974        -7.506525607                
     11194.83492        -8312.913560         13292.79124                
O              105                                                      
     4.252234214         1.124432573        -6.445318764                
    -5.948107192        -1.778879241         6.689054270                
    -20441.70478        -3023.448385        -3120.324286                
O              106                                                      
    -5.998581434         8.593149989       -0.2825047704                
    -1.486674285        -13.45881190        -5.613082404                
    -6982.247531         452.3346235        -3672.483837                
O              107                                                      
    -6.016228881         1.110204936       -0.2928512172                
    -8.989741267         3.504184648        -7.788578460                
     23609.78329         5527.553090         3303.925537                
O              108                                                      
     4.176037835         8.705131547        -6.777563941                
    0.9981524506E-01     5.414974270        -2.885920600                
    -29030.75604         11428.78836         27226.16939                
O              109                                                      
     8.221853942       -0.6463071395        -1.079597377                
    -2.773226926        -5.036017602        0.2639326360                
     14126.83247        -16494.83927        -35240.09482                
O              110                                                      
    -1.953657026        -8.984982455        -5.659267288                
     7.900535899        -1.483171652         3.292196399                
     8613.222596        -9766.148912         17422.89328                
O              111                                                      
    -1.955617182        -1.009457546        -5.768068334                
    -4.633943185        -6.464462867        -3.488964989                
     3162.801967        -2401.514011         26003.69425                
O              112                                                      
     8.202867150        -9.064538055        -1.326420132                
     2.685037299        -2.699337563         7.561069850                
     671.8348861        -3772.014014         9618.301250                
O              113                                                      
     7.973323260        -1.091269027        -3.730920161                
    -3.772243241         3.159596397        -2.020986840                
    -2419.419820        -12162.05790         6668.568892                
O              114                                                      
    -2.332019311        -8.997918122        -3.016130485                
     5.324223861       -0.9542150155        -5.934923479                
    -8497.728794        -2281.778876        -5147.331938                
O              115                                                      
    -2.316568627        -1.140711649        -3.182471592                
   -0.5387396646         4.415603750         2.835094487                
    -609.2231341         3652.097199        -10578.24595                
O              116                                                      
     7.716909646        -9.094663503        -3.774595727                
     5.893403507        -8.822349381        -6.911887697                
    -23260.40786         6826.956148        -15380.31952                
O              117                                                      
     5.492935430       -0.8576406754        -3.593778055                
     5.947166793         5.518286157         5.826534168                
    -19555.66213        -18145.86379         14027.87131                
O              118                                                      
    -4.904217784        -9.042427214        -3.432920919                
    -4.127073133        -1.966430284        -3.698693355                
    -1748.287806        -6481.400817         8163.134127                
O              119                                                      
    -4.838187992        -1.218442856        -3.518273063                
    -8.764235951        -5.612562045         2.945496592                
    -26739.73725         17643.94699        -6109.796273                
O              120                                                      
     5.146658613        -8.936275132        -3.561898817                
    -1.043270522       -0.7237153492         3.024752705                
     10669.97093        -8147.954590        -18030.75568                
O              121                                                      
     2.676522018         3.012871502        -3.359055325                
     7.360666172        -5.147169129        -3.743254041                
     5123.327360         14232.85297        -4324.254152                
O              122                                                      
    -7.583173175         6.931650902        -3.342618443                
     8.389411693         7.686005403        -2.561418046                
     21537.95397         10509.51252         5402.792819                
O              123                                                      
    -7.235324445         3.145262379        -3.452438836                
     6.580055107        -6.366821144        0.7061084004E-01            
    -16477.29197         6847.929150        -113.4143304                
O              124                                                      
     2.582539147         7.073406549        -3.387165066                
     8.410703896        -1.325509935        0.8226551851                
    -6910.316008        -3186.944751        -11273.83281                
O              125                                                      
     4.303985127         3.169270738        -1.273555373                
     5.930662975         1.367920375        -2.731439934                
    -1728.092933         13381.78477         26523.83296                
O              126                                                      
    -6.061075365         7.019098178        -5.449877456                
     2.619917258       -0.8127239658        -3.762094035                
     16675.86034        -13635.71589        -31617.31011                
O              127                                                      
    -5.998627713         2.891105567        -5.747665692                
    -6.155223765        -10.85109720         5.180351931                
     1307.735663         9919.371695        -1393.174621                
O              128                                                      
     4.152083190         7.144059531        -1.121280133                
     5.037845593        -1.231929787         10.16226174                
     1512.766767         8770.024478        -10916.37645                
O              129                                                      
     4.289313432        -3.517849250        -6.498056097                
     6.645826614         8.499285801         10.71123731                
    -71235.97159         8374.257822        -4809.357672                
O              130                                                      
    -5.928568806        -6.857371386       -0.2830620343                
     2.328178769        -1.191210472        -4.980236944                
    -38686.76153        -4889.406547         4146.406285                
O              131                                                      
    -6.020923399        -3.369616289       -0.4656005349                
     1.993446797         1.594981344         3.596330109                
     15168.29074         6105.692355         7083.395534                
O              132                                                      
     4.150921355        -6.565276993        -6.499386651                
    -1.645028234         6.928135583         2.254362764                
     32612.55563        -10356.51559        -8282.174783                
O              133                                                      
     8.298811309         3.034237300        -1.189743965                
    -8.816876183         4.898748215         3.109232732                
     14920.11451         3327.038549        -11501.69690                
O              134                                                      
    -1.977122225         7.084612764        -5.574567275                
   -0.6577525547         1.039710072       -0.5047857245                
    -8227.695601        -9123.421671        -26527.91368                
O              135                                                      
    -2.063804858         2.878912605        -5.702801584                
    -8.858849603         1.683667124         4.513472371                
    -14575.84431         11873.33431        -21452.74902                
O              136                                                      
     8.373062622         7.065540332        -1.160141788                
    -14.44886105        -2.780222345         1.008254149                
    -1981.135335        -5767.673596         15690.59285                
O              137                                                      
     7.885522329         3.119491771        -3.661442547                
    -3.332470613        -2.109773438        -1.214462827                
    -1936.868301         13713.66328        -29326.84486                
O              138                                                      
    -2.429385777         6.850060498        -3.117760266                
    0.5035904160        -3.907346298       -0.4213380252                
    -3884.817387         8189.271871        -7807.794078                
O              139                                                      
    -2.263450891         3.097944058        -3.161820088                
     6.122401758        0.8258537188        -1.057093104                
    -11557.62756         1080.615981        -2370.198112                
O              140                                                      
     7.648191862         6.927698186        -3.601636140                
     3.231288634        0.2829187843        -1.977313411                
    -5670.294600        -1757.988576        -10145.50944                
O              141                                                      
     5.314816081         3.141013472        -3.475547652                
     3.097292387         7.470692246         2.999569699                
     30974.89199         4383.188090        -29883.04539                
O              142                                                      
    -4.945093262         6.951062835        -3.076475555                
    -1.716212047       -0.1059580363         4.584917306                
    -19618.04668        -846.9393703        -11609.93455                
O              143                                                      
    -4.805750439         2.905846262        -3.361949256                
     5.414148033        -4.189881771       -0.4940352420                
     32054.00852         23475.63097         14906.64837                
O              144                                                      
     5.124417619         6.933181582        -3.525073467                
    -1.932301712       -0.7454870638         1.455722276                
    -7331.078003         25205.36159         1336.424461                
O              145                                                      
     4.090391128         1.026792599        -2.702220841                
     3.631292960         2.905944629        -1.171581951                
     2459.041893         12076.07574        -1605.275254                
O              146                                                      
    -6.081282567         9.018482721        -4.111148966                
    -3.414997485        -1.263632468         7.428604920                
    -8933.641294         9916.549168         9302.928299                
O              147                                                      
    -6.166442982        0.9881135721        -4.056636526                
    -6.005789085        -15.45236071         4.212890625                
    -6928.215613        -25411.73588        -4635.532145                
O              148                                                      
     3.845217301         9.177283201        -2.711504833                
    -2.960497981        0.1238333472         9.063041733                
     15742.18026         5500.382522        -5039.672787                
O              149                                                      
     8.792088347         1.027960033        -2.887128345                
     3.195780859        -7.160701709        0.7544188115                
     23350.10524         18496.75887         5869.248394                
O              150                                                      
    -1.466824899         9.181463302        -4.108867504                
    -2.930309657        -1.966480461         5.446233525                
     323.8252361        -17902.48091        -2592.833950                
O              151                                                      
    -1.370151840        0.9495601574        -4.258030955                
     2.472672257         5.274317661         3.806861192                
    -7627.902814        -9358.448395         5018.458181                
O              152                                                      
     8.680203346         9.029364299        -2.789576913                
     5.689629983         3.333085780         12.00447248                
    -5017.366838        -13971.95689         5151.319866                
O              153                                                      
     2.125161751        -2.638716732        -5.310368588                
    -2.831176377        -6.697383177        -2.714789133                
     4322.219658         1076.729657        -11584.94523                
O              154                                                      
    -8.102078467        -7.845683360        -1.220647678                
    -8.948430784         8.139970901       -0.6327273873                
    -17968.36457        -2463.966279         10899.89199                
O              155                                                      
    -8.251121323        -2.734887275        -1.436768917                
    -2.325193038        -1.575533003        -16.00915543                
     2827.749132        -13807.58634         8118.112547                
O              156                                                      
     2.020575737        -7.632620421        -5.624176327                
    -1.323509630        -1.862125722         5.954451443                
     1130.165096         17729.41114        -4887.345799                
O              157                                                      
     2.218199622       -0.1430394488        -5.573665219                
    -4.188017373        -4.853949311        -7.238755917                
    -5042.159106        -2870.854013        -7856.000520                
O              158                                                      
    -8.218183516         9.812359280        -1.180327715                
    -9.179434844         7.538687737        -8.474378816                
     14037.82051        -7434.713378         11025.36347                
O              159                                                      
    -7.996320090       -0.2135123072        -1.277591795                
    -6.598537215        -2.944976689         15.56016397                
    -1780.261883        -19170.71570        -6129.122428                
O              160                                                      
     1.953117355        -10.06507976        -5.723358893                
    -1.123103564        -1.782671946         1.515296525                
     23050.05514        -16273.61731        -2826.887479                
O              161                                                      
     2.082513428         2.468813478        -5.655389454                
    -3.746835832        -12.91590115        -20.09469844                
     9784.941025        -19171.14722        -13807.70129                
O              162                                                      
    -8.246969821         7.406055100       -0.9500550156                
     4.085591169        -2.127224556        -9.932586114                
     3424.002460        -14679.47905        -9599.322265                
O              163                                                      
    -7.977759297         2.256425087        -1.260746238                
   -0.9714246819         2.806745779        -6.580620291                
     5805.734298         23315.42766        -4464.951660                
O              164                                                      
     1.981089144         7.542950919        -5.771636041                
    -8.858980373        -1.083008275        -6.720752529                
    -3733.750489        -6681.696556         18353.22752                
O              165                                                      
     6.290076860        -2.520073470        -5.441784628                
   -0.6650851744        -2.029741595        -9.949706963                
     14875.96802         5155.842095         20965.56383                
O              166                                                      
    -3.854985802        -7.708243286        -1.451842986                
    -1.524036365         4.926451191         9.210348340                
    -12200.79728         14582.71201         20163.25896                
O              167                                                      
    -3.799402850        -2.597216713        -1.504189696                
    -2.754510973        -1.500914841         5.265147494                
    -563.2213171         29289.90392        -11843.93301                
O              168                                                      
     6.219563291        -7.710583100        -5.612636661                
    -6.649947585         3.990007745         2.018004907                
     3225.325314         5198.528817         14865.84992                
O              169                                                      
     6.451541875       -0.6154539130E-01    -5.686305784                
     10.81083702         4.047071286        0.1219739797                
    -334.2762496         7576.429373         3388.404858                
O              170                                                      
    -4.017691727         9.904064644        -1.378220940                
    -2.999819576        -1.710246884         5.608048337                
    -9181.900422        -2544.603476         6065.836934                
O              171                                                      
    -4.052115114       -0.5889862159E-01    -1.432983108                
    -2.864018236        -2.853791768         2.537276935                
     3584.671507        -14616.89912        -11316.11357                
O              172                                                      
     6.153107292         9.987637662        -5.641139991                
    -5.221366391        -6.367511066         2.285566288                
    -13458.47992        -619.5764111         15731.12626                
O              173                                                      
     6.226186280         2.545749699        -5.726823684                
    0.4664743554        -10.82324635         2.370185072                
     18471.88725        -12402.23053         5211.780249                
O              174                                                      
    -3.788020645         7.385950530       -0.9812141629                
    -4.320628305         5.252771113         16.65126027                
    -15838.46379         11115.54522        -1768.162068                
O              175                                                      
    -3.829240171         2.347309786        -1.192178407                
     4.322749102        0.7015063351        -4.491065676                
    -4172.473901         12413.38199         9107.366884                
O              176                                                      
     6.193776196         7.413600440        -5.809258218                
     1.254391345         10.38570458         2.957308541                
    -5270.268493         27432.96171         14021.54834                
O              177                                                      
    -9.984318009        -1.140377278        -2.490967657                
     3.134465347        0.3647560386       -0.1213958191                
    -18206.30408         8014.602517        -8611.053159                
O              178                                                      
    0.1161990844        -8.967336843        -4.350342871                
    -16.90840818         8.788632389         3.530689463                
    -1646.102603         7466.600635         12325.70646                
O              179                                                      
    0.2248819951        -1.093465192        -4.301120552                
    -7.525801160        -4.690787209         3.500578027                
    -2135.271979        -2328.330742         4125.785081                
O              180                                                      
    -10.07025640        -9.284852499        -2.628006708                
     1.739467942        -10.06117741        -2.449884090                
     30856.24947         18542.61029         11322.83573                
O              181                                                      
    -9.851894368         2.995662178        -2.564258329                
     7.587030523        0.7944767950         5.401897145                
    -18795.11626         641.7388851        -25504.32525                
O              182                                                      
    0.1999077722E-01     7.051127819        -4.084679618                
     1.536875674         9.154717503        -1.600833356                
     3420.276612        -4664.050401        -11377.58164                
O              183                                                      
    0.1096766917         2.995972651        -4.350865938                
     6.374652423         1.255407640         6.570102482                
    -9509.591253         9634.443160         6982.648748                
O              184                                                      
    -10.09559662         7.003586028        -2.713267671                
    -11.15416319       -0.1143216291         2.137509036                
    -7372.585460        -12605.12754        -386.0245492                
O              185                                                      
     1.608910250         5.010341627        -4.645611842                
     2.763972209       -0.2439320640        0.4703164514                
    -7106.972609         16528.07319         2383.620676                
O              186                                                      
    -8.462961785         4.995174979        -2.105776996                
    -2.211345679        -8.592887752         9.055713807                
    -1243.207675        -30138.70948        -3116.949547                
O              187                                                      
     6.492154013         5.032720677        -4.745724774                
    -8.986037205        -7.320929069         4.167120523                
     8633.207879        -17084.26555         9114.145752                
O              188                                                      
    -3.714618341         4.960045889        -2.022146542                
     3.077725458         5.587278306        0.4926143348                
    -2483.798154        -50019.14932        -7945.912020                
O              189                                                      
     6.113710412        -5.028951074        -6.213338230                
    -7.811682619        -3.218297611       -0.4507191082                
     12454.10622        -6468.306400         10462.31059                
O              190                                                      
    -4.198379001        -5.084286237       -0.6230563645                
     2.941260011         14.50138378         3.776891066                
     2008.311738         12132.53993         6573.663723                
O              191                                                      
     2.298126721        -5.063515929        -6.317126381                
    -8.989154423         6.041188853         4.334560189                
     66.10323907         4454.137451        -20906.49062                
O              192                                                      
    -7.766458070        -5.244870185       -0.5121692716                
    0.1392927812        -3.599701166       -0.4721486155                
    -584.2260324         19634.97105         6342.158048                
O              193                                                      
     7.565936415         1.044134261         3.385646189                
    -2.431942745         4.572335777         5.722603763                
     26729.74563        -10290.98617        -5212.163337                
O              194                                                      
    -2.665243645         8.897593490         3.420514643                
    -9.249871741        -4.331771440         6.040926118                
    -15941.06197         695.8677376        -2373.380296                
O              195                                                      
    -2.543951416        0.6863265342         3.363679911                
    -4.138260180        -5.941307521        -8.076573456                
     3988.420959         13979.93034         5449.666311                
O              196                                                      
     7.543373611         9.252998902         3.368417745                
    -6.860228881        -9.850192791         1.226181964                
    -9845.093304         14915.99156         1810.395252                
O              197                                                      
     6.161758038         1.126512498         5.587579525                
    -1.421419171        -1.179249207       -0.2402684840                
     1863.380565        -6962.868319        -4861.785701                
O              198                                                      
    -3.949889448         8.966280538         1.113386971                
     16.54889695       -0.9426240039        -4.286583959                
    -9398.561989        -3778.103656        -15621.46734                
O              199                                                      
    -3.955366991        0.8037515620         1.118186406                
    -6.422977712         3.422519874        -9.029594728                
    -7799.789417         10803.58872        -26708.74003                
O              200                                                      
     6.194750093         9.083627680         5.563895745                
    -2.481551627       -0.9031162600        -4.979528665                
     4301.084926         19832.58623        -23899.56675                
O              201                                                      
     6.045031128        -1.205865125        0.4123209745                
    -2.105527888        -1.720975709       -0.8045606333E-01            
     13381.14567         414.1336071         237.7627489                
O              202                                                      
    -4.075101414        -8.831176984         6.595169466                
     2.496298668        -8.368859133         1.736737523                
     20966.65035        -6298.897063         1370.214994                
O              203                                                      
    -4.105813961        -1.272717160         6.394178210                
    -3.101765762       -0.8667818172        -5.964108648                
     22831.68800        -15389.50540        -1475.881629                
O              204                                                      
     6.103104700        -8.865688812        0.3000749754                
     2.686418032        -3.418886560        0.7280326901                
     27486.23288         2288.921254        -13980.68898                
O              205                                                      
     2.111702711         1.117510543         5.608019085                
    -1.011546092        -5.019869550         8.546879985                
     597.4136799        -6159.994288        -5462.583381                
O              206                                                      
    -8.063042504         9.072196120         1.236078748                
     1.386918140         1.913443367        -3.565220116                
    -2456.301482        -11531.91535        -4527.291925                
O              207                                                      
    -8.272447057        0.9064916336        0.9960220535                
     2.755075160        -2.098019404         2.628312546                
    -6041.595199        -9669.300633         31339.60894                
O              208                                                      
     1.985010308         9.017848095         5.525209776                
     10.58200434        0.9855253910        -6.383953759                
    -1973.220106        -5987.663684         1661.273140                
O              209                                                      
     2.518959891         1.232664703         2.981407498                
     8.296015779         5.772714138        -4.704903763                
     15559.88250         2516.791438         6494.552201                
O              210                                                      
    -7.755924527         9.125252853         3.760704357                
    -1.328528076        -8.982031673         2.651801125                
    -12457.50322        -6576.393308        -8794.142183                
O              211                                                      
    -7.612309476        0.9331342265         3.511369254                
    -3.089772719        -4.411008588         6.339886455                
    -12717.85076        -7802.749087        -2302.829305                
O              212                                                      
     2.464017861         9.007477391         2.970275068                
     1.766315095       -0.4484456086         8.663034555                
     7192.530645        -1083.570936        -1774.348994                
O              213                                                      
     5.175871110         1.109736530         3.115330269                
     2.414999220         2.885619110        -1.772276258                
    -20102.51506        -7645.753054         13727.89448                
O              214                                                      
    -5.299696712         8.999905853         3.393905409                
     1.454629908        -4.652609852        -10.37062187                
     26223.37828        -7638.800210        -9798.386678                
O              215                                                      
    -5.079689100        0.8492618321         3.509789522                
    -10.90044733         5.460042158         8.869521160                
     13012.90365        -1378.944293        -23091.44430                
O              216                                                      
     4.988091175         9.562171363         3.252849711                
    -2.650860300        -14.84731557         2.179608542                
     12568.31655         5015.623707         9948.953569                
O              217                                                      
     7.490172919        -3.065168377         3.234659562                
    -1.960034952         2.981774289        -8.501868290                
     19239.45393         3881.628149        -6212.155637                
O              218                                                      
    -2.595394578        -6.996690093         3.259173846                
    -11.42753188        -2.203343564       -0.5375911509                
    -4139.519429         804.0002021         513.9829584                
O              219                                                      
    -2.617526837        -3.363886766         3.506505727                
    -3.447018660       -0.6427191819         3.858722566                
    -19026.41486         1419.990785        -8656.279618                
O              220                                                      
     7.468707259        -6.795190030         3.167620556                
    -4.500922550         10.31539716         5.574863782                
     12126.38547        -4209.218944         4188.357945                
O              221                                                      
     6.187092611        -3.139093840         5.597955968                
     1.290050531         2.796954766        -3.419568663                
     1882.175772         546.4401169        -7982.766576                
O              222                                                      
    -4.035255260        -7.003716579         1.108578050                
     2.340229266        -2.143371289        -8.831809645                
     2618.228743         2201.359958        -5525.410547                
O              223                                                      
    -4.043632065        -3.276993293         1.129888222                
     5.495380596         12.49236667         6.850491407                
     2429.799731        -4647.470313        -20533.78072                
O              224                                                      
     6.225345555        -6.700685091         5.605156073                
    -7.574247837         7.026947121         7.472471783                
     600.0357335        -5201.760324        -15986.60336                
O              225                                                      
     6.278392271         3.378109313        0.3257231313                
     4.179850879        -6.478430715         6.688308000                
    -1507.623201         10461.05314        -243.9446194                
O              226                                                      
    -4.028841201         6.608129101         6.522969084                
    0.3005232483         4.522304412        -8.521212772                
    -13460.15530         16031.57088         6077.647188                
O              227                                                      
    -4.125246146         3.268614782         6.243452980                
     2.823958061         4.409349602         3.348704614                
    -6061.868598         7201.820333         9583.161596                
O              228                                                      
     6.318344118         6.679131411        0.3041707394                
    -9.778739977        -3.611192435         9.366585282                
    -15839.30528         6728.138203        -2575.228052                
O              229                                                      
     1.992951988        -2.921195604         5.690169164                
   -0.7247376513         2.304626212         3.045580948                
     14123.82152        -3078.544278         18355.19581                
O              230                                                      
    -8.125709055        -6.961130496         1.311613506                
     1.005555639        -2.433002574        0.3579641069                
    -7647.040348        -18097.79386         2169.806801                
O              231                                                      
    -8.168710362        -3.208842901         1.026744756                
    0.6581000466         2.106673897         1.802551177                
    -3101.891956         13217.33707         10485.67000                
O              232                                                      
     2.061822691        -7.036674165         5.561870512                
    -2.961214797        -2.408143867        -2.584776540                
    -4409.577867        -7667.570808        -3442.056532                
O              233                                                      
     2.330440444        -2.824054710         3.188208734                
    -9.447506809         3.109974177        -1.839966085                
     14334.42228        -8282.867420         6637.321530                
O              234                                                      
    -7.823802318        -7.126169293         3.739019379                
    0.2687618469       -0.9096328371         1.992833851                
     24822.76370         7664.473949         20254.86903                
O              235                                                      
    -7.695629049        -3.307107754         3.541860440                
     6.608059761       -0.6365114725        -5.140288442                
    -34800.05423         27706.61295        -13135.96073                
O              236                                                      
     2.610010947        -7.089851438         3.195650131                
     5.201130115         4.348092457         1.883590979                
    -13105.37232         10841.37449        -584.9835799                
O              237                                                      
     4.957266772        -3.030196270         3.224882941                
     2.913729837        -6.526713644         4.901177732                
    -5486.975108         1231.403745         10668.10594                
O              238                                                      
    -5.090709221        -7.065140492         3.479565315                
    -1.581339155         6.670288551        -2.089198201                
    -45191.09491         16339.67058         12856.18487                
O              239                                                      
    -5.236222383        -3.255106506         3.497781927                
     3.024351745         1.114525031         3.276586736                
     14130.24609        -6056.984761         6789.016577                
O              240                                                      
     5.026931693        -6.778358004         3.231558623                
    -1.175550569         6.718304135         7.655496670                
     1236.273340        -1071.659093         7870.685355                
O              241                                                      
     6.267813777        -1.006159275         4.213899709                
   -0.1197551661        0.4711641298        -3.683015192                
    -955.3643756        -4760.915900        -7001.296134                
O              242                                                      
    -4.012941554        -9.151469902         2.511223161                
     14.40753901         5.843989662        -3.419869205                
     4911.572064         6381.648181         2405.096322                
O              243                                                      
    -3.968646219        -1.307881499         2.589885733                
     1.346863280         4.162806395         13.77328911                
     8645.199259         4083.879049        -2602.058424                
O              244                                                      
     6.439703707        -8.780373444         4.346794966                
     6.010979967        -3.606585764         7.534565551                
    -10082.99057        -4014.840878        -8862.384018                
O              245                                                      
     1.328567716       -0.7589097813         4.199535294                
     5.714804370         4.614977375         3.147278776                
     10870.84787         10260.88495         1765.142310                
O              246                                                      
    -8.862622411        -9.097262459         2.615158087                
    -4.819353585         2.694393543        0.3113498450                
    -13455.21268         24288.08428         3298.505501                
O              247                                                      
    -8.747184607        -1.146216595         2.541538792                
     3.090305656         2.266129889        -1.202327297                
    -3469.359985         22945.32434        -1936.545776                
O              248                                                      
     1.519492303        -9.193702085         3.990314481                
    -10.18425072        -1.773378331       -0.3766145487                
    -2470.480086        -20674.87539         14179.49112                
O              249                                                      
     8.477275176         2.367971441         1.285411465                
    -3.001110786        -6.038916687         10.90736672                
     4136.985242         1579.423991         15003.02851                
O              250                                                      
    -1.740211467         7.427272991         5.437277433                
    0.9381716415        -8.647262102         1.956985000                
    -23553.74039        -4535.518225         17299.92423                
O              251                                                      
    -1.938207738         2.513815365         5.304696579                
   -0.9347330168        -8.124065857         6.832957781                
    -8964.280441        -14526.09569        -1519.264798                
O              252                                                      
     8.320673157         7.584252214         1.460080196                
     8.648864542        -4.072030970         5.771309008                
     2436.537145         7258.175723        -5002.115581                
O              253                                                      
     8.231401333       -0.6720902129E-01     1.263945820                
     1.638204750         5.961090346         5.995354537                
     15743.50077        -4563.322698         23428.12520                
O              254                                                      
    -2.112103011         10.04047246         5.560570964                
    -6.490587084         3.226578886        0.4654123785                
     12937.84914        -36528.46060        -9835.663954                
O              255                                                      
    -1.959315636       -0.4144824904E-01     5.590959941                
     3.819523922         2.578128126        -5.835118449                
     9692.930490         35972.14785        -33397.89719                
O              256                                                      
     8.267598923        -10.10793259         1.098005632                
    0.5068694773        -11.82526061         7.086367181                
    -985.9452570         835.4024812         416.1243774                
O              257                                                      
     8.043468004        -2.507058753        0.8522226125                
     1.304621573        -3.606623348         2.578340924                
     24122.98889        -7281.225868         16786.03623                
O              258                                                      
    -2.012783576        -7.629869668         5.584930489                
     1.004013025         1.171936202         1.878247144                
     10094.04716        -945.6084966        -3717.140922                
O              259                                                      
    -1.911943765        -2.581321007         5.767662819                
     1.129378766         5.104829010        0.3077061393                
    -11398.35119        -6707.943817        -4646.398094                
O              260                                                      
     8.255004487        -7.646700940        0.9478040603                
   -0.5923032130         1.567292252        0.5296922205                
     6967.134299         17562.37841        -344.3340280                
O              261                                                      
     4.120481550         2.590576119         1.278124016                
     6.586054885         3.448583387        -1.331295059                
     3770.653275         35867.68939        -19850.54709                
O              262                                                      
    -6.233514552         7.518142363         5.434542032                
    -1.199681496         5.588566576        -1.783131690                
     13521.18635         22120.60927         11449.79510                
O              263                                                      
    -6.200693537         2.399454261         5.288239405                
    -5.205653170        -6.025850239       -0.7556641801                
    -15403.96392         2700.154944        -3967.039764                
O              264                                                      
     4.260050888         7.801352597         1.378015082                
   -0.7465651901E-01     1.717118703         6.765228000                
    -6898.670546         12625.20841         16518.60057                
O              265                                                      
     4.030931000        0.1237067919         1.128278548                
    -8.970929155       -0.8172882814         3.525601695                
    -6255.727141         5046.032218         18285.06820                
O              266                                                      
    -6.031466447        -9.989347945         5.419852561                
    -7.327387205         2.887402877         3.747608362                
     1098.471724        -20807.94696         9665.110763                
O              267                                                      
    -6.034716119       -0.8093636500E-01     5.486585407                
    -6.764155377       -0.3209766454        -2.406826866                
    -19943.93338        -16243.11474         10503.51574                
O              268                                                      
     4.003949114        -9.972371838         1.103872763                
    -2.776201773        -1.198577479         1.575014293                
     5480.329667         34709.49316        -22693.79757                
O              269                                                      
     3.853709307        -2.383258062         1.138526433                
     4.616301525         2.842448983        -5.002154238                
    -4913.588731        -5523.756242         2353.280675                
O              270                                                      
    -6.095784828        -7.552241786         5.650565898                
     8.251474178       -0.4507345236E-01    -4.254249207                
     773.5797469        -4311.521340         9437.859520                
O              271                                                      
    -6.368238801        -2.593513995         5.716136028                
    -1.312380708         2.952320581         14.16146675                
     22146.45974         10598.53279         7243.262587                
O              272                                                      
     4.009074066        -7.442733683         1.044895858                
    -3.902376240        -2.872926716         1.072850508                
     5217.108791         5168.124873         3906.284357                
O              273                                                      
   -0.4720827053E-01     1.263139601         4.217660573                
    -2.238503538         3.282670363         7.308803518                
    -1750.406124        -7079.292386        -9361.507218                
O              274                                                      
     10.08048143         8.981928529         2.554005625                
     2.602793588         2.795626591        -3.067576446                
     3942.621445         11827.08375         7800.140450                
O              275                                                      
     10.14992272        0.9151810322         2.724728393                
    -4.031634092         8.212057067        -11.24917740                
    -11646.78518        -444.2735802        -144.5906796                
O              276                                                      
   -0.1451234058         8.988979589         4.167858310                
    -10.13608701        -5.034057556        -6.087305547                
     16623.94005        -3386.763182        -7033.606526                
O              277                                                      
   -0.5408044129E-01    -2.920829880         4.262243889                
     9.690759751         8.558461673         2.800912968                
    -25146.16455        -23461.75620         9195.259013                
O              278                                                      
     10.03040202        -6.863610348         2.542783577                
     10.76624346        -6.678445515         2.390523764                
    -3388.566154        -4884.160309         5891.925308                
O              279                                                      
     10.08658266        -3.139516497         2.374870218                
     1.198815651        -5.388072317        -11.13648716                
    -37193.06597         216.0602460         4588.941413                
O              280                                                      
   -0.2606734777E-01    -7.232564519         4.015133071                
   -0.7952048054         12.75772752        -8.750967499                
     17749.41898         12392.67643         12997.08983                
O              281                                                      
     8.396420468        -4.986913316         1.826808479                
    -5.927411292        -1.672069539         5.315329177                
     13754.32077         16439.64663        -3914.226139                
O              282                                                      
    -1.449777750        -5.177215067         4.756081884                
     1.627804875        0.7020376483        -3.312174274                
     6164.998010         16557.95732        -3533.126856                
O              283                                                      
     3.556516255        -4.868367899         2.050573757                
    -4.806643764       -0.5731528048        -1.754010423                
     451.3300546        -19420.16295         15372.56461                
O              284                                                      
    -6.530805656        -5.129641174         4.604247226                
     6.984792913         4.801207165        -7.357667213                
     14239.17371        -14031.71847         8056.683519                
O              285                                                      
     4.390346027         5.141778073        0.4404447613                
     6.858386677         1.180967677         9.974049898                
     5603.246543         12941.92827        -678.5945099                
O              286                                                      
    -5.978054468         5.028880748         6.416061150                
   -0.8722990430        -3.756495902        -3.972347155                
     10815.15761        -1911.175593         3557.566618                
O              287                                                      
     8.152225397         4.999905172        0.4975830638                
     13.96980786        -5.804442591        -10.06989519                
     3001.653969         19619.82038        -5906.646050                
O              288                                                      
    -2.296289974         4.954248938         6.446521421                
    -3.127751088         7.269343854         1.227991844                
     549.2470741        -3321.803929         3769.852334                
C              289                                                      
   -0.1932535802         5.017145231        0.7145271111                
     2.327246532         2.356418783       -0.7291651979                
    -70.35197591        -31.53683879        -20.31630031                
C              290                                                      
    -1.433421077         4.837019126         1.338588746                
     2.235318007         2.758233930       -0.7958723444                
    -96.61663369        -95.18775513        -8.907927851                
C              291                                                      
    -1.914203257         3.544602885         1.580474569                
     1.162863957         2.914057055        -2.094949964                
    -81.25331911        -15.65924816         38.22663526                
C              292                                                      
    -1.154817942         2.432312748         1.198298757                
    0.1823384311         2.668065033        -3.327320438                
     218.4684682         329.4359539        -245.0258751                
C              293                                                      
    0.8534955670E-01     2.612438854        0.5742371217                
    0.2742669568         2.266249885        -3.260613290                
    -126.5472659        -33.91871153         25.50755556                
C              294                                                      
    0.5661317368         3.904855095        0.3323512988                
     1.346721006         2.110426760        -1.961535671                
    -56.88216312        -21.58331874        -24.29156079                
H              295                                                      
    0.1776355310         6.014152047        0.5279294759                
     3.154568229         2.236212372        0.2729803954                
     29.97005560         18.58782712        -47.70089200                
H              296                                                      
    -2.019249100         5.695079207         1.633418387                
     2.991730743         2.948004548        0.1548230647                
    -26.74802433         162.7263453        -118.9888037                
H              297                                                      
    -2.870920392         3.405656149         2.061901845                
     1.091954996         3.224034084        -2.146400148                
     104.6054655         139.2207597        -49.59469805                
H              298                                                      
    -1.525707052         1.435305933         1.384896392                
   -0.6449832649         2.788271443        -4.329466030                
     1680.103198         813.8991500        -1782.714520                
H              299                                                      
    0.6711775785         1.754378773        0.2794074818                
   -0.4821457789         2.076479268        -4.211308700                
     191.2021706        -1.773882575        -21.42733445                
H              300                                                      
     1.522848871         4.043801830       -0.1490759769                
     1.417629967         1.800449732        -1.910085488                
     77.47934808        -4.911893708        -58.21266598                
