Diffusion in Zeolites. ZSM5 (Silicate) Crystal Structure, Si(96)O(192) +
         2         2       300    133340   1.0000000E-03   1.3334000E+02
       20.3183600000        0.0000000000        0.0000000000            
        0.0000000000       20.1714600000        0.0000000000            
        0.0000000000        0.0000000000       13.5858629500            
Si               1                                                      
     1.528570721        -1.131364724        -4.477228913                
     3.603314522        0.9359748248E-01     3.322178312                
    -10573.88687        -17268.46266         7230.757326                
Si               2                                                      
    -8.437636120        -8.913296487        -2.212308351                
     1.431625295         1.813222590        -2.099366535                
     3200.812262         62.07501869        -3126.878425                
Si               3                                                      
    -8.543731714        -1.279735179        -2.225111503                
    -4.698467937         1.071299565        0.2603181934                
    -10262.19881        -11744.23144        -1700.123840                
Si               4                                                      
     1.725957244        -8.956905952        -4.652066771                
    -4.425065737        -2.099620720         4.260984361                
     7251.720970         25222.08854        -16564.15633                
Si               5                                                      
     3.878047953       -0.5527106898        -2.556495324                
    0.6257936142        -4.664646337         1.535834172                
     1456.377936        -18843.98946         9715.390767                
Si               6                                                      
    -6.137822414        -9.560290213        -4.182651581                
     4.206380000         1.641248276         2.964029439                
     28894.53021        -7947.848805         817.3721906                
Si               7                                                      
    -6.224112816       -0.6364005340        -4.175333966                
     2.219407864         4.987030227         4.071893582                
    -8825.443996        -7767.224502         10042.18892                
Si               8                                                      
     4.107422074        -9.437597705        -2.748177871                
    -2.668488284        -3.794165881         5.089832008                
     13558.99477        -21735.02837        -18324.59378                
Si               9                                                      
     5.656135083        0.9702921449        -6.472027195                
    -3.926007400         3.338824030        -2.260053931                
    -6386.460313         23200.95691        -23400.19655                
Si              10                                                      
    -4.270801821         8.865342401       -0.4274915357                
     2.441944807        -1.004034058         3.756846563                
     2813.731351         18473.92785        -15473.27653                
Si              11                                                      
    -4.532648061         1.336109248       -0.3000812410                
     6.958932726         2.274026848         3.704730099                
    -4178.715312        -21675.30082         13767.42545                
Si              12                                                      
     5.923435530         8.754161312        -6.481654621                
   -0.7852558010         3.532583187        0.1310706898                
     10852.93509        -1766.513745        -6011.972086                
Si              13                                                      
     2.488603749         1.094590170        -6.374690119                
    -1.438125819         2.755484382         4.342829110                
     11116.60870         13302.00882        -31533.55380                
Si              14                                                      
    -7.451711571         8.878397044       -0.3482875904                
   -0.9038229110E-01     2.376969261        0.2245806580                
     5154.285216         8425.467242        -11285.73142                
Si              15                                                      
    -7.753489381         1.211709759       -0.4625245892                
     2.967810756        -2.486579104        -1.042067320                
     14508.00954         23382.80839         11063.28756                
Si              16                                                      
     2.757251375         8.868156932        -6.610895052                
    0.4392010688        0.6029850373        -1.127009646                
    -9046.659463         4463.536527        -9822.504228                
Si              17                                                      
     8.763734407       -0.7403335303        -2.494990987                
     1.797932647         2.771753094         1.111451750                
    -15471.75638         19119.32246         5948.940291                
Si              18                                                      
    -1.294945300        -9.578611918        -4.331779274                
    -3.495673024        0.4604438189E-01     1.886509234                
    -26837.34522         9963.790527        -656.6232923                
Si              19                                                      
    -1.546320284       -0.5621630472        -4.169140141                
    -4.235842569         1.378121971         2.396778687                
     9050.142224         6333.112058        -2628.198829                
Si              20                                                      
     8.841820645        -9.699066030        -2.559881397                
     1.600246857         4.604426084        -1.137229470                
     18481.19401         25739.11797        -3439.864766                
Si              21                                                      
     6.373193793        -1.313549828        -4.427667932                
    -1.231256155        -1.466391907         1.955129315                
    -3240.747925         12481.78823        -9119.984288                
Si              22                                                      
    -3.626734916        -8.822917474        -2.341621047                
    -4.871414088         1.015729183        0.5322656726                
    -13560.37715        -1371.015334        -22438.52970                
Si              23                                                      
    -3.839977276        -1.126230472        -2.173226439                
    0.8319262488        -8.526810547       -0.7371295016                
     3970.667873        -9923.700953         23847.72466                
Si              24                                                      
     6.634634467        -8.908466781        -4.589196344                
   -0.6402749240        -1.404752744         1.531355752                
    -20229.82614        -2195.814446        -3202.496275                
Si              25                                                      
     1.621123003         3.463133497        -4.652304531                
    -3.516789148         4.925008527        -2.004699762                
    -14858.61237        -36.15575043         5051.553183                
Si              26                                                      
    -8.457101338         6.602317598        -2.258148511                
    0.4069707304         2.013342832        -3.160436054                
    -6069.151326        -12762.83665         1783.262565                
Si              27                                                      
    -8.642044539         3.432126304        -2.392703904                
     4.639437003        -1.389421009        -3.438314831                
     25835.40374         29465.10815        -13093.83274                
Si              28                                                      
     1.804855752         6.611491701        -4.705620771                
     1.337520775        -1.437101420       -0.2399781640                
    -21039.04159        -31283.88360        -11778.51717                
Si              29                                                      
     3.868444515         2.613597449        -2.641919103                
    -5.024717207       -0.9131116070         2.453171164                
     2409.960578        -16080.48052        -3110.506725                
Si              30                                                      
    -6.087293715         7.426479371        -4.110116654                
     3.062673795        -5.800744610        -1.022592828                
    -13228.88329        -1926.823708        -5006.350333                
Si              31                                                      
    -6.170698033         2.549256380        -4.124981808                
     5.758724700        -6.841027322        -5.235053957                
     11890.89288         6375.698882         4835.123169                
Si              32                                                      
     4.141384547         7.480941473        -2.788559162                
    -1.907089296         1.429337119        -1.138123241                
    -4153.968584         4430.121232        -1581.152828                
Si              33                                                      
     5.677693454        -3.546265877        -6.375119899                
     2.718385185         4.304430740         2.686064552                
     3376.220219        -106.5333320        -28577.80966                
Si              34                                                      
    -4.366419650        -6.547908278       -0.3707071901                
    -3.058346448       -0.9446918954        0.3635397897                
     6153.935557        -14498.74096        -18666.43278                
Si              35                                                      
    -4.394418989        -3.462483912       -0.2140251781                
     1.384409964        0.3413161156        0.4749925503                
     12298.68206         8703.770078        -7806.043064                
Si              36                                                      
     5.714662289        -6.631010604        -6.536145032                
    -2.159565269        0.1831786104E-01     3.425581290                
    -494.0984152         11825.98383        -883.6491346                
Si              37                                                      
     2.481913888        -3.436754118        -6.369470308                
     1.825837162        -1.218904794         1.692665071                
     8704.541362        -165.7834830        -2067.101425                
Si              38                                                      
    -7.533674571        -6.608997032       -0.3637820045                
     1.990018701        -1.831266962         2.818347628                
    -4146.724555        -2089.110502         15678.95239                
Si              39                                                      
    -7.543006033        -3.477333468       -0.2856411491                
    -3.153914961        0.8273721556E-02     1.507804542                
     1450.276567        -16893.05152         6984.356620                
Si              40                                                      
     2.571722568        -6.534495241        -6.506676376                
    0.7101372464        -4.054781610         2.374929205                
    -18537.30872        -8067.573499        -322.9946010                
Si              41                                                      
     8.855365075         2.435514366        -2.658498365                
    -2.963469493         2.006450293        -4.575207014                
    -50691.46151        -10022.92426        -2900.909526                
Si              42                                                      
    -1.288924370         7.415582708        -4.380404899                
    -4.675140051         3.187800214         3.733870159                
     11198.39457        -9690.993068         2133.591007                
Si              43                                                      
    -1.438455553         2.562072299        -4.340185414                
    0.9328209745        -1.185936745        -4.386194188                
     8622.093452         30229.03282        -2095.625328                
Si              44                                                      
     8.816620718         7.306526339        -2.572803735                
    0.9931502888        0.4821657211        -1.495548322                
     4223.686501         22626.20311        -26836.35692                
Si              45                                                      
     6.373260399         3.288148282        -4.506235879                
    -1.695236352         1.811256829       -0.3608813755                
     17380.17629        -961.5945281         5530.727365                
Si              46                                                      
    -3.605421222         6.508764613        -2.388860161                
     3.593006164       -0.6405100375        -2.185141124                
     10909.50577         29414.81199         4533.254408                
Si              47                                                      
    -3.671885456         3.472469770        -2.299127439                
     1.372750799        -4.951343308        -3.539451209                
     14029.37222        -15427.73538        -9300.021042                
Si              48                                                      
     6.549883652         6.412726143        -4.547292200                
     1.265795530        -2.872859773        0.9844518734                
     1075.861444         15970.46045         20019.12339                
Si              49                                                      
     8.473112279         1.166347984         2.228331552                
    -5.249035532        -2.125136598        -2.889196758                
    -10326.14642         14908.40226         9278.287582                
Si              50                                                      
    -1.538599496         8.871247889         4.469805460                
     1.687194218        -6.666344430         2.900926002                
     9927.846748         113.3812203         13614.15681                
Si              51                                                      
    -1.673085263         1.195141401         4.502123041                
    -2.270900779         4.042473778       -0.4067080825E-01            
    -2453.625417        -1583.114325         14044.21299                
Si              52                                                      
     8.567218751         8.693764351         2.196045218                
   -0.6242337497E-01    0.1500251237         2.674335782                
     21245.86101         11728.19324        -11433.17927                
Si              53                                                      
     6.178951813        0.4813752226         4.072106605                
   -0.1294214857         1.488638386        0.7457925196                
    -16151.00355        -11215.08542         9515.337388                
Si              54                                                      
    -3.880787851         9.562716772         2.562266943                
     1.637889842         1.394650480        -3.594922277                
     21193.60618         26046.76241         10543.28543                
Si              55                                                      
    -4.117468522        0.5974905275         2.764301174                
    -4.681484760       -0.1967690408         1.543972384                
    -3886.306389         16765.11192        -24450.75792                
Si              56                                                      
     6.285204781         9.428678590         4.110718689                
    -1.585162385       -0.5449895101         2.190282269                
    -4933.839249        -8007.825429        -3494.937279                
Si              57                                                      
     4.370668421        -1.214074939        0.4371784174                
    -3.304946597        -1.200200424       -0.9234873652                
     284.4264229        -1018.325002         11915.19237                
Si              58                                                      
    -5.629145252        -8.898085092         6.380888612                
     2.490590846        -2.195550185        -2.803884812                
     11619.08959         9910.381190         390.4224174                
Si              59                                                      
    -5.797069419        -1.303797338         6.394124502                
   -0.7908390242        -2.782685729         1.608066079                
    -4792.868439        -24640.72621        -1286.357621                
Si              60                                                      
     4.641986735        -8.774020097        0.2516962771                
   -0.1609891088        -1.308831167        -1.904111005                
    -5355.172025        -789.0338615        -7603.585902                
Si              61                                                      
     7.537119092        -1.324992193        0.3839272410                
   -0.4994608331        0.4444640426         1.561200233                
     7223.164105        -12490.91865         41296.88463                
Si              62                                                      
    -2.406737511        -8.871411441         6.360139849                
     5.710541734        -1.938730711        -2.786192283                
    -12472.15837        -955.1068074         8918.386234                
Si              63                                                      
    -2.621819076        -1.142005488         6.514279630                
   -0.3703990542E-01    -1.880792500        -2.586532015                
     1234.965276         1584.382941        -4802.980086                
Si              64                                                      
     7.820035215        -8.959377285        0.3141199540                
    -1.404320455        -1.686433628         1.384854908                
     5113.809045         2727.795449        -5151.738762                
Si              65                                                      
     1.367469164        0.4988336777         4.279998025                
   -0.6555461206        -1.696207671       -0.3955419754                
     3537.665949         3561.115948         18688.25237                
Si              66                                                      
    -8.673001356         9.326144306         2.477254532                
    -2.972675660        -4.675640442        -4.586263115                
    -7169.773407         16095.04828         10988.06971                
Si              67                                                      
    -8.834940494        0.6812439741         2.462113718                
    -3.360162650         1.133254461       -0.7324697714E-02            
     10150.32384        -7850.302137        -4632.465350                
Si              68                                                      
     1.486677817         9.521693858         4.094448386                
     3.024576909        -2.695236410        0.8286990209                
    -989.6678194        -13214.17168         16273.16053                
Si              69                                                      
     3.654950157         1.247547265         2.284368336                
     8.878530586        -1.047630381         2.144458625                
     3006.894327         981.2471296         12188.95222                
Si              70                                                      
    -6.283929034         8.845422033         4.481254330                
    -1.015773346         1.884432281        -2.710642288                
    -13402.55506         471.7368534        -12286.22368                
Si              71                                                      
    -6.628914698         1.180503984         4.607699396                
    -2.369812026        -1.164425682         4.731273732                
    -2631.347942        -15665.78973        -12564.92688                
Si              72                                                      
     3.851546290         8.918043331         2.154846794                
    -3.367213055         5.685466597        -2.814836982                
    -4785.952811         16847.61798        -10698.06165                
Si              73                                                      
     8.641414513        -3.582172298         2.332340557                
    -2.963382585        -1.315596260        -2.348229618                
    -5151.860421         2059.263381         290.3351998                
Si              74                                                      
    -1.450428941        -6.542983338         4.487913031                
    -4.072184740        -1.274912686        -2.458497988                
     7479.220918         9421.611738         25532.31757                
Si              75                                                      
    -1.513661115        -3.435000457         4.671303925                
    -2.355089544        -1.891996160        -1.789743404                
    -30378.36134         8522.472417        -8799.162034                
Si              76                                                      
     8.699073563        -6.707455943         2.317618678                
     4.884975598        0.4762309806         2.673168097                
    -2164.126049         15351.45331        -9590.280018                
Si              77                                                      
     6.268212180        -2.731840186         4.234819647                
    -5.105267712        -2.799280776         3.994101817                
     17110.14728         8954.142618        -6708.925211                
Si              78                                                      
    -3.685821142        -7.365865990         2.557453538                
     1.777912387        -4.177296875        0.2386897766E-01            
    -23675.24355        -37847.49062        -7848.511672                
Si              79                                                      
    -3.847780061        -2.555161885         2.746303738                
     3.229624258        0.6597312984        -2.935000144                
    -310.2743855        -1415.168895        -3115.339782                
Si              80                                                      
     6.260897345        -7.574975112         4.061952641                
     3.024865065         7.455094183        0.7345907615                
    -14045.31582         4903.101042         1793.282412                
Si              81                                                      
     4.433620123         3.509925379        0.2861259513                
   -0.7868748577         4.852632636        -1.734229242                
    -12444.01721        -10678.66885         4487.321829                
Si              82                                                      
    -5.640001830         6.566065168         6.487149752                
     5.460293570        -1.420674627       -0.8999372965                
    -14318.56178        -30220.63615         6696.499015                
Si              83                                                      
    -5.838638902         3.452865838         6.470116474                
     2.844555641        -3.487743009        -4.492734369                
     2095.480121         14267.48688         6533.734929                
Si              84                                                      
     4.430907364         6.601915049        0.2213491541                
     4.903352376        -4.773176445       -0.8721842255                
     14130.19034        -17619.14788        -8673.362011                
Si              85                                                      
     7.553160440         3.335420879        0.1746006870                
   -0.4436091511         2.279967490        -4.982833934                
     1770.041940         298.9792627        -22656.90987                
Si              86                                                      
    -2.413394231         6.551902191         6.400832021                
     6.504322697        0.5984199625        0.8928163125                
    -21601.05467         362.3927516        -11457.44796                
Si              87                                                      
    -2.700720651         3.451061402         6.399585399                
    0.7161933003        0.1888085520       -0.7510219754                
     8066.017178        -16316.90251         5582.402747                
Si              88                                                      
     7.609991625         6.510215045        0.1571664677                
    -2.573212682        -2.625562202       -0.9763766793                
    -9233.259781        -16989.90234         24594.91377                
Si              89                                                      
     1.423099295        -2.655534071         4.343159401                
    -3.034753437        -1.573744939        -3.353275626                
     7397.689327         22540.36258        -10765.36564                
Si              90                                                      
    -8.634569350        -7.619942831         2.418730879                
     1.843862819         2.478003759        -2.156873251                
    -12822.69280        -6162.202746        -4045.154256                
Si              91                                                      
    -8.668298338        -2.512859489         2.492248221                
    -1.591951119        -2.963740980        -7.646089749                
    -26047.05455        -7709.023585         3112.303398                
Si              92                                                      
     1.486390551        -7.526046284         4.181491786                
   -0.2513734907         1.210341526         1.222514593                
     22599.33597         28455.49183         5951.731487                
Si              93                                                      
     3.807574958        -3.517713901         2.484757695                
    -2.426211118         2.539695289        0.9768197156                
    -9074.530901         25363.02518         7131.396868                
Si              94                                                      
    -6.274013568        -6.703291651         4.324090050                
    -3.922823073        -3.999634858       -0.7571679154                
    -3396.044107        -8959.916835        -15760.59127                
Si              95                                                      
    -6.422024887        -3.608551552         4.390032692                
    0.8392020515         4.068059025         3.116909969                
     11914.53917        -12213.64826        -14780.22595                
Si              96                                                      
     3.824906159        -6.599195603         2.267402483                
   -0.5581336491         2.231357194        -1.764416350                
    -3901.406203        -11930.94675         1851.923509                
O               97                                                      
     2.548790390       -0.9707990154        -3.310162360                
     1.926982049        -6.105653446         10.11697658                
     5132.243835        -821.9824401         7387.469874                
O               98                                                      
    -7.380841987        -9.205371068        -3.380265053                
    -1.095603280         4.764835779       -0.9265475777                
    -25416.00684         17313.39071         6327.707573                
O               99                                                      
    -7.553551369        -1.104807128        -3.400820347                
    -7.773591029        0.5200350045        -2.339107235                
     14586.00464         7749.653784        -6991.914684                
O              100                                                      
     2.852897390        -9.012551388        -3.563895367                
     2.310509782        -4.278238351         4.779019057                
    -14255.71595        -6771.440567         5115.924602                
O              101                                                      
     3.991334268        -1.065797734        -1.039136242                
     6.002165234       -0.8645285944         2.233751093                
    -7873.429232         1485.340944        -25772.50548                
O              102                                                      
    -6.109467714        -9.107814619        -5.712707114                
     3.366878324         5.734784165         1.419908333                
     4118.217007        -5443.921578        -1276.669628                
O              103                                                      
    -6.159324546        -1.184373094        -5.639125113                
    -7.186834659       -0.9873882912        -4.757388228                
    -1049.099906         6515.907141        -10277.58334                
O              104                                                      
     4.201087810        -8.992826814        -1.290503961                
    0.6683829850E-01   -0.6943577441        -3.548653796                
    -1262.014974         5766.741183         30672.00522                
O              105                                                      
     4.066838514        0.9300451528        -6.372012876                
     4.037572772        -1.449136023        -5.551802920                
    -1245.596053         7599.700473        -2738.734149                
O              106                                                      
    -5.851337974         8.828894486       -0.3944359150                
     4.813274028        -3.456334067       -0.3327286476                
    -11277.24712        -3307.328412         4051.906617                
O              107                                                      
    -6.130287430         1.334101480       -0.5049189513                
    0.3531767078         3.612477676         1.532129534                
    -9137.161067        -4875.602305         154.6196085                
O              108                                                      
     4.348154185         8.861270359        -6.650717603                
     4.006408414        -2.684922229         6.268109037                
    -5742.454946         980.5108595         4181.726520                
O              109                                                      
     8.127374118        -1.135288013       -0.9953004878                
    0.1261940643        0.5189794896E-01     4.414777738                
     20121.90842         10271.62238        -49065.76993                
O              110                                                      
    -1.893189330        -9.094732109        -5.738174744                
     2.521577851         3.412728949         1.734410333                
     10824.37458        -2792.044699        -1485.097946                
O              111                                                      
    -2.035652720       -0.9630457530        -5.613098495                
     2.227017383        -1.971896905        -1.626169530                
    -12446.93963        -1660.159363        -1492.570955                
O              112                                                      
     8.386307942        -9.195988999        -1.159576164                
    -1.100831360         6.932069217        -8.378943951                
    -9555.270914        -1567.816505         21002.98921                
O              113                                                      
     7.725694176        -1.096127772        -3.623303085                
    -7.067883739        0.7989037756        -1.872708908                
    -12259.09158        -8125.792358         4902.826739                
O              114                                                      
    -2.340431708        -9.074353715        -3.222485967                
    -2.134608088         4.322524660        0.1493978672                
     15098.92129        -2429.348212         53.37940303                
O              115                                                      
    -2.561161629       -0.9519660632        -3.027534970                
     2.252094151        0.9221452540        0.4403486880                
     14266.14594         296.3782825        -13941.52401                
O              116                                                      
     7.854673703        -9.117706246        -3.645533942                
    -1.582556355         6.501556958        -1.885465694                
     6312.512987        -1064.057741        -11561.45392                
O              117                                                      
     5.155834478        -1.085802859        -3.395318008                
   -0.3563908804       -0.2499470962E-01     1.255449170                
     3254.039531         3695.121837        -3641.571265                
O              118                                                      
    -4.859098009        -9.007965172        -3.385428219                
    -8.754524306        -3.161692738        -3.952876707                
    -631.3901053         1401.247730         834.5300027                
O              119                                                      
    -5.006865795        -1.017895408        -3.210765242                
   -0.9442211922        -10.26903760        -4.507670927                
    -10935.97614         3653.847933        -10158.17892                
O              120                                                      
     5.384001477        -9.035188165        -3.572384002                
     1.891358904        0.3093825692         4.197815789                
     10345.65720         5493.755469        -12689.98143                
O              121                                                      
     2.627278978         3.076944188        -3.489027972                
     3.900881439         1.702708620         5.140835687                
     4360.399506         3209.774698        -1097.133934                
O              122                                                      
    -7.394705596         6.944352361        -3.354403695                
   -0.1041209146       -0.7743265810        -6.168366770                
     4744.744116         3374.578976         594.2608560                
O              123                                                      
    -7.453686802         3.016722117        -3.374966397                
    -1.378714644        -2.355005805         3.974270291                
    -9146.908615         2541.129450         317.5549929                
O              124                                                      
     2.892543533         6.892876235        -3.627512895                
    -1.190605289       -0.1963770094        -1.968173465                
     5883.354998         13151.95466         8157.005079                
O              125                                                      
     3.962900969         3.123173916        -1.180298072                
    -6.675618396        -2.540404178         6.989496629                
    -2556.924044         10346.36943         4855.843253                
O              126                                                      
    -6.073206736         6.863944035        -5.596690450                
    -1.136034263         7.463012935        -1.345199363                
     10606.12415         11776.56555        -1946.306061                
O              127                                                      
    -6.081219735         3.040702410        -5.613781165                
     5.910199078        -4.413511484        -2.106660933                
    -3991.610500        -1680.937180         528.1769588                
O              128                                                      
     4.119944985         6.949301931        -1.304569482                
   -0.4937761763        -3.208216427         3.535105728                
    -7401.586119         4905.190501         10758.82743                
O              129                                                      
     4.089050172        -3.354873891        -6.307635448                
    -3.106538182        -1.366201724       -0.4927122267                
    -1596.817854        -6474.803310        -3488.909412                
O              130                                                      
    -5.935872647        -6.767354091       -0.3296779888                
    -7.596464841         8.327387242         8.735585052                
    -5921.469810         4719.752867        -2859.084437                
O              131                                                      
    -5.968576293        -3.344757521       -0.2792555596                
    -2.583250166         3.122691600         5.128030587                
    -128.3400461         105.5104196         6459.990031                
O              132                                                      
     4.133614399        -6.639118529        -6.405382703                
     1.047208888        -1.034768924        -1.023096684                
     503.0251650        -6107.511500         2100.546637                
O              133                                                      
     8.259528503         2.827302308        -1.214387572                
   -0.1012234783         1.066834531       -0.9318933887E-01            
    -1060.062694         13647.27305         8487.509762                
O              134                                                      
    -1.800940827         6.935340825        -5.804707282                
     2.314350027        0.3844460995        0.7555619757                
    -1995.902004         3367.028690         5191.243396                
O              135                                                      
    -2.092748231         2.956670766        -5.764144725                
     5.570101130        -4.738218387         6.914691764                
     2696.600652         7564.926818        -444.0644053                
O              136                                                      
     8.259551552         6.869835856        -1.194751251                
    -4.694338812        -5.812373348         1.636085953                
    -1334.147442         2024.212879        -2409.552048                
O              137                                                      
     7.710455472         2.893029411        -3.701139881                
    -1.487299373         1.517023608        -6.084466835                
     1865.595223         1883.337757        -636.0829433                
O              138                                                      
    -2.308064038         6.841296159        -3.308026708                
     2.103558994         2.566852752        0.5571031612                
    -6447.952873        -339.0670991         7619.880577                
O              139                                                      
    -2.364547636         3.146532733        -3.188672404                
    -4.639769685        -6.087914567         2.061146569                
    -11141.64987        -23.91041431         3750.412251                
O              140                                                      
     7.855329233         6.808795392        -3.750790822                
   -0.3197332893        0.6596954847        -1.550908474                
     13966.69656        -5474.641117         10365.10217                
O              141                                                      
     5.158876319         2.989964758        -3.540787626                
     6.803678193         4.096801538         1.400774375                
    -11954.11363        -707.1882902         4299.915615                
O              142                                                      
    -4.860231154         6.931039896        -3.284820473                
   -0.8972514330        -4.030568176         5.409736030                
     12580.47035        -12965.06031         6442.249200                
O              143                                                      
    -4.900772833         3.121086153        -3.276048356                
     4.775173001         1.051470868         1.575856956                
    -4256.730229        -11000.95385         2433.703251                
O              144                                                      
     5.417169429         6.972391715        -3.523783803                
    -4.491942044        -6.932996547         6.245668049                
     3063.220081        -11477.78877        -11785.83064                
O              145                                                      
     3.841753896        0.9971006541        -2.505294162                
   -0.9826100211        -2.316067467        -7.587519019                
     6845.536625         18722.02025        -9251.645358                
O              146                                                      
    -6.022669269         9.000259670        -4.102179336                
    -5.232090752         2.811529850        -1.616212945                
    -4199.090673         7490.496124        -13814.57101                
O              147                                                      
    -6.207338317        0.9549830617        -4.161834000                
    -6.978288151         8.766637975         7.160516494                
     4798.511035        -803.1295755        -2390.183038                
O              148                                                      
     4.112252425         9.085983616        -2.839834567                
     4.800536513        -2.842678281         5.582804158                
    -7662.153675         2436.634709         9711.594193                
O              149                                                      
     8.884245374        0.8708995943        -2.630587542                
     3.276868470        -3.286673791        -2.713375943                
     286.6534349        -19959.08190         5358.166251                
O              150                                                      
    -1.307014406         8.996663449        -4.313582095                
     6.413011643        0.6480109077E-01     3.517254141                
     4812.724482         4168.731901         2674.814753                
O              151                                                      
    -1.532183697         1.047727968        -4.184164361                
    -4.036054163         7.687512755        -4.881644463                
     3544.152590        -30329.55458         2582.758656                
O              152                                                      
     8.783588619         8.939373464        -2.645810168                
    -9.008099049        0.1411923204        0.9287320224                
     981.2796436        -27449.94314         2079.724184                
O              153                                                      
     2.000422644        -2.420355198        -5.289329903                
    -1.706363074        0.5883685965       -0.6800235140                
    -16084.48644         156.9207795         1245.573694                
O              154                                                      
    -8.119372339        -7.558085749        -1.447584751                
    -5.640842041         3.623285431         5.341033555                
    -1901.640869        -3278.885133        -13697.78123                
O              155                                                      
    -8.113935633        -2.564818963        -1.385361116                
    0.2009878591         3.199100688       -0.9735087244                
    -11577.64815         13903.09949        -12381.86252                
O              156                                                      
     1.985687237        -7.555221477        -5.407110744                
    -4.753611109         5.146989622        -1.550519220                
     309.4773936        -6798.315938        -15160.03194                
O              157                                                      
     1.890817603        0.5490452219E-01    -5.413012684                
     1.419939089         4.380173216         1.849415183                
    -6096.039477        -4601.657472         119.3505571                
O              158                                                      
    -7.951826696        -10.01562554        -1.202802916                
   -0.4426977829        -7.517615108         4.942398579                
    -474.8366441        -17750.79013         13676.16199                
O              159                                                      
    -8.274625419       -0.4266121939E-01    -1.249819721                
    -3.155279078        0.9588352294        -1.816971653                
     3172.004205        -2109.028522        -5008.198869                
O              160                                                      
     2.141258088         10.03653788        -5.675425593                
     7.186555544        0.2677760410         4.692600379                
     4133.822005        -2279.217121         4042.691906                
O              161                                                      
     2.069180161         2.478626549        -5.792489416                
     7.111009404         4.273236145        -3.453241472                
    -604.4923442         4371.592010         7227.760149                
O              162                                                      
    -8.034063638         7.605580400        -1.105556151                
     2.347625250       -0.8072482206        0.6658756447                
     4753.966335        -1904.293794         2099.749969                
O              163                                                      
    -8.305016751         2.524958822        -1.207547288                
    0.4767302816         3.355395287        -3.998691706                
     1126.721264        -24987.84595         16405.14157                
O              164                                                      
     2.312114872         7.529210211        -5.901872923                
    -2.042482754         3.333258991       -0.8229525913                
    -5757.823603         2273.698404         10621.33066                
O              165                                                      
     6.304846677        -2.625884928        -5.300508826                
     2.902971531        -3.659873170        -1.772141519                
    -3035.268475         4684.932488         14885.43890                
O              166                                                      
    -3.784246961        -7.468665019        -1.550917503                
     4.327649124       -0.4444835057         2.510925681                
    -2404.675103         467.0355660         11917.59603                
O              167                                                      
    -3.893514206        -2.449813816        -1.316417757                
    -1.982710244         3.562660932        -2.965511519                
    -2177.182746        -3450.738084         394.4364025                
O              168                                                      
     6.438473822        -7.568049444        -5.481847597                
     6.068134894         2.310200309       -0.8028026393                
    -2373.934393        -19144.35134        -1040.758178                
O              169                                                      
     6.072961673       -0.2029796119        -5.603040244                
    -1.928577916        -4.587736700        0.6020803666                
     19620.55013        -25131.73017         31052.95339                
O              170                                                      
    -3.864396608        -10.01906483        -1.346997465                
    -1.530672932        0.7552525755        -1.673813054                
     3317.812674        -11928.02948         15912.75248                
O              171                                                      
    -4.014889159        0.1298057042E-01    -1.082998175                
     4.143894351        -6.117393148        0.6863621492                
    -8945.403946         15957.18992        -5467.145400                
O              172                                                      
     6.384922850         9.996924042        -5.620243399                
   -0.5684334684        -2.952335980         1.012686149                
     6739.565364         16275.77448         9438.494170                
O              173                                                      
     6.160752205         2.314883444        -5.736164825                
     2.267153138       -0.5995268851        -2.543973320                
    -4108.987933        -3710.356278         2683.931249                
O              174                                                      
    -3.746247086         7.599285993        -1.180608506                
    -3.955910468        -3.034093328         3.037879190                
     4079.189549        -18144.24555        -11197.42932                
O              175                                                      
    -3.882534971         2.544151948        -1.027009141                
    -1.374961810       -0.1533487343         1.400393434                
    -3471.662750         6310.057466        -15581.10356                
O              176                                                      
     6.322268141         7.412901745        -5.715363515                
    0.4795368845         1.311491505        -7.325026830                
    -3812.433662         8625.467637        -16603.55708                
O              177                                                      
    -10.09222391        -1.210615771        -2.609218884                
   -0.9744217689        -6.890592286        -3.299259224                
     14768.31036        -8345.867231         11883.11676                
O              178                                                      
    0.2032861963        -9.097020176        -4.292863307                
    0.7681926945         8.372152652       -0.9294053715                
     3598.432839        -11067.55019         4445.445431                
O              179                                                      
   -0.3825660978E-01    -1.040075530        -4.185739501                
    0.5954387407E-01     2.772765111         5.310357378                
     7643.510436        -754.9303810         8281.572883                
O              180                                                      
    -9.939228035        -9.178202784        -2.583192892                
   -0.4644168489         3.049641270       -0.6276333281                
    -7071.989603        -5100.908932        -5258.873986                
O              181                                                      
    -10.06792463         3.007902613        -2.856134888                
    0.5591632780         7.543205466       -0.9439615220                
     10602.09838         11593.67485         3115.882520                
O              182                                                      
    0.2597258980         6.956571703        -4.352110110                
     4.553941223       -0.7944470842         2.213495492                
     5903.448370         8366.408778        -48.18991858                
O              183                                                      
    0.1113929369         3.066230592        -4.285900435                
    -3.680381094         7.691811347       -0.2087227071                
    -11724.54586        -2248.750210        -10223.22120                
O              184                                                      
    -9.969096929         6.933026582        -2.559548552                
    -5.656638270         1.566272239        -9.121478159                
    -6104.176746        -1903.807080        -4039.736990                
O              185                                                      
     1.732943537         4.989424968        -4.946276278                
     2.134709019       -0.8341124571        0.4478754730                
     3851.984530         24129.99008         6838.349529                
O              186                                                      
    -8.492818650         4.999212080        -2.128220432                
    -1.652109121        -3.436846849        -6.414220237                
    -4584.703627         3346.318327        -739.6661532                
O              187                                                      
     6.461016233         4.877404646        -4.694999267                
    -1.650938833        0.6939553995        -6.145296377                
    -4663.090359        -14300.44417        -8317.233141                
O              188                                                      
    -3.629461820         4.988645685        -2.039224298                
    0.5816669016E-01     3.094774508         8.531997301                
    -4107.258364         15654.19724        -889.2834969                
O              189                                                      
     5.933458014        -5.083994375        -6.361948060                
     1.109933738        0.5085101552         7.437011300                
     5263.165665        -2787.782532         9387.475002                
O              190                                                      
    -4.157749965        -5.003455619       -0.4767754861                
     7.071737206        -5.149794040        -4.535224434                
     1476.122399         6001.347208         6375.887468                
O              191                                                      
     2.161476082        -5.001937844        -6.300764686                
     1.087272968        -1.952396314       -0.6600476692                
     11404.62213         658.0661643        -2000.803906                
O              192                                                      
    -7.743298009        -5.059355936       -0.4156345886                
     1.030406952         2.192756899        -5.032634899                
     1477.517784         12792.76020        -6481.504194                
O              193                                                      
     7.452178016         1.087618278         3.457595100                
   -0.2603098954        -9.063788644       -0.1108538598                
     16412.45612        -4244.683635        -23040.08618                
O              194                                                      
    -2.532582714         9.142471632         3.331275083                
     4.542527383         3.490219873       -0.5969206920E-01            
    -15715.07923        -7529.782725        -12427.01015                
O              195                                                      
    -2.751937051         1.094857742         3.370532785                
    -2.238084963        -3.205525406        -9.949316817                
    -815.9926695        -4526.593611         1479.141784                
O              196                                                      
     7.579897738         9.007310534         3.359219042                
    -2.210569018         3.104451192        0.7642612503                
    -407.2422183        -13700.00857        -10284.54613                
O              197                                                      
     6.040711720        0.8683149945         5.561833978                
    -4.032741293         1.253318973        -2.078180801                
    -5122.618164        -1469.473755         27476.08964                
O              198                                                      
    -3.892694197         9.113939955         1.080089521                
   -0.4682377397         4.258955712        -8.102955560                
    -3841.978407        -7881.355364        -7444.843839                
O              199                                                      
    -4.312720188         1.140211509         1.239161964                
    -1.095062721         3.072682209        -3.495512699                
     2368.815841        -7834.377205         14597.27060                
O              200                                                      
     6.398397329         8.917392947         5.576029421                
    0.2198070316         3.163059605        0.3641524856                
    -15081.97704        -1127.678796         17191.10008                
O              201                                                      
     5.960360050        -1.296939288        0.3672430974                
   -0.5468530502        -4.235821181         10.84482260                
     6371.226063         3686.484180         6050.833232                
O              202                                                      
    -3.997947901        -8.886753484         6.407029978                
     1.056417888        -8.441689900        0.1783938342                
    -16361.46036         1175.781328        -1240.737865                
O              203                                                      
    -4.219733474        -1.208052339         6.528417140                
   -0.7734287310E-01     2.133533052        -3.060153467                
     4011.073741         886.8328696        -4724.640776                
O              204                                                      
     6.211293535        -8.939427023        0.1881513123                
    -2.364972652        -6.332087364         3.186534477                
     12561.96340         6564.261452         9024.914657                
O              205                                                      
     1.937407695        0.9431319747         5.732552779                
     2.086825336        -3.063575501        0.7283366641                
    -6006.124994        -14172.00296        -5260.963452                
O              206                                                      
    -8.001184381         8.997083423         1.116068364                
     5.449489983        -3.736086660         7.588108430                
     1008.740406        -8169.611577        -11499.59894                
O              207                                                      
    -8.268917662         1.143868614         1.033227119                
    -3.522944745         1.172696496        -2.285707824                
    -4192.503174        -8101.200768         3476.645066                
O              208                                                      
     2.112793203         9.076922946         5.542886371                
   -0.5286835858         2.665589403        -3.198114791                
    -448.0885562         5929.662370        -15321.61361                
O              209                                                      
     2.376012634         1.074398936         3.251764409                
    -3.257550284         4.590412969        -3.326188387                
     11834.02556         917.9051645        -25396.19687                
O              210                                                      
    -7.607016770         8.916200228         3.579649320                
     6.217646993        -3.856895072         4.904663631                
     1171.622632        -2917.069712         7634.877374                
O              211                                                      
    -7.854624234         1.042440971         3.620950386                
    -3.358420382         1.137218254        -2.974279208                
     895.2742295         5242.668865         9613.453089                
O              212                                                      
     2.551311967         9.197627801         2.968668337                
     12.49393787         1.324380161        -2.346473103                
    -14344.43961        -5053.007241         7584.750599                
O              213                                                      
     4.908394192         1.004517038         3.277588871                
    -1.244371749        -3.974350979         7.245963019                
    -4755.255706        -3187.436871        -12707.93471                
O              214                                                      
    -5.060864520         9.030644721         3.453459716                
    0.1146891820        -1.015693683        -3.528824785                
    -7800.515250        -6312.863497         4321.907924                
O              215                                                      
    -5.388954650         1.038687933         3.618704274                
    -2.356319182        -5.532254212         2.833395085                
     8437.694721         542.3489856         2736.657139                
O              216                                                      
     4.996301025         8.960222239         3.224031744                
    -7.687438881         2.736276370        -3.630658832                
     18625.36381        -667.3574470         6823.353603                
O              217                                                      
     7.522060520        -3.302817308         3.452782542                
    0.2195373465        0.7429101510         4.278300188                
     10746.26627         9480.675491        -3529.838834                
O              218                                                      
    -2.443931406        -6.923957764         3.368785952                
    -2.943396270        -4.829279919         4.880844594                
    -52.77152113         9440.997694        -12634.16806                
O              219                                                      
    -2.583600459        -3.011805788         3.516754783                
    -5.914863130         2.491050952        0.2930216534                
     16814.24675        -10707.56809         12047.45924                
O              220                                                      
     7.598109804        -7.121775857         3.380462264                
    -2.674582974        0.5517224350         5.836296449                
     2919.753513        -5413.265795         1488.009876                
O              221                                                      
     6.172243603        -3.127746746         5.710747332                
     3.856862122       -0.9009450686E-01    -6.912386070                
    -9111.889417        -3493.888358         31844.27927                
O              222                                                      
    -3.810726412        -7.010729625         1.020182271                
     2.369770929        -4.699764211        -3.575784221                
     3176.300371         11024.92460         10914.51027                
O              223                                                      
    -3.897863296        -3.007490547         1.231388833                
     1.969363294         3.124145512        -4.500661138                
    -8664.375252        -8801.391132        -5267.576238                
O              224                                                      
     5.964982730        -7.028065874         5.539182017                
     2.283188959        -4.328857511         5.074188349                
     14718.48996        -14684.37531        -3612.377497                
O              225                                                      
     5.963526258         3.261990203        0.1651794821                
    -6.784706438        -2.236233223        -1.612795152                
     16707.09646        -6468.126182         4135.175966                
O              226                                                      
    -4.075186002         6.661441161         6.411445343                
    0.6923635625         1.574346260       -0.2524944723                
     21366.42060         11136.98045        -70.65552197                
O              227                                                      
    -4.259535729         3.276428123         6.332991882                
     3.438129760        -2.705383660        -2.781867253                
    -7580.928744        -1835.942627         174.9911816                
O              228                                                      
     6.041304742         6.780384252        0.1815485520                
    0.6618060049        -2.134818867        -5.839898649                
    -4773.100020         4169.432197         7129.526573                
O              229                                                      
     1.923659409        -2.988107727         5.786243064                
     1.641498590         4.331604827         1.956008691                
     4318.018064        -8062.599502         14578.74976                
O              230                                                      
    -8.214530736        -7.074766502         1.003381467                
     4.612190144         4.105120917       -0.9406338787                
     11443.46000        -4706.273015        -4968.707257                
O              231                                                      
    -8.120659912        -2.960105908         1.090108828                
   -0.6156756750        -2.026087111        -3.244715010                
     5718.012089        -3079.961885        -1909.476203                
O              232                                                      
     2.153818330        -7.014199569         5.573054237                
     2.446530003        -5.784147703         2.693289532                
    -5428.588452        -841.2231235         9180.958001                
O              233                                                      
     2.489180632        -3.061589950         3.304518622                
     3.341447655         3.115668769       -0.8816316445                
     14136.17207        -24520.88767        -12011.58632                
O              234                                                      
    -7.535616003        -7.156289647         3.415128683                
    -3.635952585        -2.189023262       -0.7058764478                
     12296.33107         5174.604357         16977.34874                
O              235                                                      
    -7.698467793        -3.133773322         3.582800702                
    -1.446764714        0.6954881719        0.9156092428E-01            
     3584.676342         3919.599646        -7602.114505                
O              236                                                      
     2.495322818        -7.073163938         3.015770050                
    -1.087473633        0.3288934869        0.5589990512                
    -1073.895812         1019.042109         6046.444480                
O              237                                                      
     5.006457559        -3.175246635         3.475206376                
    0.1318012948         1.735879576        -3.708229751                
    -19151.35528        -16659.48800        -16816.91995                
O              238                                                      
    -4.983970059        -6.936381024         3.383011047                
     4.093649876         1.659995344        0.9941436516                
     353.0224465         6738.323099         3693.904240                
O              239                                                      
    -5.078483685        -3.215169876         3.512058409                
    0.5282533579         3.493327904         2.723531839                
    -17123.28837        -1028.636870         1849.145116                
O              240                                                      
     5.076472555        -7.040007740         3.123705386                
   -0.7286514515E-01    -1.774288396       -0.4794118973                
     5955.585816        -5870.518859         11707.55157                
O              241                                                      
     6.230828902        -1.155078627         4.063950138                
    0.2350232391         4.905276803        -1.664358944                
     6113.184189         22421.60467        -393.0386412                
O              242                                                      
    -3.809374806        -8.987960766         2.563869422                
     2.727887568        0.7368433140         10.36030039                
    -82.85999992        -3038.839541         1540.592036                
O              243                                                      
    -3.975457458       -0.9739492133         2.761221309                
    0.9140896788       -0.7599641918        -3.856695830                
    -7733.212340        -423.3619856         2302.311965                
O              244                                                      
     6.233767141        -9.186721541         4.078863792                
     2.013360022         3.446998612         4.419854312                
    -3238.107207         21323.08733         5600.035385                
O              245                                                      
     1.332468067        -1.086363411         4.201732126                
     1.410049242       -0.6077379461        -3.069799435                
     2062.943314         13082.88819         5199.235599                
O              246                                                      
    -8.690405964        -9.228328298         2.474215825                
    0.4039079899         1.037270905         2.317206949                
    -4123.295734         1336.942805         3760.590009                
O              247                                                      
    -8.792226889       -0.9349274235         2.446759990                
     1.932391411       -0.2183374993        -1.611630449                
     2294.170094         7347.964005         5969.379256                
O              248                                                      
     1.384766187        -9.058680589         4.155227152                
    -2.969316815       -0.5415777348        0.3496901703                
    -4020.987236        -22829.71889        -2851.884837                
O              249                                                      
     8.105444289         2.396246178         1.287734587                
    -2.231507628        -1.919020882         3.885855004                
     4629.998214        -2447.554810         7384.996775                
O              250                                                      
    -1.794736379         7.577308367         5.336160091                
    0.5973029328        -6.353626230       -0.5974216204                
    -13512.27375        -14238.90868         3761.258292                
O              251                                                      
    -2.075185870         2.508606598         5.300869068                
     5.910564788        -1.126038344         2.280595533                
     9466.412884        -2002.899294        -176.2405316                
O              252                                                      
     8.245148869         7.398704178         1.336004098                
     4.921879131        -2.011512718         1.102350074                
    -8740.969581         2065.772575        -4366.712254                
O              253                                                      
     8.057823764       -0.8145107214E-01     1.365427320                
   -0.3572330166       -0.9666400833         2.764716373                
    -5748.376177        -19178.22267        -12777.75661                
O              254                                                      
    -1.968765155         10.05913001         5.488777924                
    0.4430391896E-01    -1.848513137        -2.705421325                
     14738.42274        -4814.715628        -6494.719967                
O              255                                                      
    -2.149632352        0.2405931338E-01     5.549208097                
   -0.9903156755        -2.473110908        0.6101824686                
     4092.437164         9917.322699        -6526.551776                
O              256                                                      
     8.289643052         9.971691785         1.230805479                
    -1.688921809        0.9392577816       -0.8259379839                
    -10071.82263        -4.555615697        -5389.899153                
O              257                                                      
     8.128571080        -2.684636722         1.121997570                
    -3.682355066         6.104013265       -0.6856382291                
    -8850.993545         23032.58552        -3236.174649                
O              258                                                      
    -1.878181008        -7.584532158         5.594043520                
    -6.040365975         1.798505137         3.077273706                
     349.8727793        -4876.745469         6646.031324                
O              259                                                      
    -2.058195833        -2.413604773         5.771883173                
    -5.536703982        -2.264422819         3.373115494                
     9776.592805        -12478.99816         1646.628389                
O              260                                                      
     8.313908917        -7.625323224         1.063587971                
    0.1195337183        0.9265828478         3.662670888                
    -6638.911082        -13206.69784         3740.323643                
O              261                                                      
     3.840170817         2.536549481         1.392561870                
    0.1223465078E-01    -2.907408245        -4.277767447                
    -788.6129262         2386.140101         2446.504895                
O              262                                                      
    -6.214581396         7.598597074         5.469501403                
    -7.508497827         4.488112873        0.7066303513                
     6369.058626         8944.457261        -11490.57555                
O              263                                                      
    -6.572082626         2.456991090         5.519251332                
     1.515612065         5.677277374        -2.118516407                
     5007.970679        -9072.167002        -5494.430142                
O              264                                                      
     3.824137010         7.592456163         1.263008602                
    -2.562187345         7.187218307        -6.527546977                
     8004.343984         14461.74978         1700.442654                
O              265                                                      
     3.862615879        0.7775988264E-01     1.224709583                
    -2.379991309         3.212185099        -2.606746536                
     122.1221811        -5113.165909         7290.981731                
O              266                                                      
    -6.101091333        -10.06769823         5.408564967                
     2.554359570         1.678502207       -0.4496954611                
     2358.988515         1034.245387         11077.06064                
O              267                                                      
    -6.348485842       -0.1340924952         5.507496234                
   -0.8476408623E-02     8.289459023         4.511699945                
    -5171.025709         16137.17610         5010.685048                
O              268                                                      
     4.151285104        -9.967197959         1.176880779                
     4.381102008         5.214221081        -8.278559191                
    -3012.318062        -17978.14952         3119.547101                
O              269                                                      
     3.960907104        -2.477435589         1.298004522                
     3.501016651         1.239096723       -0.9050175239E-01            
    -407.4673353        -6433.795704        -2110.238031                
O              270                                                      
    -6.078499789        -7.584158385         5.595615699                
    -6.679943922        -3.442732075         4.687794388                
     1893.670553        -13043.25824         4013.307367                
O              271                                                      
    -6.250128857        -2.638303305         5.549411057                
     3.963383909         1.111380930        -3.233774627                
     9856.283040         26239.11773         33233.89925                
O              272                                                      
     4.141120513        -7.453360690        0.9961208851                
     2.836374097         2.296578873         2.803496403                
    -121.7542802        -11563.34489        -14412.04499                
O              273                                                      
   -0.1345482850        0.9556958691         4.215001922                
     1.615894196         2.732717644       -0.7547914562                
    -12019.41011         5719.237117        -1465.411150                
O              274                                                      
     10.11733747         8.828771014         2.495033537                
     3.211660449        0.8462052921         4.389206183                
     10924.31387        -1936.411192         5476.279367                
O              275                                                      
     9.989692906         1.128189390         2.610289977                
     2.368485247        -1.569527034         2.506195848                
     1020.080724        -4195.127676        -8222.214640                
O              276                                                      
   -0.6391208895E-02     8.915619184         4.054324671                
     8.132788248        -2.029434988         1.127551627                
     11106.78378         18486.60741         1505.835462                
O              277                                                      
   -0.3961093557E-01    -3.151829135         4.255899465                
    -3.910704326        -1.709010202        -4.204716638                
    -7071.650400        -8530.005503         6957.468838                
O              278                                                      
    -10.11462812        -7.026998564         2.604582317                
    -1.243916252         2.274898224        -7.163215522                
     5917.957840        -11738.38957         5352.698104                
O              279                                                      
     10.14643790        -3.113776923         2.591395137                
     5.068035987         9.111025339         5.240727219                
     2719.109863         5350.719361         1100.264223                
O              280                                                      
    0.6293031005E-01    -6.876303218         4.197884509                
     2.176015387        -1.959483448        -2.428309084                
    -5118.238803        -359.9923719        -5953.608506                
O              281                                                      
     8.567419313        -5.129968720         2.162174304                
     5.035135719         1.561215886        -1.800994366                
     7723.270560        -12440.30220        -2558.548969                
O              282                                                      
    -1.604584875        -4.999565765         4.880008991                
     1.320137548        0.5533473033         1.362514168                
     4279.366242        -3255.661845        -9825.125410                
O              283                                                      
     3.788443456        -5.053535754         2.194539903                
    0.5057980024         2.341464123        -3.316280835                
    -2917.017585         11062.36087        -3443.846454                
O              284                                                      
    -6.405800420        -5.190979363         4.611239963                
    0.3527245297         5.916888390        0.8382430126E-01            
    -1616.267896         23084.04462        -4505.673741                
O              285                                                      
     4.289568292         5.044281668        0.5418740269                
    -3.529247452       -0.5599813608         11.39345053                
    -9509.424025         15663.23067        -7704.026006                
O              286                                                      
    -6.018376736         4.995425868         6.259609431                
    0.8770049828       -0.9906818156E-01     5.044052619                
     3529.344020         15395.07466         416.6833478                
O              287                                                      
     7.698451067         4.910776941        0.2825614536                
    -2.148443690        -3.455024687        -6.322157682                
     10421.57799         6243.896851         1568.810211                
O              288                                                      
    -2.431198808         4.979467340         6.246112805                
    -2.055123115        -1.630048040        -1.599105434                
     14215.47058         8657.255382        -1149.694739                
C              289                                                      
   -0.8066763006E-01     4.612474631        -1.069795965                
    0.1118584809        -1.059055777        -1.123221448                
     96.33625005         158.1045549         70.54178125                
C              290                                                      
    0.1698472598         3.306047596       -0.6334423785                
    -1.355072081        -1.090669425       -0.3756923036                
     80.72161903         26.62003482         67.47955203                
C              291                                                      
    0.6077577759         3.077410971        0.6765040599                
    -2.264550179       -0.8883587899       -0.3634587637E-01            
     41.02462053         3.662064958        -25.98082378                
C              292                                                      
    0.7951534025         4.155201380         1.550096912                
    -1.707097715       -0.6544345059       -0.4445285924                
     27.46863745         21.03916579        -71.57962409                
C              293                                                      
    0.5446385122         5.461628415         1.113743324                
   -0.2401671517       -0.6228208577        -1.192057737                
     115.5825085         49.62215125        -90.41732041                
C              294                                                      
    0.1067279961         5.690265040       -0.1962031140                
    0.6693109459       -0.8251314932        -1.531404165                
     83.34922568         83.72452172        -79.06778059                
H              295                                                      
   -0.4184843143         4.788851456        -2.080326076                
    0.8134558715        -1.215123982        -1.385002978                
    -32.60157165        -101.2088221        -123.0412794                
H              296                                                      
    0.2528543991E-01     2.474589615        -1.307360471                
    -1.785123537        -1.271127492       -0.6079896139E-01            
     14.01545558         70.92702870        -142.5477315                
H              297                                                      
    0.8010126404         2.069576163         1.013116078                
    -3.396199026       -0.9127486517        0.5403289970                
    -160.5624455         66.85922251        -40.85222310                
H              298                                                      
     1.132970086         3.978824555         2.560627022                
    -2.408695105       -0.4983663014       -0.1827470626                
     90.46208300        -76.78198195         57.00848411                
H              299                                                      
    0.6892003324         6.293086396         1.787661418                
    0.1898843026       -0.4423627911        -1.506951079                
     21.19670001         39.11215900         108.6294311                
H              300                                                      
   -0.8652686776E-01     6.698099848       -0.5328151304                
     1.800959792       -0.8007416311        -2.108079037                
    -53.12394413        -65.43825155         3.462462996                
