Diffusion in Zeolites. ZSM5 (Silicate) Crystal Structure, Si(96)O(192) +
         2         2       300    133340   1.0000000E-03   1.3334000E+02
       20.3183600000        0.0000000000        0.0000000000            
        0.0000000000       20.1714600000        0.0000000000            
        0.0000000000        0.0000000000       13.5858629500            
Si               1                                                      
     1.548471548        -1.359008816        -4.596256442                
    -1.714485277       -0.3253410196         5.463907241                
     9380.055210        -19059.09175        -7519.710728                
Si               2                                                      
    -8.553083811        -8.999162477        -2.305954249                
   -0.2189087920         1.831850066       -0.9605688428                
    -4420.151389         187.5438510         24748.23033                
Si               3                                                      
    -8.600419788        -1.186439854        -2.141234591                
    -3.933698263       -0.1966314321         1.255844855                
     7779.113015        -30990.09592        -4635.892484                
Si               4                                                      
     1.768453167        -8.942785408        -4.696510393                
     7.769624765         1.536008845        -1.299999644                
    -10285.79605        -6816.945940         1962.401419                
Si               5                                                      
     3.826874607       -0.6645298649        -2.652810106                
     4.887479137         1.264752143         2.218110398                
     23786.01739        -9266.414877         19856.65887                
Si               6                                                      
    -6.172329847        -9.550856074        -4.232518478                
    -1.443579416         3.179178942       -0.5967655774E-01            
    -11194.91760         10792.29850         14074.33804                
Si               7                                                      
    -6.166571648       -0.6224429072        -4.081561891                
     2.137972772        -3.864306167         3.404060748                
     8622.627413         12890.10059        -790.0483043                
Si               8                                                      
     4.061850396        -9.532748951        -2.663757625                
     3.310057436         3.181078454        -2.104595371                
    -11585.65655         6433.748954         2930.979201                
Si               9                                                      
     5.571860841         1.164101393        -6.303453458                
    -3.186217723         2.568565857        -1.068184869                
     11023.07571        -8957.495737        -9567.679113                
Si              10                                                      
    -4.350085181         8.945729450       -0.3839746224                
   -0.4041825434         3.416769051         2.034808377                
    -3427.428996        -25156.79615        -20216.74302                
Si              11                                                      
    -4.626708797         1.242266141       -0.3509913369                
     3.085285131         7.658624754       -0.5891733014                
     9347.147190         5984.866332         2233.222659                
Si              12                                                      
     5.778512881         8.831465810        -6.557694865                
     2.139917059        -1.852230965        -4.593869165                
    -2252.893009        -3945.311561        -6019.182628                
Si              13                                                      
     2.420625103         1.108817694        -6.417000491                
     2.128722949        0.4424526576       -0.2437554610                
    -11909.12419        -12728.01466        -18681.86504                
Si              14                                                      
    -7.518733979         8.753813350       -0.4214310425                
     5.290836375       -0.2315023783        -1.617688539                
    -2058.911453        -8083.767912         23536.12159                
Si              15                                                      
    -7.767225522         1.144854949       -0.2869952311                
    -4.603415088         2.638963294        0.2533563359                
    -12081.28774         15558.76239        -13606.22656                
Si              16                                                      
     2.581323515         8.772990886        -6.565380779                
     2.234647857         3.753493666        0.6503435671                
    -8615.953098        -1683.720285        -7144.986897                
Si              17                                                      
     8.732082726       -0.5879461600        -2.566267652                
    0.2011647963        0.2973897407         2.012549973                
     10726.96662        -1324.869373         13735.45544                
Si              18                                                      
    -1.264074389        -9.530283734        -4.282661632                
   -0.2801983240        0.8319299736         6.993075828                
     10237.54404        -3359.811356         136.6096207                
Si              19                                                      
    -1.427440812       -0.6496877023        -4.168012710                
     1.980276274        0.2171790612        0.8962993088                
     2891.734541        -17995.41414         19854.31941                
Si              20                                                      
     8.717551744        -9.529805751        -2.570788899                
    0.3575824967         3.996484822       -0.9815364944                
    -13748.32045         1230.095490        -7732.967694                
Si              21                                                      
     6.360131080        -1.293724960        -4.457708371                
    -2.611411590        -4.497675894       -0.8447930968                
    -9594.141874        -13975.01847         20599.63933                
Si              22                                                      
    -3.695678396        -8.931162548        -2.380250897                
     3.771291521        0.7881526963       -0.5046780908                
     4429.410944        -2210.055307        -11871.38856                
Si              23                                                      
    -3.742566629        -1.238344802        -2.120409575                
    -3.982080702        -1.105657504       -0.8171454886                
     8956.321487         7909.960278        -379.0209079                
Si              24                                                      
     6.465332916        -8.935824602        -4.623358542                
   -0.7946175893        0.6907702028         5.458454334                
     2286.939481         3826.961732         7419.484477                
Si              25                                                      
     1.557993266         3.482599733        -4.551823395                
    0.9827818754         2.408681721       -0.4713640057                
    -19273.00856        -3604.829207        -10236.32086                
Si              26                                                      
    -8.490216162         6.574414718        -2.380702483                
   -0.7487731653        -2.291827416        -4.758885561                
    -18057.77519        -10262.42646         7966.495477                
Si              27                                                      
    -8.542799136         3.400687708        -2.348899198                
    -1.827055915        -3.313958247         3.029011422                
    -4257.498281         11454.16529         8664.945497                
Si              28                                                      
     1.646671826         6.590072504        -4.471095007                
    -5.869537590         1.431703901        -1.773142196                
    -10551.62184         4152.618905        -12595.42203                
Si              29                                                      
     3.798223841         2.502828446        -2.669243211                
    -3.141180127       -0.2349821945         2.464702129                
     27965.08691         2651.680225         10813.41961                
Si              30                                                      
    -6.103420647         7.498252517        -4.196792822                
    0.6543552367       -0.3192110126         3.686189002                
     16167.75575        -29931.87229         12928.48690                
Si              31                                                      
    -6.143982545         2.553573763        -4.256671534                
    -1.592542490        -3.461792518        -1.947787001                
    -7984.523053         4837.511040         20237.98022                
Si              32                                                      
     4.020526461         7.490385383        -2.725474831                
     2.004930144       -0.1167913849       -0.2414846007                
     6742.704747         7117.950525         3806.753118                
Si              33                                                      
     5.687379681        -3.501298185        -6.474647512                
    0.1838275799         4.585959978        -1.738114890                
    -14080.59483        -21695.89321        -4861.541770                
Si              34                                                      
    -4.564347866        -6.643751060       -0.4751450114                
    -2.279416183       -0.3287923523         3.868447842                
     20960.90247         11636.33247         6870.435626                
Si              35                                                      
    -4.420730385        -3.604756689       -0.2040491230                
     1.619333070         1.113321116        -2.400502635                
     7682.479413        -13165.36222         4462.079097                
Si              36                                                      
     5.687082687        -6.613466699        -6.528500804                
    -5.455860741         2.368099010       -0.9824927093E-01            
     6802.549013         15713.36444        -11353.53008                
Si              37                                                      
     2.499797523        -3.576930350        -6.606582735                
   -0.3763709166         2.591878607       -0.7138189900                
    -7387.647557        -9367.663259        -409.1616275                
Si              38                                                      
    -7.740470794        -6.649384492       -0.3627135114                
    -4.883101930       -0.5757340674         1.369725129                
    -10978.78188        -9828.714704         11470.87987                
Si              39                                                      
    -7.608075198        -3.565391072       -0.2318486134                
    -1.529191578         3.614119716        -3.341891618                
    -4709.468186         17952.82204        -8648.971428                
Si              40                                                      
     2.543170721        -6.683211704        -6.705177813                
     1.874649516        -1.381638706       -0.1950580846                
    -3863.428003         12424.50958         10707.47919                
Si              41                                                      
     8.783339622         2.576629083        -2.659695396                
   -0.2171339742         4.727887713         2.146023007                
     14609.17711        -1451.094734         32335.94647                
Si              42                                                      
    -1.300219461         7.504011691        -4.285512955                
     5.376790011        0.7411282979       -0.4279016816                
    -15151.99221         6232.981670        -4999.723136                
Si              43                                                      
    -1.363409978         2.463446446        -4.169339072                
     1.635750961         1.095139399        -4.619569836                
    -12669.00583         14617.56430         3078.556057                
Si              44                                                      
     8.792857741         7.491475868        -2.636162897                
    0.1535619548        -3.712235543        -1.795296869                
    -4833.708302        -1524.658309        -10421.85263                
Si              45                                                      
     6.384614033         3.466371348        -4.433825448                
    -4.547665091       -0.6437392988        -1.581847122                
    -18658.65576        -6250.353420         14325.19002                
Si              46                                                      
    -3.591786130         6.607971949        -2.372717723                
    0.6161134743        0.7735366172       -0.2238237871                
    -1558.226468        -7913.828663         10008.53419                
Si              47                                                      
    -3.774856757         3.451475860        -2.347001907                
    0.9834485842        0.3868074431         3.763545234                
     19809.67077         6171.673097         7678.446983                
Si              48                                                      
     6.475625511         6.578271418        -4.618485853                
    -3.475920658         3.387289898         2.540230210                
     17058.26390         7561.510342         4252.143229                
Si              49                                                      
     8.579646690         1.254214307         2.389483080                
    -4.000294267        -4.487854436         1.855498231                
     17780.85030         4148.239713         5619.058494                
Si              50                                                      
    -1.477271989         8.804762720         4.504783825                
     3.466402990        -1.539914932       -0.3682946153                
    -15451.28344         12384.40492        -22823.46625                
Si              51                                                      
    -1.525807839         1.165345235         4.512059971                
     3.927650329       -0.3197726092        -1.578252084                
    -294.4177644        -11129.75786        -5734.241657                
Si              52                                                      
     8.630293099         8.827537152         2.076625094                
   -0.6520027642        -5.632051579       -0.8011071663                
     31854.28018        -1821.455773         5238.183085                
Si              53                                                      
     6.247008719        0.5877450313         4.245596614                
     3.577763667         1.459974428         1.268299562                
    -1447.873890         8656.549067         10555.85253                
Si              54                                                      
    -3.901803178         9.433456764         2.622096940                
    -1.391805713        0.1913821723         2.530766282                
    -6255.046578        -3310.234539         17057.72541                
Si              55                                                      
    -3.828448425        0.5260210614         2.585752867                
    -1.499570392        -4.011203667        -3.032692617                
    -5689.688535        -7314.438135         9772.442503                
Si              56                                                      
     6.370117990         9.529814156         4.064996835                
     4.002299168       -0.7845148795         4.550822719                
     9939.694162        -29354.89298        -4758.567195                
Si              57                                                      
     4.570622968        -1.185893156        0.3716905670                
     5.446864701        -1.394191076        -8.731444436                
     6404.957930         8231.182509         3951.299236                
Si              58                                                      
    -5.515552372        -8.904849209         6.407758868                
   -0.5149639526       -0.6272405057        0.2379007366                
    -15223.30781         25793.97736        -13852.12225                
Si              59                                                      
    -5.611123889        -1.279379847         6.507409680                
   -0.3050592161         2.289163653         1.670849612                
     843.3054251        -1994.567711        -7676.292633                
Si              60                                                      
     4.504592527        -8.867387296        0.3845607258                
    -2.392585420        0.3950242151        0.4518056024                
     11981.64597         8409.877981        -14279.46823                
Si              61                                                      
     7.721178119        -1.088723124        0.4304982665                
    -2.930604067        -1.186436939         4.653887578                
     19040.26346        -10319.63396        -3032.180406                
Si              62                                                      
    -2.377006446        -9.016520589         6.406674269                
     2.997654796         2.169612491         4.173930746                
     7514.959793         31167.31846        -13419.44404                
Si              63                                                      
    -2.441183209        -1.230290473         6.530440089                
    -3.850731484        -6.263501878        -3.832463066                
    -2041.567854         8482.308942        -18173.08069                
Si              64                                                      
     7.716923485        -8.799810475        0.2833913580                
     6.364763398         2.918921544       -0.9539377722                
    -1442.039038         2420.106596         18182.99559                
Si              65                                                      
     1.472274925        0.5777027965         4.144581342                
    -1.204937588       -0.3971774719         2.032554495                
    -7326.793907        -5781.030207         3705.647284                
Si              66                                                      
    -8.595707078         9.367481304         2.499756853                
   -0.7656612096        -1.458634068        -1.453037262                
    -24542.34252         18660.25699         3676.956254                
Si              67                                                      
    -8.704711811        0.6444401761         2.632972003                
    -2.269996934         2.858148484         2.662195052                
     13695.92366        -12481.36650         17439.85059                
Si              68                                                      
     1.487572874         9.499645500         4.045092123                
    0.9627417962       -0.1215189645        0.1201958493                
     12228.39860        -6358.445646         36179.76500                
Si              69                                                      
     3.866185173         1.263315970         2.286237350                
     4.457696823         1.578907718        -3.820575228                
     12910.34069        -1538.225238         13901.39628                
Si              70                                                      
    -6.364720212         8.874004060         4.570438975                
     2.268574949         3.296881583        -2.339922570                
     6080.283570        -25126.11009        -1315.560011                
Si              71                                                      
    -6.284325528         1.148520602         4.548118838                
    -5.436656078         2.259662284        -2.011154222                
     9184.974270         6949.753525        -9606.592040                
Si              72                                                      
     3.899460396         8.840334137         2.247446073                
     1.961101294        -3.043538007        -2.506421627                
    -783.2417215        -27829.86665         188.4587755                
Si              73                                                      
     8.667321554        -3.473024803         2.247662346                
    -1.856663162         4.274691694        0.5434759877E-01            
     8637.022685         24770.09982        -14850.82731                
Si              74                                                      
    -1.657681382        -6.591736587         4.429414136                
    -5.239011142         1.673746019        -1.141187770                
    -4281.074878        -31438.01334        -6158.204957                
Si              75                                                      
    -1.487766738        -3.480479126         4.651267468                
     5.783083406         1.588801343         2.795153298                
    -12539.08173        -90.78693131        -12620.53260                
Si              76                                                      
     8.623392398        -6.522903319         2.261295909                
    0.2494672091       -0.4843385002         3.738969530                
     14773.92563        -30586.60633        -6872.744522                
Si              77                                                      
     6.259202845        -2.570024965         4.111216054                
     2.048658439         1.233798945        -6.790953462                
     10712.20612        -3077.316383         8571.664810                
Si              78                                                      
    -4.009707824        -7.505774420         2.562947273                
    -3.421972615         1.028617488         1.917016965                
     13416.05220        -10748.67246        -16222.96796                
Si              79                                                      
    -3.906097025        -2.662054510         2.765518277                
   -0.4423509980        -3.946181842         2.334204941                
     17681.89721        -11111.91899        -8480.980237                
Si              80                                                      
     6.300212779        -7.533062805         4.093940077                
     3.665192076        -3.208652933        0.6498042159                
    -7313.812485         23325.39511        -974.3154618                
Si              81                                                      
     4.585482914         3.516237391        0.2790493595                
     2.174488813        -1.935505603         2.818494170                
     20928.34018        -17888.99558        -13221.89998                
Si              82                                                      
    -5.451833186         6.597187196         6.444517648                
     3.343025445        -1.269243935         2.988291117                
    -11690.34580        -4259.780895        -10372.66450                
Si              83                                                      
    -5.488430122         3.514477695         6.383832831                
    -4.720133815       -0.2265941482       -0.1201386405                
    -43286.98237        -3632.227713        -7601.383447                
Si              84                                                      
     4.595440549         6.571558599        0.2340154505                
     1.541121158         3.622879247         6.103465490                
    -8659.453986         22734.21050        -5038.465393                
Si              85                                                      
     7.821060992         3.398055196        0.2934718162                
     1.101648398         1.295108288        -1.256511836                
    -13126.49708        -6364.008297        -5477.812297                
Si              86                                                      
    -2.251374761         6.559898061         6.456333398                
     4.245254918        -6.521155282        -3.277799882                
    -16230.22917        -12661.00593        -2309.975338                
Si              87                                                      
    -2.376225442         3.402636916         6.501803976                
    -3.280221678         4.492839324        -1.995221070                
     5327.399186         318.7062424         9259.524090                
Si              88                                                      
     7.739458721         6.526283968        0.1882267019                
    -3.430212739       -0.7395542207        -2.564925499                
     16550.32221        -20619.50355        -1048.430799                
Si              89                                                      
     1.477663911        -2.611958562         4.099902654                
    -2.092053654        -5.790282475        0.9020534430                
     3098.216320         3126.014458         5340.208734                
Si              90                                                      
    -8.685731473        -7.574297621         2.572061957                
    0.7028444697        -4.021617506        -7.084292064                
    -30155.75938        -754.6924670         670.6549719                
Si              91                                                      
    -8.633049288        -2.545831626         2.645796871                
    -2.424776842        -4.578499046        0.6378123555                
    -8568.712549         7678.207038        -5035.469812                
Si              92                                                      
     1.321760639        -7.528228157         4.066446904                
     3.927559583         2.730394443        0.6204840838E-01            
     5294.501240        -878.6653294         137.1283350                
Si              93                                                      
     3.844477754        -3.461031674         2.266983890                
     4.916236783        -1.209475043        -1.772793138                
     6797.664902        -17341.98268         2720.713772                
Si              94                                                      
    -6.358971156        -6.600170289         4.438673698                
    -2.367498874        -3.070949699         1.497116230                
    -1482.779738         9578.919184         20996.66500                
Si              95                                                      
    -6.370905067        -3.507444635         4.534319778                
     1.565076050         5.082717740         2.830635812                
     4501.419307         25360.81872         32697.03630                
Si              96                                                      
     3.770868881        -6.572020049         2.336370795                
    -1.079544428        -1.173267539        -1.503195533                
     7776.102911         4630.946781        -22533.43940                
O               97                                                      
     2.634480532        -1.219983424        -3.423629128                
    -1.614597948         2.917171789        -4.405228878                
    -28410.00512        -4545.327489        -11131.44472                
O               98                                                      
    -7.498895664        -9.089660924        -3.453913317                
    -1.094602280        -2.834555483        -9.137973655                
     5972.093191        -209.5228794        -6774.051856                
O               99                                                      
    -7.485194445       -0.8918548797        -3.272365131                
     6.617176526       -0.3829104637        -1.473259836                
    -7041.382115        -6876.513695         9697.295971                
O              100                                                      
     2.723614523        -9.117885952        -3.457280823                
     5.000897289         2.336271998         2.107926794                
     13976.18048         6991.676490        -2535.704435                
O              101                                                      
     4.045115628        -1.071857690        -1.097335359                
     2.358618108        -3.363442862         4.108315118                
    -3991.005503         11084.82994        -11519.83568                
O              102                                                      
    -5.954342291        -9.064999426        -5.695155544                
    -2.329972160         1.298709436        -1.583090404                
    -2530.339113        -2080.045481         3608.807868                
O              103                                                      
    -5.950356176        -1.098479229        -5.559645051                
    -4.613562007        0.4543362419         5.004531783                
    -11506.72464         2337.376501        -195.2748443                
O              104                                                      
     4.138564508        -9.105401229        -1.146192633                
     1.279309710         6.282590468         1.829162801                
    -2235.808716         814.8821294         4110.742596                
O              105                                                      
     3.991196041         1.104753347        -6.332729939                
    -6.562475925        0.1143453747       -0.8752427884                
     4423.592377         8746.174053        -569.2982365                
O              106                                                      
    -5.942298306         8.840924137       -0.4296233886                
    -5.180930918         2.397410406         7.377961698                
     1052.452797         6587.402613        -7161.089935                
O              107                                                      
    -6.206679515         1.196446320       -0.4024461535                
   -0.9682442971       -0.6505591164        0.9146155388                
     6788.202343        -10772.61628         4132.283174                
O              108                                                      
     4.138980156         8.831302494        -6.655540662                
    -7.149993756         3.092839784        0.7864412402                
     31704.84937        -6842.644015         14551.79556                
O              109                                                      
     8.166844574       -0.8384918490        -1.081485312                
   -0.7664137700        -2.359906859         2.175833195                
     7935.076634        -761.1025962        -1033.282921                
O              110                                                      
    -1.743348216        -9.153400649        -5.717312174                
   -0.3164362002        -1.535536536        -6.915934248                
    -20011.48257         7065.105352        -20818.11254                
O              111                                                      
    -1.973961585        -1.003683713        -5.579004711                
     1.407249465        -2.653269640         4.709058724                
    -5760.186341        -103.9289960        -10034.56782                
O              112                                                      
     8.192793866        -8.957905155        -1.195421754                
   -0.3213401184       -0.1013612563        -7.017952927                
     1435.159419        -5157.044216         29.48778011                
O              113                                                      
     7.701023212        -1.139913734        -3.588584362                
    -4.524125467         3.752723702        -4.009502787                
    -14550.31296         2541.243920        -15693.21296                
O              114                                                      
    -2.361876376        -9.133274034        -3.224687674                
     2.782430998         1.210480542        -2.716851577                
    -2851.050660         10228.13692         3869.927048                
O              115                                                      
    -2.382645037        -1.084042761        -2.983174799                
    -5.132888442        -8.624899337         4.044907468                
    -16210.96138        -3433.093842         2191.197258                
O              116                                                      
     7.759372286        -9.097235546        -3.758475081                
   -0.5036576190        -2.509884472        0.8545895879                
     8686.426070         6891.986775         122.8567834                
O              117                                                      
     5.118786762        -1.145213267        -3.427665204                
    -2.314455509        -1.082117994        -1.949149789                
     12936.50315         8617.508081        -7876.511970                
O              118                                                      
    -4.927662373        -9.192082546        -3.349709139                
    -12.12171405         7.928782611        0.2290542046                
     6411.938172         7366.169840        -2698.844493                
O              119                                                      
    -4.947439402        -1.134619159        -3.179919527                
    -7.051538892         2.243158081       -0.1045409618                
     1821.041946         4246.429428         4669.947120                
O              120                                                      
     5.323425744        -9.127311802        -3.526505371                
    -3.277727055        -3.522940164        -2.076562329                
    -7267.875631         8737.815403        -4806.583304                
O              121                                                      
     2.607122600         3.067754846        -3.471335742                
    -5.353557434        0.4035258791        -6.754048387                
    -9221.917371         5368.784449         2305.822730                
O              122                                                      
    -7.401744562         6.993963037        -3.416737620                
   -0.1699364050        0.2125061490E-01    -10.78193311                
     10363.61183         4907.490959        -12507.15465                
O              123                                                      
    -7.450921005         2.995050926        -3.391569631                
     3.412621206         2.318677324        0.3230997897                
     9323.210517        -2277.870786        -19071.92113                
O              124                                                      
     2.701921866         6.908494859        -3.345153406                
     3.131337396         3.373438410         1.411238057                
     483.9859726         119.0147157        -12343.79973                
O              125                                                      
     4.034510726         3.022764066        -1.130528683                
    0.8761677624         6.448503693       -0.4058867028                
    -5899.228760        -5559.442936        -19031.41171                
O              126                                                      
    -5.846784108         6.935928405        -5.664913031                
    -9.743085748        -2.210877321         8.980358856                
    -1918.979087         12835.03447         15314.22213                
O              127                                                      
    -5.965863720         3.043342585        -5.726500463                
    0.2061307284E-02    -2.193148409         8.955961747                
     2976.761225         9786.097200        -12249.17114                
O              128                                                      
     4.115174173         7.046567805        -1.222982379                
     6.467358062        -1.852480739       -0.2251909233                
     14856.39198        -7247.607973         4719.950992                
O              129                                                      
     4.082570742        -3.479490163        -6.525534925                
    -8.517595993         4.987053251        -5.310383433                
    -756.0341538         7070.113998        -307.7440128                
O              130                                                      
    -6.153823643        -6.659267685       -0.5083777831                
    -2.196382103       -0.8903530015        0.1894299392                
     4656.068405        -10932.73213         3548.380834                
O              131                                                      
    -6.005256670        -3.535044190       -0.2777604729                
     1.776181446        0.7741445626        -2.536805081                
    -9477.652418         991.4402352         2334.046637                
O              132                                                      
     4.114730362        -6.704413325        -6.598813466                
     3.679604642        0.1228780793        -10.79990327                
     2397.250877        -7069.636559        -7244.194866                
O              133                                                      
     8.345945480         2.988145531        -1.138922568                
   -0.9006119011        -2.098249152         2.218999774                
     1567.807336        -6867.749699        -10095.06572                
O              134                                                      
    -1.837521275         7.074358624        -5.677111671                
     2.006494228        -8.311628739         4.894031650                
    -849.6009911        -9147.124684        -37035.49180                
O              135                                                      
    -1.922614691         2.914564003        -5.619332150                
    -6.055315304        -1.858538104        -3.815846549                
     410.8066634        -1897.508397        -4452.408289                
O              136                                                      
     8.357338920         6.931840433        -1.226742899                
    0.7459173318         5.576848840        0.5719229165E-01            
    -11819.95410        -6897.872344         4170.046828                
O              137                                                      
     7.711126089         3.112808670        -3.631063126                
    -1.461651654        -1.068223749         1.411011660                
    -14829.86047         1875.093425        -8103.607386                
O              138                                                      
    -2.344697165         6.943493906        -3.301753204                
    -2.776051155         1.647525786         2.082344296                
    -4505.391558         257.1581659         27028.09574                
O              139                                                      
    -2.414264107         2.926374424        -3.069118021                
     4.786875023         2.879493411         9.872282930                
    -8610.245420         8272.926859        -3873.946654                
O              140                                                      
     7.755175717         6.981831076        -3.754898486                
    -4.353135004         6.302051792        0.7188527267                
     4712.383858        -5362.706137         3416.175482                
O              141                                                      
     5.029248488         2.939398754        -3.607489256                
    -2.754448704         1.425227670         1.597453403                
     19729.00435         16629.84797         8702.820262                
O              142                                                      
    -4.799148042         6.948703570        -3.309468527                
    -5.828284381        -2.240584304         5.425129710                
    -29540.37169         15609.07414        -14272.10819                
O              143                                                      
    -4.942385827         3.060692623        -3.322543656                
     5.822259999         2.386546222        0.5743597251                
    -3648.501617         7208.811993        -14456.40388                
O              144                                                      
     5.264645836         7.030040487        -3.679485839                
     1.009547580        0.2241265004         5.460406366                
    -16063.82427        -506.6974478         4160.600577                
O              145                                                      
     3.760534352        0.9273606238        -2.709908129                
     7.236254830        -1.505362463       -0.1359418071                
    -2938.097948        -3719.941983         9480.063903                
O              146                                                      
    -6.189656056         9.059791683        -4.202344388                
    -2.681019932         1.559741935       -0.3926961216                
     1911.768419        -8506.754390        -7736.736680                
O              147                                                      
    -6.115310376        0.9969095242        -4.266269215                
     5.935371100        -5.227106672        -2.298030291                
     454.6082032        -22201.16044         5349.586315                
O              148                                                      
     3.999420982         9.079491710        -2.730901022                
     5.427586247        0.2643216814       -0.9499175823                
     3847.248325        -16981.56419        -130.5678027                
O              149                                                      
     8.855332540        0.9840464958        -2.731248626                
    -3.459999963       -0.8706378017         4.027756742                
    -9953.019887         5807.304527        -4680.058886                
O              150                                                      
    -1.255630209         9.065568232        -4.286344534                
    -1.149233009        -2.531790111         5.102497656                
    -1558.148143         6582.267796         11739.65663                
O              151                                                      
    -1.331529130        0.8917454834        -4.138840194                
   -0.8154908131         3.354155421        0.6023116542                
     4811.394867         13318.88476         773.7192448                
O              152                                                      
     8.616592727         9.057913108        -2.599980504                
    -2.300561035        -3.074718293        -4.199301247                
     9052.630203         4125.149048         2608.255169                
O              153                                                      
     1.806334943        -2.635443359        -5.539134360                
     2.355790788         1.420820480        0.1640750381                
     6477.689075         5914.908932         6198.256162                
O              154                                                      
    -8.368230773        -7.683777774        -1.398352727                
    -3.334434551        -5.531902407       -0.6660202612                
     12511.26728        -911.6632517        -1579.204527                
O              155                                                      
    -8.208909786        -2.575517476        -1.378276657                
    0.6184231954         3.216056071         6.055656119                
     5043.640909         4983.199696         8505.871668                
O              156                                                      
     2.103045946        -7.694114406        -5.600339206                
    -3.813222117         3.684090208         6.321888568                
    -6850.414527        -6994.790460         6686.324984                
O              157                                                      
     1.981140860       -0.1620130091        -5.547927614                
   -0.2373256767         4.009645532       -0.7504224818                
    -7896.783507         10157.61329        -704.0585357                
O              158                                                      
    -8.120695851         9.926507184        -1.318574623                
    -7.834663874         4.541543599        -1.061235393                
     357.7652071         5660.622518        -6695.395789                
O              159                                                      
    -8.435062780       -0.1107988448        -1.020196523                
     2.263595132        -5.422789690        -5.391827036                
     16055.57205         10645.87687        -1965.584832                
O              160                                                      
     2.077215108         9.979774700        -5.661831613                
   -0.5183065543         6.852387776        -2.162832673                
     1960.944880         3799.074559         4215.179111                
O              161                                                      
     1.846008851         2.407918786        -5.729937766                
     1.295293670         1.755136031        -4.926197497                
     4430.752811         9564.111603         8880.019893                
O              162                                                      
    -8.019639835         7.390291053        -1.101988101                
     1.272418744        -1.067196288         5.778997623                
    -1724.390305         17611.84702        -2701.990847                
O              163                                                      
    -8.243048878         2.401396078        -1.146147726                
     1.051116277       -0.3375526557         4.074313344                
    -1587.490892         793.4989227         1053.272752                
O              164                                                      
     2.132389440         7.487076341        -5.706006164                
     4.685539157        -1.534110173        -1.463231786                
     2124.476712         3500.409466         2408.524787                
O              165                                                      
     6.132736548        -2.610271464        -5.294641076                
    -2.134039321        -3.022687910        -8.350886707                
     14049.77641         10193.69776        -165.0743528                
O              166                                                      
    -4.008819762        -7.654798523        -1.559832405                
     7.733347634         6.399931177        -5.071062159                
    -389.6648402         15617.59594         7418.965631                
O              167                                                      
    -3.888269332        -2.491229724        -1.159165929                
     4.242444784       -0.3024754731         9.648844306                
     3363.612444         7958.868986        -9710.927287                
O              168                                                      
     6.250268177        -7.592344520        -5.484465718                
    -9.029205172        0.3595152245E-01     1.273372967                
     3491.748213        -24299.42443         16257.30877                
O              169                                                      
     6.105367179       -0.1476260801        -5.496188800                
    -8.450095445        0.8617009214E-02     3.347171203                
    -225.9215843         21346.64530        -2848.487247                
O              170                                                      
    -3.852547100        -10.01161951        -1.279777103                
    -1.147482745        -6.381388752        0.1032598457                
    -1846.470054        -17245.26867         12414.10041                
O              171                                                      
    -4.020035480        0.4182486515E-01    -1.181708527                
    -1.438541663         3.452954191        -2.765568358                
    -2759.804922        -12211.63456        -6376.885501                
O              172                                                      
     6.233606531         10.00022114        -5.579880596                
     4.213361214        -2.693772692       -0.3766974249                
    -5901.642799        -1779.580004        -8593.178805                
O              173                                                      
     6.140512383         2.472288766        -5.578854239                
    -2.888773906        -3.299171041         1.632781581                
    -1069.863999        -18756.79701        -19304.21870                
O              174                                                      
    -3.800365324         7.628137456        -1.149384584                
    -5.149216483       -0.7618218366        0.9388035413                
     3308.715482         5711.221908        -5530.217143                
O              175                                                      
    -4.153575235         2.525776125        -1.137348782                
     4.063963346        -3.499054766        -2.869076643                
     3557.973731         203.9058166         9903.916524                
O              176                                                      
     6.374639454         7.469461425        -5.929569118                
   -0.7643702658       -0.6910157375         2.864075979                
    -20296.37302         8568.653053         8667.611855                
O              177                                                      
    -10.07412647        -1.090704352        -2.628697949                
   -0.9536646378        -3.742683199        0.3518728467                
    -11018.62010        -992.0581297         1120.618357                
O              178                                                      
    0.2343988142        -9.052891925        -4.293412453                
     2.915413525         6.040462266        -5.320196937                
     4566.880335         3806.951600         6192.188555                
O              179                                                      
    0.4911080820E-01    -1.214743854        -4.178423007                
    -3.831886027         2.135643936       -0.7768143253                
     4142.006360         5315.414923         2369.304610                
O              180                                                      
    -10.08554746        -9.158842776        -2.601051302                
    -3.807973035        -2.590362634         3.249081770                
     8854.951921        -2324.704658        -8981.536665                
O              181                                                      
    -10.07598852         3.147342541        -2.691488297                
     2.577762045        -5.229155854         2.932420434                
     7090.537737        -4721.115201        -10004.68749                
O              182                                                      
    0.1358502978         7.014797337        -4.213993936                
    -2.999816204        -4.354999156         1.676749728                
     32416.79474        -9490.036796         7072.396817                
O              183                                                      
    0.7496050314E-01     3.106820725        -4.109380229                
   -0.4051068628         5.514049000         4.239283755                
     4660.978098        -5160.268046        -3924.146231                
O              184                                                      
    -10.00089437         7.094187399        -2.743790713                
    -4.866097396        -3.523697297        0.6989440350                
     14817.22220        -7335.979564         2535.429154                
O              185                                                      
     1.604521171         5.046785920        -4.754697566                
    -2.377044312         2.060834039        -3.852538661                
     8738.484409        -8457.341143         2419.395050                
O              186                                                      
    -8.463373156         4.998196131        -2.212028870                
     3.092057941       -0.2197858022        -1.739595645                
    -1855.771352        -2238.947721        -1740.171682                
O              187                                                      
     6.411882648         5.004963925        -4.710396017                
    -3.085051540        -3.027520510        0.9060975322                
    -3993.924095         1380.326073         258.1877040                
O              188                                                      
    -3.621756533         5.041143891        -2.077322850                
    0.8320554138        -2.046352734        -1.675316238                
    -3844.908454        -9082.460005        -8741.614084                
O              189                                                      
     5.960486394        -5.073204516        -6.327858574                
     7.223236531        -3.980383645         4.869447357                
     4262.175286         7579.636252        -5054.218442                
O              190                                                      
    -4.102581167        -5.113262813       -0.6348479948                
    -2.638315487        0.1519488511        -1.834517974                
    -13558.66197        -2626.735501         7096.379221                
O              191                                                      
     2.225607777        -5.149300585        -6.451213605                
     2.534073179        -1.904963127        -1.324197787                
     540.5540044         6910.461546        -7233.836402                
O              192                                                      
    -7.967598202        -5.105137665       -0.4491930084                
    -6.516465750         1.598735246        0.4913645673E-01            
    -3685.916379         13383.88963         6216.042710                
O              193                                                      
     7.553716331         1.093171765         3.553987581                
    -2.076655280        0.9373025618        -1.426118671                
     5464.504604         4319.006208         245.5093406                
O              194                                                      
    -2.562162734         9.022589270         3.356684857                
     7.867632237        0.7281351012         3.120086699                
    -1142.081561        -5552.606896        -741.2345030                
O              195                                                      
    -2.470198611        0.9261332279         3.262361933                
    -1.207440889        -3.859947997        -6.015602610                
    -6658.635626         10159.38781         9259.004289                
O              196                                                      
     7.685549162         9.008643793         3.317514031                
    -2.535377053        0.8268416328       -0.3790014682                
    -14677.50585         2959.797727        -6004.864966                
O              197                                                      
     5.998599358         1.023658323         5.746541628                
    -5.517416848         3.841657591       -0.9421670199                
     840.0974493        -3310.883855         9823.486538                
O              198                                                      
    -4.032192211         9.046367746         1.109250738                
     1.901830916        -3.855659605        0.3447549257                
     9407.623457         3663.199295         12109.98052                
O              199                                                      
    -4.167378691         1.036349376         1.171225526                
    -4.736940011        -7.929262584       -0.6248249933                
    -3636.856737         5835.351782        -20973.27263                
O              200                                                      
     6.227379378         9.140869930         5.563678550                
   -0.7629530506         1.687511144        0.4721050590                
    -2054.345805        -3852.032085         4928.876018                
O              201                                                      
     6.170229037        -1.119839270        0.4076209095                
    -1.523351578        0.8691701054        -5.636988713                
    -15492.21615        -2709.789101        -1613.171233                
O              202                                                      
    -3.962223919        -8.922378528         6.390517798                
     3.149401883         1.374532735        0.8791802631                
     9269.180470        -12068.42140         10496.03531                
O              203                                                      
    -4.025664426        -1.377636476         6.500775839                
    -1.886486197        0.4822855081E-02     3.467478832                
     6566.110218         16689.41869        -1493.699551                
O              204                                                      
     6.117336352        -8.820940833        0.3228854451                
    0.6380401757        0.9390484339        -4.780138068                
    -2154.494791        -4290.161879         6558.379335                
O              205                                                      
     1.913908967        0.9228771494         5.623871843                
     1.493182201       -0.8432538903         3.061373428                
     9801.966023         2300.308140         19442.15060                
O              206                                                      
    -7.939618110         8.945638919         1.156703762                
    0.7197499166         2.127059411        -3.413477482                
    -777.0457532        -1180.819433        -31019.30490                
O              207                                                      
    -8.168021502         1.065417995         1.195888489                
     3.284672894         7.071520595         2.451437162                
    -4577.075083        -3405.830328         19123.77698                
O              208                                                      
     2.068727529         8.976000322         5.550504790                
     2.078365201        -2.955610314        -2.515513863                
    -20543.72200         9314.697782        -22302.54975                
O              209                                                      
     2.508343165         1.121302164         3.110547312                
    -3.640098526        0.2710883602         1.892279327                
     9995.408308         1583.096783        -10585.64985                
O              210                                                      
    -7.619891299         9.023899131         3.670185529                
    0.7674520845        -6.655304240        -4.432095140                
    -3082.305211         3614.346530         2332.931095                
O              211                                                      
    -7.623562377         1.009029350         3.787895664                
    -2.601274580        -6.262214442        0.2266417039                
    -18932.62120        -323.8709891        -25062.19955                
O              212                                                      
     2.556422540         8.981825066         3.057072132                
   -0.1206496943         8.163617212        -6.904518847                
     1413.148919         731.2788469        -10054.05272                
O              213                                                      
     5.046540443         1.099944159         3.377685388                
    -3.680995076        -7.121584803        -6.525267613                
    -13839.69479        -1915.068673        -8657.773204                
O              214                                                      
    -5.121674051         8.868742380         3.538393990                
     3.233807915        0.1371378657       -0.4550619485                
     3206.340715         14721.31328         1457.670486                
O              215                                                      
    -5.020693604         1.031019040         3.560752827                
     2.538653933         6.502657049        -3.679101537                
     5058.909885        -13091.22617        -7308.333332                
O              216                                                      
     5.119667598         8.945818477         3.224678762                
    -2.644997367         2.128711192         4.124377444                
     11771.33618         13716.05112         9149.733280                
O              217                                                      
     7.498154352        -3.148440942         3.279150044                
     2.949932596        -4.957859793         4.056646393                
     7642.797175        -586.4822997         8959.121372                
O              218                                                      
    -2.748773523        -6.952445508         3.325989799                
    -1.522375689        0.3204813856        -9.258444895                
    -1538.527997         3795.734786         4758.726680                
O              219                                                      
    -2.633023185        -3.189917651         3.559953138                
    0.3043616923        -1.951005304        -6.326176350                
     4956.027145         8446.464856         4784.317757                
O              220                                                      
     7.527208944        -6.897584984         3.336492728                
     1.874024298         5.053070572         6.454993790                
    -888.0821623         4359.221585         2747.334432                
O              221                                                      
     6.124121534        -2.999050916         5.670258154                
    0.3899509949        -5.778368985       -0.6397796994                
     4439.724360        -1171.447278        -11603.52383                
O              222                                                      
    -4.087363192        -7.031933703         1.035686707                
    -1.818931992        -5.266434883         2.194275753                
    -15138.80999        -7897.267122        -8193.581088                
O              223                                                      
    -4.056122848        -3.337436118         1.326624698                
    -2.049607154        -1.877520708        -3.398126442                
    -2848.364205         8032.260279        -6005.116390                
O              224                                                      
     6.179278114        -7.087977979         5.607892874                
   -0.7851609725E-01    0.3720005257E-02    0.3969814669                
    -5269.607238         1186.486655        -1479.766742                
O              225                                                      
     6.212690212         3.274021988        0.1790537358                
     1.924864259         7.794172529         2.116188639                
    -14947.23972         8551.745812         8966.260844                
O              226                                                      
    -3.862336116         6.754836891         6.304920837                
    -1.356135344         2.208830880        -3.106195330                
     4902.988057        -4405.248015         5367.686383                
O              227                                                      
    -3.971613686         3.331737938         6.363391081                
    -1.167105452         1.645807218       -0.9838460352E-01            
     25683.61187         662.5622668         4137.985002                
O              228                                                      
     6.186368594         6.731731394        0.2441615923                
     3.220293899        -3.777360845         5.424181552                
    -10641.28905        -7587.165808        -6878.840777                
O              229                                                      
     2.016849383        -3.145411796         5.514253270                
    -1.785242477        -1.450697537        -8.229939461                
     3701.215617         3408.577801         424.9867704                
O              230                                                      
    -8.166079796        -7.090861098         1.159966140                
    -1.255731279        0.4228822187         1.439916869                
     9313.543213         6682.260588        -17246.49958                
O              231                                                      
    -8.029137415        -2.982853960         1.237228584                
     3.808847933        -4.503557527         1.473451164                
     568.0654762        -18411.49675        -15578.40480                
O              232                                                      
     1.906985445        -7.085619312         5.502255220                
     2.921919701        -2.181465018        -2.884367743                
    -5780.518282         28.39790541        -9716.386568                
O              233                                                      
     2.506578849        -3.162240437         3.005311732                
    0.7324948330        -2.010270459       -0.3567012471                
    -15652.14468         5570.707505         13536.89290                
O              234                                                      
    -7.718250224        -6.973878194         3.714451087                
    0.5364865419        -2.774287488         2.586679614                
    -187.4398713        -6581.495211        -9561.415385                
O              235                                                      
    -7.664416815        -3.034236223         3.779705824                
   -0.4551025549         1.636856415        0.8443971726                
     895.1239726        -14215.08407        -5994.288062                
O              236                                                      
     2.440730013        -6.995002996         3.059286327                
     4.545570666        -6.084142472       -0.3027258714                
    -8986.591565         7454.572891         2636.155895                
O              237                                                      
     5.046123144        -3.065137269         3.254966742                
     5.115413363       -0.1686051225         1.363555803                
    -10309.76378        -3220.231227         3401.721658                
O              238                                                      
    -5.257544453        -6.981445969         3.359293342                
     1.886697036       -0.9222294183       -0.8002414026E-01            
    -5349.574026         2812.497421         5190.609816                
O              239                                                      
    -5.132944796        -3.086330446         3.653213152                
     6.293195218         2.114371175         7.453781817                
    -4608.918535         2601.704116        -7001.425970                
O              240                                                      
     4.982776777        -6.980373598         3.273337993                
     2.977884460         5.211391304        0.3339645795                
     11359.21249        -9724.887937         10472.67503                
O              241                                                      
     6.339991505       -0.9860155761         4.144887271                
     10.36073559         9.088555846        -3.577080836                
    -6340.052813        -6219.802198         2566.883696                
O              242                                                      
    -4.016794484        -9.145198259         2.615309676                
     3.162358133       -0.1455513057       -0.9507584748                
    -1677.040710         13491.53746        -1439.688208                
O              243                                                      
    -3.812691629        -1.090232961         2.531975906                
     4.080879751         4.799151498        -1.928986573                
    -9252.667943         4469.889844         8239.967840                
O              244                                                      
     6.383899267        -9.094533188         4.041473877                
     6.325170224         2.746657902         5.698339892                
    -8465.467617         9110.511863        -6433.380041                
O              245                                                      
     1.505601089        -1.024593032         4.013071455                
    -4.058989923        0.7144979045       -0.9576815440                
     2199.506761         2260.825556         783.1797124                
O              246                                                      
    -8.749856826        -9.155006422         2.499660826                
     2.070186655         1.662099924        -6.792871660                
     17619.63075        -13098.76216         9510.589725                
O              247                                                      
    -8.658752485       -0.9950090846         2.698868023                
   -0.9479333672       -0.3828452284         1.100266619                
    -5094.191962         32856.45074        -3351.962738                
O              248                                                      
     1.474602576        -9.089171628         3.997980889                
    -1.253527248         1.948849294       -0.2739782961                
    -3615.391253        -10021.53780        -516.6535076                
O              249                                                      
     8.338687640         2.505414800         1.489191184                
     1.825168621        -2.610605101        0.6546798132                
    -6429.294950         3895.202503        -9756.348501                
O              250                                                      
    -1.674283331         7.465578587         5.272392498                
   -0.1754313142        -3.858090813       -0.4574175211E-01            
     1529.314390        -7887.143972         20228.98968                
O              251                                                      
    -1.796042893         2.464434443         5.378227573                
     2.612393101         7.082112597        -1.453278390                
    -4018.091575        -4948.433451         2146.432778                
O              252                                                      
     8.356172114         7.498387761         1.209068438                
    -4.979394831        -1.146756824        0.1750634513E-01            
     1838.960599         22749.56239         17071.17090                
O              253                                                      
     8.240504945        0.3651710375E-01     1.439505052                
   -0.5522576115        -4.608650663       -0.6538109676                
    -3783.510876        -3125.584183        -9014.353640                
O              254                                                      
    -1.912098756         9.984042260         5.490895617                
    -1.781959358        -1.543428452        -2.935219511                
     6050.253254        -15695.75330         7297.962321                
O              255                                                      
    -1.919023180       -0.6057959908E-01     5.491608435                
     1.312649361        -4.390455041       -0.5047876546                
    -8928.033148         4586.348675         15742.07093                
O              256                                                      
     8.268848138        -10.08878657         1.130379797                
    0.8657324884        -3.919453833         4.149216463                
    -6880.326110        -70.76313014        -3299.392988                
O              257                                                      
     8.305322615        -2.452081883         1.071353421                
    -1.144622437        0.5640908327        0.2582172780                
    -6268.156495         5672.938916         1560.453008                
O              258                                                      
    -1.994477788        -7.685804873         5.550830274                
     7.290598987       -0.6213577292        -1.370620649                
     3325.219051         1780.686537         13427.02535                
O              259                                                      
    -1.863933025        -2.475514206         5.809627316                
   -0.5215682097         10.29786800         1.625252575                
     4945.515061        -17957.12818        -802.7828300                
O              260                                                      
     8.198195872        -7.511244776         1.102834072                
    -4.188375942        -6.871943697        0.8686308657                
    -5142.954983        -7723.695823        -10632.15052                
O              261                                                      
     4.131496978         2.554779722         1.429201069                
     2.110066672       -0.2960315351         6.725135496                
    -11543.43478         1908.690813        -1035.171955                
O              262                                                      
    -6.256863989         7.572534950         5.503988216                
    -2.642267836        -1.461003735         5.127902448                
     13557.40303         14036.64566        -6907.027018                
O              263                                                      
    -6.110172900         2.507185416         5.292996743                
    0.3150843523        -2.938625751        0.6061074746                
     6665.139481         10549.39633         21582.38793                
O              264                                                      
     4.062047897         7.538625351         1.338325474                
    -2.366166510        -4.408258963        -1.495869710                
    -4175.626509         5680.039803         4193.263283                
O              265                                                      
     4.143582029        0.4180706512E-01     1.313924175                
   -0.5930803302         7.150111273        -3.592250322                
    -9686.909815        -542.2520135        -7357.145370                
O              266                                                      
    -6.105041425         10.07509473         5.555406065                
    -5.743369333        -4.190400067        0.2665777239                
     4965.246040         861.1027759        -1962.673353                
O              267                                                      
    -6.065174612       -0.5307055970E-01     5.519848539                
     6.064869604         1.530745338       -0.7011251207                
     8175.426681        -16446.43003         25092.21878                
O              268                                                      
     4.096508175         10.05051245         1.300124542                
    -2.727493101        -4.590628368         3.371020349                
    -47.05655390         22933.49287        -12406.67441                
O              269                                                      
     4.098885247        -2.467195287         1.137531167                
    -1.435657334         3.621816269         2.528049403                
     181.3503021         8202.541134        -16237.41703                
O              270                                                      
    -6.005485512        -7.571383885         5.643538526                
   -0.5534020085        -1.348456818         3.295440499                
    -1417.318065        -7596.129379        -3250.588759                
O              271                                                      
    -6.147458508        -2.572087043         5.826156532                
    0.6347676550        -4.013991645        -5.307762176                
    -6706.683376        -4158.943613        -12170.04624                
O              272                                                      
     4.013586946        -7.511988800         1.057188590                
     5.169502467        -6.955975685        -2.876093268                
    -2651.354054        -13816.42933         10744.11683                
O              273                                                      
   -0.3658083191E-01     1.045330005         4.089272606                
    -5.439452570        -3.061335015         6.694287275                
     11109.74907        -2101.155210         1448.196752                
O              274                                                      
    -10.11239891         8.893386741         2.522510635                
     4.661716086         5.992679403        -4.018820922                
    -11521.13239         475.6845652        -13035.22672                
O              275                                                      
     10.14030442         1.173153829         2.709884103                
     1.439617006        0.2486364763E-01    0.6172224922                
    -3992.107688        -9118.550618         3945.557178                
O              276                                                      
   -0.1600842821E-01     9.072273280         4.040989071                
    -2.966983295       -0.6833918529         1.343323113                
     7748.242702        -5490.279422         670.7447257                
O              277                                                      
   -0.2849608132E-01    -3.060136012         4.204945427                
    -2.222964347       -0.4972616189         1.254696810                
    -1452.493062        -10107.43452        -5438.450202                
O              278                                                      
     10.08832344        -7.055563536         2.645625136                
     1.722108013        0.7971064401        0.4349955587                
     11076.02241         10924.83410         1051.813829                
O              279                                                      
    -10.14081273        -3.038973218         2.648161073                
     2.309499819         1.281210614         2.438647900                
    -10809.66219        -13042.88497         1938.591287                
O              280                                                      
   -0.2046611231        -7.107489443         3.963749425                
     1.135976310         5.804634863         1.554290007                
     11760.22212         14864.10509         6846.403482                
O              281                                                      
     8.674358830        -5.005999400         1.920791963                
     2.025946121        -5.689386516         7.778496246                
    -1430.945756         5251.249859         15335.76178                
O              282                                                      
    -1.616317011        -5.074268563         4.778506186                
   -0.5176699710E-01     5.041746570        -2.945061008                
     10258.92864         9371.887728         3332.471116                
O              283                                                      
     3.841107690        -5.015104692         1.990649590                
     7.220477050         3.837904275        -1.167718083                
    -2119.270235        -6975.177842         13145.49021                
O              284                                                      
    -6.327252034        -5.013811996         4.808983893                
    -1.820633730         1.810505378        -10.19619238                
    -5792.575179        -35472.73637        -17565.07577                
O              285                                                      
     4.302658103         5.057265476        0.3637645909                
    -2.537293680         3.977810064        -4.522010530                
     7137.228811        -10215.74247         5621.044525                
O              286                                                      
    -5.772177807         5.073968237         6.222435854                
    0.2884364766        -1.797796842        -8.572846889                
     12792.77392        -12415.35298         3331.502367                
O              287                                                      
     7.937407317         4.933312293        0.4660378433                
    -4.945812494        -6.208974550         3.767233612                
     2269.712566         28366.63333        -7010.002647                
O              288                                                      
    -2.067575766         4.943478407         6.406890566                
   -0.9874442904        -4.065920052         1.641684858                
    -1241.946857         20529.24297        -1584.526754                
C              289                                                      
    -1.770382472         4.705199408        0.6790800277                
     2.863743877        -1.191213025       -0.8492455522                
     57.77887221        -23.61300027        -22.53871692                
C              290                                                      
    -1.565808337         3.322423024        0.6016677884                
     4.133917677        -1.162158051         1.988395834                
     111.6584481         11.35139310        -15.10101254                
C              291                                                      
   -0.4096649850         2.818787680       -0.6348648477E-02            
     4.395494091        -1.356640353         2.646878022                
     57.77387194        -55.34822895        -99.04775118                
C              292                                                      
    0.5419042330         3.697928719       -0.5369528463                
     3.386896708        -1.580177629        0.4677188275                
     173.0083701        -70.25700305        -88.02237725                
C              293                                                      
    0.3373300975         5.080705104       -0.4595406065                
     2.116722908        -1.609232603        -2.369922560                
     77.27840012         6.901978369        -147.8974584                
C              294                                                      
   -0.8188132545         5.584340448        0.1484758302                
     1.855146493        -1.414750301        -3.028404750                
    -26.21802077         74.65175782        -152.9489305                
H              295                                                      
    -2.662264487         5.093718102         1.148121280                
     2.661956357        -1.041183820        -1.357217528                
    -139.9427535         16.72268004        -127.9684555                
H              296                                                      
    -2.299882181         2.644209851         1.010994765                
     4.911997311       -0.9897129262         3.669502878                
     743.5322392         618.9528031        0.6161627691                
H              297                                                      
   -0.2518568137         1.752055811       -0.6606292372E-01            
     5.375361248        -1.334224433         4.835957046                
    -168.8635792         9.942597369         70.20891265                
H              298                                                      
     1.433786248         3.309410024        -1.005994098                
     3.588684228        -1.730206833        0.9756908022                
    -488.9065946         234.4739908         115.5750434                
H              299                                                      
     1.071403942         5.758918276       -0.8688675834                
     1.338643274        -1.781677728        -4.051029604                
     192.4164055         49.33925120        -89.46520025                
H              300                                                      
   -0.9766214242         6.651072316        0.2081901047                
    0.8752793367        -1.437166222        -5.217483771                
    -109.1527969         1.308354199         67.25530723                
